1236501698987712515
1236782582945193984
1236529897356562432
1236724252461731841
1236484323013881858
1236670079032418305
1236443411403747328
1236794608874635264
1236634185013637122
1236799935355510787
1236658268065456130
1236789255898161153
1236657498112905218
1236507945761935361
1236467226473095168
1236794133710344192
1236705283419734016
1236634433043804160
1236530341688442880
1236730360995745792
1236771400653901825
1236592938764943361
1236800208387952641
1236536616727928837
1236454632244871168
1236472218311217152
1236623245794828288
1236789102860779522
1236640454713753601
1236576854661689344
1236575831318642690
1236552879797727232
1236628724314976256
1236479243506368512
1236519468362272769
1236705294207660032
1236507819672834050
1236729441243541505
1236735221594304512
1236717916503937024
1236729479210426369
1236478199628009473
1236513790801465344
1236546935076450304
1236646936096145408
1236604791528144902
1236588185964036097
1236478571478011905
1236542314941734913
1236587940471431170
1236693260862709760
1236541828221915138
1236588161867943936
1236541536218894337
1236617211193602054
1236495810432385025
1236473351079694342
1236455621349773314
1236610575301476352
1236718193349189632
1236788934035869696
1236646242941374464
1236800359777132546
1236705692637069312
1236479226792087553
1236705923638452225
1236711544278249472
1236681802158419969
1236536354105774082
1236800421211054082
1236553163961815041
1236512915894624258
1236569789864132609
1236605831791214592
1236694218833305602
1236518514414030848
1236699624808894465
1236699151078797314
1236558623641223170
1236558205561364480
1236748148124585984
1236705231968309249
1236801176466849794
1236587877619732480
1236529660655271936
1236759557407309824
1236688274959134720
1236753676133433347
1236605874962984960
1236640871795298304
1236558497589821443
1236645371247386624
1236530887111696384
1236611180975751169
1236800854486921216
1236508078255665153
1236704941982584834
1236587537529012229
1236640118930378752
1236507499353632769
1236758830236696577
1236611201259294721
1236687569481601030
1236472788384448512
1236645672553787393
1236599952329113601
1236748201866285056
1236483280540762113
1236676808071880704
1236717916860497920
1236730037455511554
1236575645490122752
1236646126268317697
1236564546791395328
1236611180141002752
1236740901692755972
1236622511845961728
1236694206187520001
1236699440351715330
1236694317739065345
1236651242702528513
1236444144198811648
1236599965163675648
1236449628091863045
1236593928662470657
1236600119958605825
1236800178377625600
1236640119039418368
1236645732230275072
1236622419324030977
1236588277609742336
1236455083543535617
1236765076268425218
1236682867557556224
1236524126506024962
1236699679418540032
1236771304562360320
1236461089220591622
1236800145867636736
1236741865279574016
1236765954429911051
1236472662014246913
1236633862597414912
1236777327192944640
1236570407844659200
1236753735860150272
1236501119825666048
1236467394916134912
1236788845284339718
1236449635650207744
1236729136166699008
1236652573681164289
1236670544512253953
1236676664433807360
1236564664802136066
1236652296597110784
1236754229886361600
1236729281646133249
1236800895897292800
1236788742238679040
1236588303878512640
1236576737854701568
1236634217502695429
1236490995728101376
1236663729422503937
1236501351896690688
1236570423204012032
1236627872871309313
1236443951856594945
1236598790334959616
1236449026490290176
1236759976376492033
1236587522378977280
1236490521658310658
1236502320239636482
1236794353437171712
1236776619060219905
1236657655495696386
1236490143470473217
1236753718625873920
1236747912652050433
1236706259518160896
1236651688204947456
1236536385911300097
1236449468058238976
1236582498018242560
1236563955226533888
1236467301140041728
1236682847437520897
1236794259812073473
1236639893893394432
1236495412199976960
1236724086660882432
1236461845139066880
1236535606781644800
1236611250844393473
1236484402882007040
1236705022890717184
1236669455494574082
1236646662610784258
1236675729552744448
1236502278451970048
1236570176281174016
1236506951133081600
1236765156975284224
1236478828903649281
1236593032109207554
1236699913896857600
1236794470735024128
1236472879535009792
1236777072208601089
1236705668754636800
1236704849816743936
1236771547697774598
1236663284788535298
1236501992656138240
1236530540431331333
1236699675635392513
1236605580124487680
1236795255711645696
1236588571357675523
1236706103926370304
1236651955750985734
1236794373943308288
1236455574784684032
1236759342231085057
1236558301497823232
1236718088407613444
1236770877003440131
1236547667246731264
1236587884213424128
1236782743712907265
1236640333166817281
1236747896843898880
1236799913645596672
1236718616340582400
1236508047817592839
1236496187760525313
1236705446582341633
1236676224719740928
1236676492345724928
1236508041471762432
1236622051072307200
1236529784106225664
1236645807073312768
1236681681601548288
1236752670280433665
1236558396397998080
1236765899035729920
1236651804852736007
1236705499653029890
1236704912601300992
1236467158940606464
1236729098631876608
1236448948081975296
1236616738038517762
1236765512761303042
1236718138810564608
1236782637139795970
1236605025977126912
1236467571311984640
1236519614818877442
1236489922174955520
1236552992943292416
1236634285462994945
1236611237691129858
1236758793356226569
1236461831641796609
1236507874492383237
1236704909204033543
1236449300789542912
1236723904778874880
1236723200601571328
1236694456293826575
1236512446539542529
1236576933309304839
1236753596626206720
1236472528903733250
1236675461687717889
1236658441021804548
1236783111616135168
1236759067101728768
1236484491012706304
1236694394184466432
1236628137607417859
1236694151351218177
1236622897558573061
1236598735804628992
1236652581130309633
1236459623143464960
1236789119008694273
1236794008929816578
1236705080084172801
1236789583947464711
1236676681156321280
1236622982153490432
1236594063043727360
1236484090741903360
1236444250428059649
1236771158260768768
1236706103666388993
1236754003071045634
1236593442534428673
1236575918065250304
1236651620307525632
1236635145186115584
1236542390342582272
1236764862589566976
1236541761603821569
1236444522638434306
1236501012640174080
1236724128629043201
1236541662370897922
1236599002390503424
1236575592180572160
1236605770248183808
1236705000975405089
1236605873188777990
1236524810534035456
1236565277183262720
1236507944050712576
1236605022743547905
1236705798119665664
1236788270685720582
1236461343085137920
1236735728178126851
1236501951141097472
1236530385846239232
1236716737531392000
1236646884720005123
1236582076582748160
1236605749100335104
1236693319712829440
1236788904407093250
1236518910725406721
1236477946354950144
1236663981571551239
1236622846891352064
1236454886780407809
1236553226486497280
1236587988991131650
1236639549293334528
1236652560376791047
1236729693778386944
1236693194869329921
1236599963813056513
1236800703382925314
1236669387643457536
1236622328286437376
1236542174621122562
1236777613957500929
1236723599194669058
1236676681592492033
1236587737559556096
1236675910926872577
1236723172050788352
1236729186376495105
1236496336112898050
1236657974166335490
1236564813465206784
1236477959797522432
1236657652731711490
1236658251548278787
1236467890406203392
1236795341699256326
1236634819221762048
1236657324225220608
1236724556662018049
1236495675749208064
1236658146967539719
1236800439879897089
1236466176269705216
1236724424872730627
1236576429208244224
1236717621623447553
1236645698826838016
1236456140096942081
1236611748901224448
1236485244179578880
1236717966538014721
1236461350823407616
1236564278322368512
1236729681145212928
1236489891590090752
1236736034878021632
1236741206035628033
1236593907078770689
1236741512408510466
1236783594858659840
1236706252014653444
1236479422557032448
1236541876666236928
1236570500979187712
1236582414165643265
1236746680843882499
1236753215565201410
1236477998259462145
1236735327412326401
1236530992413900800
1236645382953803776
1236536563884068864
1236502198361546753
1236553463598850049
1236610967280246784
1236547898827067392
1236795035737378818
1236611916543344646
1236536119262470144
1236746709700665344
1236646508407197696
1236729748404887552
1236593710554468353
1236480768609787905
1236587775316508672
1236771687099760642
1236575509724532738
1236616498208075778
1236587670555570177
1236524348501942272
1236530816739463168
1236676085938454530
1236495786592083969
1236547336991637504
1236754220986097667
1236444653022359552
1236729241506480128
1236704833245085696
1236559097757085696
1236782780165521409
1236617450462089216
1236800398322593793
1236461379751522304
1236490436874813440
1236657303178350592
1236490769227067392
1236617574508609536
1236634818395295744
1236605866964471808
1236449589705822208
1236524252511105027
1236456100100214796
1236799906527895552
1236581751994155008
1236541869108203523
1236443993472413697
1236548001289490432
1236747284362166273
1236730212911648772
1236611459884281856
1236699134146441216
1236699040466833410
1236490970927181827
1236443892892995585
1236776845628051458
1236467377526587399
1236675493799346176
1236600116406038528
1236541546721193986
1236558921432616961
1236472684533428224
1236501104088793089
1236759334446493696
1236800733061636096
1236587837794836480
1236777755494105088
1236455587619041280
1236740925998673922
1236788815802621955
1236536387404357633
1236676735967453185
1236747511471235073
1236559240833175554
1236444211634978816
1236594032551354369
1236633728400740355
1236657681341001729
1236759569734524928
1236490673148190721
1236735775623901184
1236496041375084544
1236569990603485184
1236495983174995968
1236460965241057280
1236564831710392320
1236449758148825088
1236536047225286656
1236513778851856384
1236570410377871360
1236552567435354112
1236668892983910400
1236794873191243782
1236496277627637760
1236760008920047622
1236795141073129472
1236646700183420928
1236449905096482816
1236484938146492416
1236587923132145664
1236794159190728705
1236605493067632641
1236783833590173696
1236777771852062721
1236472854436339714
1236711775485276163
1236553041941155841
1236688147871756291
1236622558021193728
1236593990671228929
1236641030272954369
1236783440365629440
1236634411350855683
1236558412554489856
1236548108969893888
1236771763104743426
1236479347789193216
1236489792084480001
1236646792692785152
1236693635283988485
1236617219913723906
1236771955497459713
1236558274297843713
1236542016651059202
1236473510471458816
1236711050071982082
1236484406979805186
1236794704664068096
1236449228555157508
1236524604681748480
1236669165517393920
1236729958275239936
1236729373975351296
1236788924405682177
1236547308222898186
1236795196823699456
1236444351573692416
1236747678438039553
1236736216210563073
1236788607303725058
1236711103968706561
1236553596209991685
1236582105032708098
1236542265985662977
1236663570437414913
1236529763751284738
1236576959783677952
1236777799035367426
1236536652211707906
1236729677491965957
1236473397334376448
1236687289637416962
1236622013390782465
1236617508569964544
1236478802286395393
1236681765441261568
1236645652831932417
1236582364152807424
1236746751836655617
1236582522399739904
1236765441873207296
1236770475596042245
1236705438038712321
1236776792259801088
1236634118169022465
1236461807763632130
1236735385658523651
1236553170337349632
1236587293911154688
1236730116195127298
1236467482556129280
1236645359033757697
1236535903046246400
1236547618869633024
1236794737828532229
1236783862983929856
1236484242269446145
1236742162223693828
1236565053018685440
1236711129935724544
1236553628497801216
1236541641638449153
1236513557824577537
1236760014141915138
1236593244491771904
1236640144242819073
1236559521230852102
1236794806824652800
1236693577050316802
1236467792435720192
1236496300914487296
1236472569739350017
1236740816917463043
1236771737376866304
1236490328661798912
1236456288382566400
1236747271854833672
1236599523008487427
1236711289658851328
1236575892115263488
1236570221097476096
1236629026627653632
1236699532651454464
1236456279239000067
1236472310954987520
1236800543126929411
1236485047080943618
1236617338587361281
1236652250573004800
1236530461033324545
1236752979602149385
1236495664185405443
1236565397614276608
1236658389884620800
1236605496548786177
1236717475594731520
1236657840334540801
1236483794779029504
1236770456897761280
1236518263233921029
1236530141511254021
1236616203013062656
1236771435177054209
1236512706028433410
1236628581553451009
1236495576251764737
1236652785728475142
1236576225079910401
1236569992503660545
1236652521726214144
1236747901516177408
1236635083446136832
1236581572297388032
1236723547801890820
1236676433365200896
1236541538768949250
1236461787253530624
1236443582384332800
1236518755259289600
1236724278055317504
1236443091449589760
1236547959556386817
1236535451583950850
1236718414204407808
1236747447378030592
1236495349298184192
1236467164913135616
1236687863703429120
1236461148704104448
1236777030445924352
1236676187243433984
1236640044070211584
1236765839065378817
1236467028665516032
1236628287838920705
1236588136614039552
1236507394542362625
1236693790833983489
1236776644586754051
1236604493124386816
1236443466223120385
1236605236439121920
1236794420734963712
1236461487956414464
1236600107581071360
1236782448777629696
1236635014860812289
1236477071221764096
1236484118046703617
1236498232898879489
1236794152488030208
1236736266357682176
1236693722554757121
1236687368192692224
1236616688398929925
1236788983520247809
1236483869655863298
1236741722148921344
1236472250330742785
1236455584271982593
1236634024514183169
1236693223617290246
1236617471798493184
1236484062329688064
1236694075899891713
1236536361705820163
1236490745235804161
1236507126333243392
1236489820941279238
1236535574372265986
1236645480555327489
1236605148643942400
1236576250191392768
1236536546355863552
1236581481129992192
1236449421451198464
1236640871501705217
1236490135493054464
1236759724739006464
1236599364363194368
1236771918558064640
1236795308857872384
1236724245562040326
1236467550382370816
1236764597736087557
1236658491076403200
1236753513243381762
1236472703260848129
1236547893021949953
1236466573377855488
1236646553940615169
1236676358916407296
1236640613937774595
1236760142986674176
1236513582617001984
1236535356964519945
1236633698390495239
1236795372686716928
1236581376226459648
1236455364226437120
1236622032118276101
1236771078741123072
1236628435721748482
1236754037283971073
1236456119725260800
1236475065660657664
1236611702843510784
1236513292346155008
1236799990531420162
1236651657703968768
1236682416120565762
1236553740322308096
1236611888965922816
1236478219014098944
1236552681579139072
1236519162060705792
1236599130455244800
1236711812529348609
1236758742710079488
1236553154658840576
1236657404009480192
1236688161830404096
1236552946290061313
1236582754114056192
1236776971343978497
1236735182717300741
1236496277602476032
1236490547147296769
1236524691877027840
1236518507141005312
1236646666373079041
1236669199700893699
1236485993152290816
1236640459381866496
1236581313307529217
1236576295124733952
1236729429432438784
1236776954986213376
1236676588353224704
1236687893315211264
1236688161142706177
1236485219810713600
1236472377065779200
1236484633132437504
1236478240153374721
1236765594063491072
1236639738343444486
1236559405472043008
1236628929777106944
1236694003938021376
1236571101133586432
1236740817789878274
1236530298336223232
1236547445414334464
1236484503746629633
1236669307590934528
1236765585184301056
1236599750050250753
1236788708185178112
1236740909838012418
1236519605348204544
1236496679727226882
1236604782330163200
1236758847336972288
1236593604145098753
1236717516681932800
1236494962268782592
1236693010047479808
1236454937002991622
1236794805763674112
1236581989291098115
1236687862889930756
1236485017217298433
1236753226860498946
1236693673036992513
1236530085693231104
1236588028245630976
1236698982262476806
1236675934582984704
1236752736160538624
1236610796492410881
1236771167161266178
1236736308396974080
1236564794250891264
1236558704482238464
1236645894696640515
1236616838299242496
1236455315815706625
1236758638884249605
1236801142857793536
1236783163130744834
1236801198591787009
1236466783034281984
1236771216515530752
1236519060331827200
1236594226621808641
1236519206037815298
1236484461023432705
1236611950471196673
1236627910653591553
1236564061204217856
1236478052072411137
1236467704006971393
1236519454160195584
1236753135802220544
1236513061143527424
1236530041594335234
1236777023462203392
1236553362104938496
1236622201165668355
1236699834570194944
1236651922230296576
1236496708130963458
1236724141086179330
1236553086841180160
1236495772142706688
1236794138319884288
1236652584552640514
1236610553436499970
1236472763059187713
1236502319753117696
1236782944922021889
1236664192062697477
1236776460670689280
1236564365811134465
1236605869133107200
1236723331828604928
1236794461323067392
1236704753620566017
1236753768986947588
1236605615017005057
1236758827757973505
1236670276756279297
1236553519869517824
1236536421831172096
1236747174983106561
1236788275949568001
1236628444441653248
1236490869886332929
1236512643369877505
1236688090049191937
1236687969131560967
1236717873059504128
1236542188714065921
1236576319972007937
1236587783520538625
1236764870877630465
1236693592602796037
1236489774434639874
1236467805320593408
1236506942778019841
1236616409104420867
1236443805278076929
1236575968162168832
1236771304361144320
1236794856900415490
1236698949689303040
1236507492504367104
1236782495682740225
1236512773632188418
1236794486782480384
1236611363532726276
1236711150068301824
1236473509360082945
1236718040651350020
1236651666163859456
1236705166147158017
1236681526395523072
1236699531858923520
1236741470612316160
1236604518411825162
1236588390558191617
1236645439010680832
1236495865021378560
1236444157868036096
1236547849346674690
1236518518691999744
1236496610789490689
1236724245029441537
1236729039047528452
1236616947959091200
1236736173323812864
1236461277901398016
1236657546275913728
1236605399186452481
1236530878207021057
1236507079684362241
1236524121443438592
1236687401440993280
1236783074840645633
1236605115798294528
1236582680059404288
1236742258843672576
1236501026494017536
1236765205541126145
1236466832170680320
1236747062168993792
1236466613370552320
1236657441762193408
1236705056193470470
1236640048524726272
1236663202064162816
1236747220688527366
1236663322776199169
1236605203568381958
1236553106579697664
1236628878178820096
1236547488255016960
1236718188483788800
1236558844324708354
1236776598872915971
1236646465923100673
1236564868922322945
1236502127721267200
1236444187593191424
1236705757036453889
1236466886260424704
1236495651111747584
1236558779044352006
1236593986455756809
1236700064564813826
1236795291946209280
1236593459424878593
1236669153357910018
1236752795161825281
1236764682502971393
1236652593792856066
1236699833911652352
1236640576134467584
1236576057324691456
1236472879715430400
1236605029798367232
1236449609737580545
1236541544611495936
1236734857360953348
1236599388748664833
1236525003467882496
1236479154624835584
1236617597048807424
1236621977089179648
1236622601100734467
1236461108220788736
1236598896345915392
1236682679480975361
1236570265129234432
1236783245750140928
1236471215398637568
1236599570747932673
1236788841580822529
1236530749588656128
1236651671440297989
1236764601943015427
1236736441562083329
1236675410789838848
1236495676185477120
1236518553764978693
1236576433331474432
1236524727931412481
1236783254331699203
1236479180700868611
1236617344996147200
1236628082414497799
1236535450652811265
1236764863675990016
1236621966741770243
1236711833832218630
1236564686843281408
1236587173148753921
1236669840565338114
1236657303287406592
1236571208243507200
1236571233094791168
1236502374870437888
1236629266374287360
1236669836849283072
1236782789401497601
1236800191388438528
1236694414791184384
1236565011733942272
1236524004774723588
1236484888393437190
1236594360541745152
1236668922100736000
1236717314017505280
1236746810233720832
1236646070635003905
1236622341624528897
1236789608341557249
1236782295123742720
1236576115277299712
1236541194315784192
1236489925815611392
1236652282604855296
1236663711777120256
1236605215895412736
1236681820302987264
1236478627103084544
1236478156527173634
1236605496653565958
1236698982576836608
1236443432626745344
1236777127267180544
1236741222447939586
1236617622252326912
1236742360811352065
1236646217624494080
1236467750798790657
1236559006677626881
1236758893235240960
1236535599626096641
1236506762234265602
1236449640209420290
1236628509860061184
1236611132552609792
1236456291977113600
1236507924039639040
1236501757275951104
1236501980329185280
1236611312945254400
1236519550985728000
1236450394403987456
1236576984299421696
1236735296630337537
1236449647759155205
1236535506168659968
1236711205177380865
1236455684214046720
1236512607835750400
1236628627896188929
1236489896648273920
1236776715856179200
1236466647092932609
1236676224610643968
1236759409776304134
1236622717161357313
1236571245321347072
1236765299485130754
1236530796560822272
1236599300093874179
1236484545697812483
1236460875692658688
1236764532397068288
1236682629740544002
1236542073580318720
1236593471885996032
1236777252890841098
1236535879318962176
1236747271657553921
1236723259770535940
1236581718414340096
1236688594346991619
1236675923187023873
1236622198661578752
1236530260130193408
1236699506474758145
1236658461913407490
1236651640947527682
1236748002317959169
1236587302534533122
1236783744561958912
1236771505490534401
1236711670908682240
1236633737468637184
1236693890515849216
1236576711006978051
1236473711017857029
1236518828588351488
1236594192605794304
1236604941872934913
1236782898067447810
1236676412305739777
1236759275092897792
1236730176215678976
1236657702975213570
1236461426287554561
1236753730227318786
1236782378846244866
1236569898479955969
1236518736640634880
1236782599860662272
1236765366275235843
1236466526238236673
1236663192337539072
1236525045058543616
1236675896863490053
1236663934066835459
1236558628234108928
1236616595218337793
1236657518006460416
1236443709081661440
1236553818395029505
1236617255791681536
1236629193389195264
1236688726509617153
1236789127380643840
1236753378102980609
1236604939318657025
1236718495037100032
1236525041124163585
1236593795631681536
1236483915738525696
1236496678519103488
1236658494347997186
1236700126044983296
1236694197316583431
1236699985795842053
1236593390298554373
1236617034697453568
1236640731550416897
1236564023635664896
1236512935750459392
1236617096944947200
1236794869378506752
1236752905174159365
1236729056827183105
1236676206742904832
1236507176434352130
1236712102871564288
1236478403605196801
1236622274230464512
1236681588605366283
1236484879551827968
1236536205652578306
1236747023568822275
1236765240399761408
1236559308298629120
1236770930745135104
1236604568827498496
1236449274935873536
1236800531236093952
1236770884972675074
1236735829332066312
1236694326429626368
1236547684904792064
1236776753827364864
1236711045621616640
1236479063209971712
1236711843478917120
1236604553413492737
