1240341139082936321
1240245962251083776
1240324769150631939
1240115766835511297
1240368045761028097
1240075878819905536
1240357220296134664
1240153721364983809
1240121466844336128
1240352002871185408
1240295266063994881
1240200261047631872
1240200084882505729
1240211543503093763
1240121043668234240
1240239234344075264
1240211778677739525
1240211531695927296
1240166068972331008
1240138210912673792
1240319227799703553
1240127431358451715
1240268225440559106
1240351779998633984
1240165683645878273
1240273925579239424
1240104681000652806
1240273367808315392
1240082074045952007
1240341243974094853
1240076109540143104
1240093809494679555
1240239213431230465
1240234520428847104
1240314236921733120
1240328011003514883
1240143688573034496
1240222045872574464
1240165838558244864
1240250701743362049
1240082279331794944
1240103846405431297
1240227637097910273
1240268280058859521
1240310860582662144
1240314236846452737
1240158557640761344
1240278925105934336
1240216295779512320
1240279378308759552
1240109710159663104
1240138390730924037
1240418415317331979
1240352061105098752
1240222343403798529
1240159006062247937
1240158603484360704
1240250663931645952
1240210818165170176
1240211615242424321
1240098452786290691
1240245039688609793
1240289575932747779
1240211296492163072
1240093067346141185
1240234046342430721
1240087392297639941
1240133152129126400
1240103930593529856
1240407531869982721
1240351713007198209
1240069876879781888
1240245769082470401
1240116001389322246
1240076298254417922
1240313921329926145
1240256430948511750
1240284700784148480
1240314040045326336
1240104761137025025
1240284717024501763
1240153746224697344
1240239880652947456
1240373611740794881
1240216564818784256
1240143365540364289
1240395812158541825
1240305772808015883
1240222540980793346
1240273677909995525
1240228773909295104
1240256204842000389
1240121546645147649
1240228220236107776
1240234641740701696
1240171865806643202
1240250314080415744
1240340803664240641
1240361949789147145
1240246016827408384
1240127087287164929
1240418700190195712
1240401918918262785
1240340933775892484
1240401902241828864
1240166278859337728
1240367718391582720
1240319882144727040
1240357132052189188
1240115200587677698
1240228572608028673
1240234490921799681
1240222008341921792
1240069901806637057
1240305696953991171
1240222817850765313
1240104887012052994
1240289985644974081
1240379659730276353
1240396667578392576
1240396617523630080
1240075749039562752
1240222034895962119
1240256145685651456
1240300647380996103
1240120912764186632
1240356826216087558
1240088134748176391
1240221945808818178
1240295605940957190
1240153741950623744
1240351616642973698
1240211468559077377
1240341273187401728
1240413713657729026
1240313934709751811
1240384710024384512
1240138646939983873
1240402246204088328
1240228643797794816
1240368742024065025
1240239611923685378
1240132741414432769
1240158980535513088
1240380213009276929
1240245496746254342
1240413348539387905
1240256556849127424
1240206267752140802
1240153608001327105
1240301117302616064
1240278744687878144
1240211421952184320
1240075736234356736
1240121198371123200
1240412958087315457
1240279382100492290
1240240106717536258
1240222687898804224
1240143575280648198
1240233727575363585
1240103943058972673
1240279550279348229
1240295471668756480
1240199586028781568
1240127397489528833
1240210876646297601
1240268267270234112
1240115741686300673
1240234427738980357
1240109655939936256
1240346017146515462
1240390279796068353
1240143889710878720
1240239200898895872
1240268548376801285
1240233811469914112
1240081583484424193
1240413755311181824
1240373519382347781
1240284348458336258
1240268338644701184
1240245513267658753
1240424782228750336
1240324475066998786
1240210759788843009
1240098968639438848
1240205361719771137
1240419593866235904
1240239075317121024
1240267915175354373
1240290811549548544
1240261627636834304
1240081461551792131
1240328040447528960
1240121043165028353
1240268296752115713
1240407561955926016
1240075501663858689
1240385120793657344
1240250856940978177
1240407178751737857
1240262596512579585
1240278879077425152
1240116282491535365
1240251213834260480
1240070908448051204
1240390548088897539
1240390321592287238
1240210998729912320
1240285216742219776
1240205587918422016
1240228232756150272
1240268485323714560
1240295957973086210
1240301158863863809
1240379726822289414
1240273560406499329
1240267357244641281
1240222771734614016
1240397011704258567
1240367672573022209
1240104924480000000
1240300471228792832
1240239934885093376
1240367961728311297
1240104823472582656
1240245416748371968
1240115309568237569
1240262806294999042
1240217042298392577
1240295119330226192
1240301171337814016
1240245903539048449
1240324844404846592
1240104110684352513
1240273929710657541
1240166547445829632
1240290048341422093
1240396860713508867
1240070036217303040
1240222033771999232
1240121978478043139
1240205096874582017
1240081947801468928
1240216929379454976
1240346025878908928
1240284495116304387
1240273392831430658
1240158704235937798
1240419166055792641
1240402610965958663
1240166358907629568
1240356842603261952
1240390799713603585
1240222201690959873
1240127494176624643
1240362303113101313
1240319223945220104
1240093683619373056
1240251360228052992
1240418796919230466
1240099035849121792
1240402338273247234
1240300769024319490
1240158762649829377
1240199506467016704
1240233538575724544
1240368398174838784
1240200433458700289
1240328124325343232
1240324672408793089
1240126286183399425
1240285229077725185
1240070338341253120
1240367554926764032
1240390241938296837
1240290379842252801
1240210859877597184
1240227775442640896
1240116165038542850
1240267441063763968
1240257106428780546
1240284503387574283
1240363167785660417
1240407709842845698
1240211447575175168
1240110490245910529
1240121299122507776
1240137602218541058
1240223006460465153
1240088252335493120
1240070711521271808
1240133127093223425
1240319630935293953
1240228421826797569
1240284402904477696
1240423976964222977
1240268326271455232
1240284813753552904
1240211510233792513
1240158528184012801
1240088109389406208
1240093272925667328
1240075564200775681
1240396055054888962
1240357203254673414
1240171601418760192
1240217416048816128
1240290803299180544
1240314530602811395
1240273246165008389
1240310713916088322
1240069818067320833
1240313829973798915
1240115292853825536
1240159485957718016
1240216350292725760
1240126453754150912
1240352057124474880
1240328652853633024
1240300786074042369
1240310831218393097
1240210877019717632
1240158569590210561
1240357069179564041
1240166383997947904
1240245345122021376
1240126751927414784
1240087795252654080
1240121256965369856
1240357560194158593
1240314648097939457
1240239339403001857
1240290790724657153
1240251406277378048
1240171043504787457
1240368184047415297
1240132661261336578
1240424993273417728
1240407448613048320
1240216912979787776
1240261791395000320
1240407663596449793
1240279499482238976
1240257236431187972
1240211027981205505
1240310734497681408
1240239528171851776
1240319618058723328
1240233953937616896
1240109406601089024
1240324471170318337
1240379357744562176
1240346650570301441
1240098628854743041
1240314320896036864
1240154019122892800
1240319320841834496
1240217025332400128
1240137505921552385
1240093704691437568
1240407562320777223
1240367466821410820
1240341047072391169
1240328447110426624
1240087686020399105
1240279625353363456
1240418947893256192
1240379282288975879
1240144174688751617
1240239758942457856
1240362660035772416
1240305848473341953
1240412874369007623
1240424870237868032
1240081767886802944
1240356914065801221
1240362064876634115
1240256074503974913
1240099132175536129
1240334210486935552
1240279508399329280
1240158632936792064
1240379060016070658
1240279072141426694
1240223267111219200
1240412834758111234
1240295970568634371
1240413272874127360
1240351348400537600
1240109970487685126
1240144057546018816
1240144279890247681
1240148780441309184
1240333535099183107
1240268430881636357
1240222423879843840
1240228522184097793
1240148738095616002
1240257207289221121
1240110058232516609
1240234658492633088
1240239654076583938
1240171111268130816
1240099391987314688
1240131931590791168
1240138214976958464
1240340706922766336
1240092777976823809
1240159442311811072
1240333409278402561
1240256984844079106
1240295832286617600
1240250399669485570
1240120967231406082
1240126802363920386
1240087992242405376
1240295735859580928
1240396285611511814
1240166614856798209
1240395791094726656
1240324688750039042
1240070396868730884
1240319161374474241
1240200458016157696
1240290350322921473
1240385288553168896
1240210910255312896
1240310449310175232
1240159433608630274
1240273489271152645
1240159400322404353
1240328036337111045
1240300861320028163
1240284625248845824
1240256145639514112
1240081784685002752
1240334097152716801
1240374467240415232
1240385732696473600
1240132460354174977
1240133139843989504
1240379990853799938
1240319714062225418
1240284683910471681
1240228186920812544
1240385586508132352
1240340572948377604
1240379441655754752
1240223120461619200
1240099505481154561
1240278727877148674
1240137740483809283
1240110368430665728
1240082606676422657
1240351804984037376
1240153511670800388
1240362207482798080
1240295617428992000
1240138705836347393
1240407738557042688
1240425004313042945
1240070908737458182
1240222864407592961
1240250760706883585
1240121563208450054
1240341017804582912
1240075983866056704
1240413810038620160
1240087689614917634
1240245127253286912
1240109579989422080
1240328304424554499
1240306016199135232
1240116316293533696
1240295986762743809
1240143742700576768
1240385179300085764
1240171635262590976
1240199438846627840
1240346617309540355
1240413516122783745
1240340841102630912
1240419127925374978
1240284700809334785
1240166106557493249
1240222109378531328
1240110142026387457
1240082178593021957
1240233354160533505
1240205785180889089
1240104752567840772
1240081847209476096
1240407367310872577
1240081717320441858
1240166207338274818
1240301196780298243
1240126806407200769
1240351507498713088
1240121038983376898
1240098784329134082
1240352094751784961
1240132661454258180
1240401671479582720
1240273984333025280
1240104979131662337
1240098515289870339
1240374211283013632
1240245030964596736
1240379458617585670
1240261791378280448
1240144195714781186
1240093776095391745
1240273707345629185
1240240249663414272
1240295786145087488
1240391026147233797
1240070870942527489
1240115179448340483
1240153788134105088
1240143818474823680
1240070178685308929
1240210721520132096
1240143969633341440
1240244598967906305
1240217562626936833
1240216761695338496
1240075543309058051
1240284335716085764
1240395887416954880
1240262592586604545
1240256502482567169
1240314190868422659
1240087459490336770
1240132845852594176
1240171949814190086
1240205630100701192
1240314576760999937
1240132388849618946
1240402048933408770
1240099186504355840
1240127477105688578
1240395824535932929
1240328418073260033
1240217226835345410
1240093063260672001
1240223191504572416
1240363058830114816
1240305588455616512
1240357383848603648
1240132082724208644
1240367697633796096
1240256066182676481
1240070581460119552
1240351730115674112
1240234683486687232
1240324735419834368
1240211468139757568
1240110012199886848
1240341294402043905
1240216459567157248
1240374290945585152
1240210831050256384
1240075505564446720
1240075778462756864
1240379911455596545
1240290421567258624
1240413843366404096
1240301272445661184
1240401604504948739
1240346587412541442
1240262910917525504
1240300424965562374
1240257081036308482
1240233681458835456
1240093520268070912
1240244816925077505
1240216723581698048
1240166027498934272
1240222088167927813
1240407537167392768
1240205080772644864
1240284801329967104
1240110570050854913
1240216807480471553
1240306070905597952
1240385129391853568
1240121621966393344
1240368561505239041
1240273313026408448
1240153062964170753
1240166438037577728
1240346377915445249
1240132363780325380
1240158653665218562
1240418469671309312
1240273988603035653
1240199720074526720
1240357119469039616
1240256381065867264
1240305550610423809
1240137783156621312
1240257379054256129
1240250869574221824
1240340761754943489
1240251670791172096
1240104148625797120
1240144212584169472
1240158473356263424
1240273883216912387
1240070665648123904
1240087836776431617
1240104387747274757
1240284948055183362
1240071093316190210
1240239540142399488
1240341168648384513
1240319781691183104
1240390430669275136
1240262583816519680
1240295307935535106
1240367575952805888
1240171773284450312
1240104576390516736
1240217076209528832
1240088185041977350
1240166551849848833
1240153092231962630
1240419354568798210
1240222570890305536
1240143470096011266
1240305177195880449
1240379689291710466
1240341428506689543
1240379114684444672
1240092702051573762
1240070585570467845
1240418327001886720
1240273619558645761
1240070069696245762
1240310596316381185
1240278778225602560
1240396331945951232
1240116320559038465
1240413671265832961
1240396361088077826
1240076030087278593
1240274072291827718
1240368679042367488
1240165989410574336
1240390263119532032
1240262407773192192
1240222817351655426
1240357354446749707
1240380007828074496
1240227549130653696
1240104094053720064
1240137966795792389
1240290396363730946
1240262215011192832
1240295668914282499
1240401788660047872
1240401440906063874
1240081461350449153
1240099358768496646
1240314673381150720
1240216363072770049
1240233379196518400
1240374463214104576
1240093893401538561
1240199921753411584
1240144229206241280
1240222302131937280
1240324869360926732
1240250408091648005
1240075807470518272
1240391110142373889
1240127322155634689
1240379483619766273
1240257336956071937
1240284499574956037
1240300613721825281
1240228924824735745
1240159341811863553
1240211161900969984
1240333782323994627
1240290396548128769
1240211581385838592
1240127204572487685
1240328589687562240
1240300873856606209
1240109441707433986
1240071093177724930
1240424023177269248
1240251657826398209
1240217239699111937
1240328015331987457
1240385150090792960
1240132224890146816
1240239213389504513
1240098624752824321
1240137468327968772
1240109416839614464
1240413151520346119
1240401369166725124
1240116315999866881
1240098620436815874
1240221987991171072
1240391101812523012
1240092895564062720
1240390305028988928
1240166664764784644
1240407312864612352
1240357463498674177
1240070728210354182
1240250726682701827
1240418905534992390
1240115242656382976
1240171681039233024
1240211241689174016
1240424467362267138
1240250814893039616
1240238999614050304
1240217181230641153
1240279319471099904
1240396407531544578
1240368716971421696
1240127422395305984
1240104740140302338
1240070480968605696
1240402027835985920
1240295069065916417
1240075560149069825
1240346025396768769
1240328686605201414
1240407710186831877
1240324815136776192
1240352090565808128
1240328841563910148
1240362140147441664
1240227637416431617
1240379282423234560
1240407566925959168
1240351591544295426
1240285145417969664
1240087635533672451
1240098432053907458
1240341046913007617
1240262500354076674
1240076239710425088
1240087291487494146
1240099111300239360
1240239427508715523
1240098868240568320
1240305697666904065
1240250966064205824
1240227947564486656
1240413788974841857
1240166023468204034
1240284222507454465
1240110150699986949
1240314278734954498
1240245760823889921
1240285048718254080
1240319048006742017
1240279294225629184
1240284474153336834
1240367546647314435
1240105062732464128
1240116236446502912
1240132258754957312
1240165561667145728
1240076118176260097
1240239842912604161
1240110440077832192
1240126470812577796
1240144292414439424
1240284373473255425
1240351914576891904
1240228329279627264
1240143797557907457
1240401935850770433
1240082316979888128
1240267638439362562
1240154236857593857
1240222373451833350
1240357052519596037
1240402430749261826
1240290299378831366
1240148998654173190
1240166001804640258
1240408000587657216
1240319223903199233
1240143252197605378
1240395786837463041
1240273799955787777
1240289977113677824
1240104035614633987
1240228656699658245
1240093796739813376
1240368435747606536
1240341143256268803
1240285027444850688
1240390690846183424
1240402221038272512
1240171727600132097
1240211258370031617
1240334260717924352
1240279151719874561
1240407527000604677
1240379844468379649
1240148897361801216
1240295471379333120
1240310629853835265
1240082090693210112
1240234126059409408
1240115725060067329
1240328345448898561
1240153486433628160
1240238953594327042
1240284583121297409
1240356633466687488
1240228081970880513
1240346138961571840
1240239956137635846
1240093838976389122
1240081570720968704
1240110100297154560
1240289582983393283
1240390615164170247
1240121907074269189
1240126789302829059
1240290019291598849
1240234641778307073
1240088302763626499
1240098209218859008
1240425214036439041
1240319584672104451
1240127292527050752
1240098452769370113
1240306087300984832
1240407784329379840
1240407939984343042
1240310743116836864
1240284436316512256
1240143856370417674
1240305257026027520
1240362123429130240
1240267575587680256
1240424970532065280
1240154014915887110
1240356825897349121
1240262542154518529
1240262881184079874
1240205738816999424
1240351390418866177
1240217205943308288
1240425075549122561
1240346155742941189
1240278480413171713
1240159375479767040
1240395954731331587
1240273548092080129
1240228895640584192
1240216253781942272
1240257328823164928
1240262231297871872
1240396445628485633
1240407679669088256
1240216535156711424
1240158406184439808
1240310889863143433
1240396122344038401
1240379626448453633
1240115648782569478
1240099170033303552
1240305970066214912
1240081746739122176
1240228710906761217
1240104383175688193
1240380221452214273
1240087966992732161
1240223065495220224
1240319571845931014
1240250878084276232
1240199615376326656
1240272994611736576
1240268515074084866
1240228715164061696
1240143445110468609
1240070396939874306
1240137778941304844
1240151422798311428
1240210986239430657
1240368356131328000
1240278728065912834
1240171664568209409
1240159589401792513
1240384697215209477
1240087903491051521
1240245773411004416
1240256947171049473
1240268481372786688
1240341117524008960
1240367634752905216
1240402686484385792
1240256288614780928
1240228325169213442
1240357421538779138
1240407500425441280
1240284839133110275
1240200466971201536
1240333564404629505
