1241146701332615169
1240863795968380928
1240805012533587971
1241134542288752640
1241140984907472897
1240804844790845440
1240926597076652032
1240976509193662464
1241133988481085440
1240948399085621248
1241152456551059456
1240898235146723331
1240920800355446787
1240836117588586496
1241088899646197761
1241128158348431360
1241082658559422464
1240835798603313155
1241082994154262529
1240977138389581825
1240864391542652928
1241134114549272576
1240869399243796480
1241083266914045952
1240846984795189249
1240971266456203270
1241111133676646400
1240818811915419651
1240810347860238336
1241083400947105793
1240993856767717378
1240858301002215425
1240993907246125056
1240999338932748288
1240977457156677641
1240818338068037632
1240810309050228736
1240908876192645120
1241060731077808131
1241065596323856384
1240798872240152576
1241071372039790592
1241094792941092864
1240830048355172352
1241134131309875204
1241026052182495235
1241112259708866560
1240925833583353856
1241111075090808835
1240819051078627328
1240870187793920001
1240993198492827648
1241032046186766336
1240914723606061056
1241152204284854273
1241140963516522498
1240875325875269632
1240847047793750021
1240965264352534528
1240903096487862272
1240931445868240897
1241061104178036736
1240983262186680321
1240999091250688000
1241094117641216000
1240960046722408448
1240847064914894849
1240880551529082880
1241066397352026112
1241129093640454150
1240988316356526083
1240982427385774083
1241071107584585728
1241021195522150400
1241094893742641152
1240864110276947970
1241100161650167808
1241026115268993028
1240977608403308545
1240874608527622144
1240920318274756608
1241049821592588289
1240812193261785095
1240908897201926144
1240954237602787329
1240931894625046529
1241151902114512896
1240875690402217991
1240799019204521984
1240841427589816320
1241117035217571840
1241066317681176577
1241032406821482496
1240976719172993024
1240925993340108800
1240804307836043271
1240858565335752704
1241129202902065154
1241054984399212547
1240804815262887938
1241111372806656000
1240920712870645760
1240875800062119936
1240970758525943808
1240970956132233217
1241032335384096770
1241088761141878788
1240830618902188033
1241016178971217920
1240886163826708481
1240887153736859648
1240864483490201601
1240842215934525443
1240987703916838913
1241100463572946944
1240812541330276352
1241054691242299394
1241088996425506822
1240835865695465472
1240971593259589632
1240813489188417536
1240904262575689729
1240869009450393601
1240981969930014726
1240926651623456768
1241020595468369921
1241071967417110530
1241140325932052480
1241100451329781760
1241020758878375936
1240793129948573698
1241123494345179137
1240998974129086465
1240994196598566912
1240926341408731139
1240926010012401664
1240823706517000193
1240810297356664832
1240886918721810432
1240892258641014784
1240977562026815490
1240810360577224705
1240869206687547392
1241111956058234880
1241083421914431488
1241089184976306176
1240818883105148928
1240970847063429121
1240805457205366793
1241122861185503234
1240841159104253955
1240880854215217152
1240994415021187072
1240880195969511425
1241071921552396289
1241082775937171457
1241005261428490241
1240869248387473412
1241055315958824963
1241106453164953606
1241140728983478273
1240909304384950272
1240819105663418370
1240857965642555393
1241071740421378053
1240959761580994565
1241077516233834497
1241038420916527105
1240982389540524032
1241111586691059713
1240921082003144705
1240798939072339968
1240903167577120768
1241117173839540224
1240880950210420736
1240943814690377734
1241083036390719488
1240842152885850114
1240804630935875586
1240804727090229250
1241145891697934337
1240823735852072960
1241066053435887619
1241089025919922178
1240949468998090754
1240948285772349440
1240909123463426053
1240793080728600577
1240853423257337857
1240880438924709888
1240847337645387778
1241021094682865665
1240897702528876544
1240891691889917953
1241105635418214400
1240914668459261952
1240892639815389185
1240892623339917313
1240869256654237697
1241151458105491461
1241032159093297153
1241010026078240774
1240846741764599808
1241044146678358019
1240943839986188288
1241139638565208071
1240886813834637321
1241014920629514240
1241054451860828161
1240909140794298369
1240915222501584896
1241145577540288512
1240987984926625792
1241049863468417029
1241145934320287745
1240875024162185218
1240813305134034947
1241015579064107008
1241071199943360512
1241110974288936961
1241004401222750209
1240999623985999873
1241027319189458944
1241021237327003649
1241054431082196992
1240920112552706048
1241145480119234560
1241129144068513793
1240943298937790466
1240831030019457025
1240847559511298050
1241031773569638401
1241083703079636996
1241072332413624320
1240892472596799489
1241099549176762368
1241099465324466180
1241100089936019462
1240937074536022016
1241071669780729857
1240841612424548352
1240810196454322178
1240836071304257536
1240954468067393537
1240931622288936962
1240892845529141248
1241004829151027200
1241145514218991616
1241048722512936961
1241059988119969793
1240824733978857473
1241049745889648642
1241117873810149378
1240943726719111176
1240915402986786817
1241032998209769472
1240824713405804545
1240971056577269760
1240971442658959362
1240914496563982338
1240864072590962688
1241071811896500225
1241146017720012801
1240904312798285825
1241043571022516224
1240799069150347265
1241140976053358593
1241152376616169472
1240903117501280256
1240841826048839686
1240966363558150144
1240830346008170498
1240965373220073473
1240926907295768576
1240971471993712640
1240931878141677570
1240993399823425538
1240954053196042240
1240999695192858625
1241015700606472193
1241005365912907776
1241021711136575488
1241145967593893890
1240931487752622081
1240818430107963393
1241054569418932224
1241146143326830592
1240892166441967617
1241122479097237506
1241140875490742278
1240886893476302851
1241146571275808769
1240818895843450881
1240824252040916992
1240869860516622336
1240857944767344640
1240869785149288448
1241038228645269509
1240846716657643520
1240937406150279168
1240858703747862529
1240823651727028225
1241140397549772800
1240965251853455360
1241049712318386176
1241100547048046592
1240926001477156864
1240852928329637888
1240858498226728960
1240932490589634560
1240942627538665473
1241134743430795273
1241044079414317056
1241060839995695108
1240932422977380353
1240937401213685761
1240910029890469888
1240976836344987653
1240830358515585036
1241015503654719490
1240823966756978688
1240976739804876800
1240846674932752391
1241009828727631872
1240857923829616642
1241106130207674369
1241060181062148097
1241054430960553996
1241010344711065600
1241076887394422786
1240921165826273280
1240859005552971776
1241060051323887618
1241152322258063361
1240869143416647685
1241055227702390791
1240999174990151681
1241026127839350786
1240836050425131010
1240841632917983232
1240926236815360000
1240925599054561282
1241146731019898880
1241151202018111491
1241111901678891008
1240903956542320647
1241021383762681859
1240908922086518784
1240971735924695040
1241010196958281730
1240976861548535818
1241038291505500161
1240943731080978434
1241009573210841088
1241004212500258816
1240994154697506817
1240931785694904321
1241025985081823232
1240841263810842625
1240799921126727680
1241061263628808198
1240988441883611138
1240793474007474177
1240817939298816000
1240904165800411136
1241135167055380480
1240953973437333505
1241100413371322372
1241100627243040770
1240993907049205764
1241111901670494208
1241112304076214272
1241122525729501185
1240982133746827269
1240846854948040704
1241111515731652608
1241145854485884928
1241145762072997889
1240818623268245504
1240948126283747328
1241005265580969985
1240959774197342208
1240869592295186432
1240817776060764165
1240817939688742913
1241122479227260937
1240842283307556865
1241016212320071683
1241044012229779456
1240847504989536256
1241128599555575808
1240903578778243077
1241111456751538178
1240805104862838784
1240847643527352320
1241123506932285442
1241054586020024321
1240799430103707654
1240936873045958656
1240988420949843969
1240914328976535552
1240943756196659213
1241055131543785476
1240847618240118785
1241123024419635201
1240863389233983488
1241076614903054338
1240836444786249728
1240794119888343042
1240880937933496325
1240932117024067584
1240909454952083457
1241083275264876550
1240881135355387906
1241082629157294082
1241083199603818496
1241038165110067200
1240926324836806656
1240988269866704896
1240971073572782080
1240977662484471809
1241088530559963137
1240812155571777540
1240846888452022272
1241038643600506887
1240914836604805121
1241066288383959040
1241151143536885760
1240880610710704130
1240972080088330242
1241134311623065601
1241077381999349765
1240852853083660289
1240993235905810432
1240960596536893441
1240954560157560833
1240948432845639680
1240955206503763969
1240898289907707904
1240804446134820864
1241043626349809666
1240847450463768577
1241026043915493378
1240824402578718721
1241133997222023168
1241145770260213761
1240914303777009664
1240988408777932801
1240948399202922497
1240993961612894208
1240858943116775428
1240925645066166272
1240813287647752192
1240830677379158016
1241049276165304321
1241043907603058693
1240954652700655618
1240966132909125632
1241049616063307779
1241037561625075718
1241111620153155585
1241049926274035713
1240915524080590848
1241016141390254082
1240875259336810496
1241106231114293248
1240892832673562624
1240909215721385984
1241043525753548802
1240897773748322304
1241066225301684224
1240920679156940800
1241077608705556481
1240863523393007616
1241105981792071680
1241145858395189248
1240835744362455041
1241076652643430402
1241048991078498304
1241134123139436544
1241009485025619968
1240898096860708864
1241094910230626307
1240926164883046400
1240853062442315781
1240903230420377601
1241005030632652800
1241139613160390656
1241122433463193603
1240920431495913472
1240925695263440897
1241083438779826176
1240948193334112256
1240942950567329793
1240817930897633280
1241151336546275329
1240903729597030405
1240966170192285699
1241152526478643202
1241037536320827392
1241093719476047873
1240823480481984515
1240953973168902147
1240829750429523968
1240931265576087552
1240898164267388928
1240824272811163649
1241071078442754052
1241038140313395207
1240915415095635973
1241146286281236480
1241117698303688705
1240954493300326401
1240960390411898881
1240948579440738305
1240880413364682752
1240812771832410113
1240976987436527618
1241112123578691586
1240920884841287680
1240852370550071298
1241082289481609216
1241106536732282882
1241026761166655490
1240971710767210496
1241135288455323648
1241146597066620928
1240842090306822145
1241099964316561409
1240931338917531648
1240971689313234944
1241152284278603776
1241117232010268678
1241076966922391552
1241117453578637313
1240824117475106816
1241010084777349123
1240880732664401920
1241117953812242443
1240903654191714304
1240799010421686273
1241032884816838656
1241146705795592193
1240948583433527298
1240948537615056896
1240999728676044804
1241134530016182272
1240841876451680256
1240794057137246208
1241010504245501952
1240853062391975936
1240959619008249856
1241135062319579138
1240835870166523905
1241105454715060224
1240926794154414080
1240966207655772160
1240898545458253824
1240971086088376325
1241077612778344448
1240799128071913478
1240920934598365184
1241077776607850496
1241066644681764864
1240931689120948225
1240909052198162432
1240976639586185218
1240813262687678464
1241032884850266112
1241015839240990731
1241026177843765248
1241010298427002881
1240880904290979840
1241128636360667143
1241071946500104192
1240804374957502464
1241010491583082496
1240971605788016642
1241110999723376641
1240909010343256065
1240938148353343489
1241094029166739458
1240886684364894209
1240977109172060164
1240926543020359680
1241054842069671938
1241112228780261377
1240960008852029440
1241027256249495554
1240798767445463041
1241106390011252736
1240852307517952003
1241141018210140160
1240891603826458624
1240892128349175810
1240909417157140481
1240847530348298241
1240793683844366338
1240943793890705409
1240987968027930624
1240810058411376641
1240805246328360960
1240954392666349569
1240999837950259201
1241152150136332288
1241112068838887425
1241140732964077569
1241031643416190978
1240804584815288320
1241060701407346689
1240805482002026496
1241026434014928897
1240886692430712833
1241043676748365825
1240793490675642369
1240937603404185600
1240943257238020096
1241054263318642699
1240805088265793536
1240864005666664448
1240982595128766473
1241083312963231745
1241093756830523392
1240824436284108800
1241134244379996162
1240943311348695041
1241151239997386752
1240903486994186240
1240942916534767622
1240798830339051521
1240983127217991681
1240920532373008385
1240869127109120000
1241134592867762177
1240971006363107328
1240823765317140486
1241065583506055169
1241105349756649472
1240824561458917381
1241089071914639375
1241117597271236611
1241026199217934337
1240999326014455808
1240949086917816320
1240812809966977024
1240943076652220416
1241065562807001088
1241049322269159435
1240938080820801536
1240817989722636288
1240841775746396160
1241117102431404032
1240875489335619584
1240983165545713664
1240988470937616385
1240824075561267200
1241083073938296833
1240959547209953281
1240800025732620295
1241032322713075715
1240966048494518274
1240886487152873472
1241048869212807168
1240926647110348803
1241009979743784967
1241128380705243136
1241061083496026113
1240793809568575489
1241055596520116226
1240841926477316096
1241037720979472384
1240954258612256770
1240909169911148544
1241043928511475714
1240966312983244801
1240998998313275393
1240937909592571906
1240793100521328640
1241027046266015745
1241015860111663109
1241122890289950720
1240805100773408768
1241093782227034113
1241032079770415104
1240891633643794432
1240938013787672576
1240858728926076930
1240937305508020224
1240793490788933633
1240804643455864838
1241117823688151041
1241066736889344000
1240886654555979777
1240909488229453824
1240818673427853314
1240993499383619585
1240841012337086464
1241140103814303755
1240993676416950273
1240812885141569538
1240993890146160642
1241145615456833536
1240805360861990912
1241026077667012608
1240926525651746817
1240841763004116995
1241077725961449472
1240971211745759233
1241083141189558272
1241004615149158401
1241010533098192896
1240824407247007748
1241031752283553792
1240999707859550208
1240920230391459845
1240994284582719488
1241135200601436165
1240810414906265600
1240869344965472257
1241151650804273152
1241089004679946242
1241122286289199104
1241061053842305026
1241099985283760128
1240971623043219458
1240920586735550464
1241009774067617793
1240875099462533120
1240836247637155840
1240869491547852800
1241129244886999040
1240880703212064768
1240794132383010817
1241088778178924544
1240858519529644032
1240988773371936781
1240982179825324032
1241043550999109634
1241122487812755456
1241037783621341185
1240892832979865601
1241152506773803008
1240904124390146049
1240909572266774528
1240880808031694848
1241054267668074502
1241089427977449479
1241105920270184450
1241004321652629506
1240794384527962113
1240943701431549952
1240858103933009920
1240875854290247680
1240931273540952065
1240994016436641794
1241128183618994177
1240863997299019776
1240810125625036806
1241014954314129408
1240852710297145346
1240846712522059776
1240904258557534208
1241117769099284484
1241088853705928706
1240926924526039045
1240799807360262144
1240903545299197952
1241032490460086275
1240914433532035072
1241055031089967104
1240983073438621697
1240971224454488065
1241111377202249730
1241004611038674944
1241088904100446208
1240798809485164547
1240812990305361924
1240886621303685120
1240983157127733250
1240926068334161920
1240869076492304384
1241128225796841473
1240813363292061696
1241111293261725698
1240823698338144257
1241004363536936960
1241122295017549824
1241026027255549952
1241122726808444928
1240898092729171974
1241140896697143297
1241026094234349569
1241139789631545345
1241027016952033286
1240976916221513730
1240836155324710913
1240823681330356226
1241037884544749571
1241140032473387008
1241032830232084480
1241134982745272320
1241099607901229061
1240953880827047937
1241082721520271361
1240880984100237312
1241010608897773568
1241071569247416321
1240823983634874368
1241026111053672449
1241060311194632193
1241065550022918144
1241099632949764097
1241027201711116296
1240993324212912128
1240931286497349632
1241054741414711297
1241122864650166274
1241060894596935681
1241094155243315202
1240846905476878336
1240841083506036738
1241134458641711108
1241010578694512643
1241128183799275521
1240874885691240455
1240949045235011584
1241100048341008386
1241128569742516224
1240943718628233216
1241088425572405249
1241037582621908998
1240891721577197568
1241009510258540545
1240943013414789120
1241106608106737672
1241129316148264969
1240799765211820041
1241151155746594816
1241128926170226694
1240852328745439232
1240942975703801856
1241077801668804614
1240813011045994496
1241004233752809473
1241105370812211200
1241032415201628161
1240864529719988227
1240994217444376581
1240818518125350912
1240954069717483523
1241010369826451457
1240965327447642112
1240954443270467589
1241038148710391809
1241077990588588033
1240959904363565056
1240948273311035394
1241140393577607169
1240915603633799168
1241026551577182215
1240960096986894337
1241145782939586561
1241123154820575235
1240982565692948480
1240999712099946497
1241054959707115520
1241060906953474050
1240794334083133440
1240881063494168577
1240931542207066112
1240909278703226880
1241082402799304705
1241140699543855104
1241106298084765696
1241076686013304839
1241117513385213953
1241111049736269827
1240971492730580992
1240988672993955841
1240804983190085632
1241076656799965189
1240954476896403463
1241145959083470849
1241140208869036035
1241123175620055046
1240965708890030081
1241076882885533697
1240892816596676608
1240846804612194304
1241082893478363136
1240858955682734085
1240920205062103040
1240914576536821760
1240891507755843584
1241105685292691459
1240932129300598786
1241066388912926720
1240943408262402048
1240818946103595008
1240880241603739648
1241145875629391872
1241021627296612354
1240915234694533121
1240853129765122050
1241152510565462017
1240875493727047680
1240914941487378432
1241032079741038598
1241043957808685057
1241129060257992706
1241146403939704832
1241032909974274048
1241099746267336706
1240800029847310337
1241151302694035456
1240943160538382336
1241123426322059264
1240874893744508929
1241048714065653765
1241072252915003395
1241106452602912771
1241099897237057537
1240915176234287105
1241094297493143553
1240993747900469249
1240897912424534017
1241054892476624896
1240869088940806145
1241060617194176512
1240977159390400512
1240965297810681856
1241055198715535360
1240830392015286273
1240898658557734912
1241105299521638407
1240841003415646209
1240903382186913793
1241082599734480897
1240835718903201794
1240835865783517184
1240920452618276865
1241054305156763648
1240892720006266880
1240909442918387712
1240853108902764544
1240823467395538944
1240931302955597824
1241112169779003394
1241088036018040833
1241129324750790656
1240914840350109696
1240885950143696896
1241026383469588487
1240948198018965504
1240824075351666688
1240909832846053378
1240887061936300033
1241077746815717384
1241140867626422272
1241106624929906691
1240920637134102528
1240886956667613184
1240954132938153984
1241060026271158272
1240909815876136962
1241088119719542784
1240881101343612929
1240886332013998083
1240971526389870593
1240949309329162240
1240926324782292993
1240886205719252992
1240943487463407616
1240824671228002309
1240977251769909248
1240880421971296256
1241037817251274756
1241152515103535104
1241146126860013573
1240954539349430273
1240897706480058369
1241071380147429383
1241145698827014144
1240887028243365889
1240954078139645953
1240977155359563776
1241060735012175877
1241010252310630401
1240881378134093824
1240920385492672512
1240812193123168256
1241065638073901060
1241015050690801664
1240960512269172736
1240943533638311936
1240937754348978176
1241043219833434112
1241076753168244744
1240880929331175424
1240891864561127424
1240965507827863555
1241134986775887878
1240925959336931334
1241105945347919876
1241151147462754310
1241037758786764805
1241122651516608512
1240943390914572298
1240970964147585024
1241077562362802177
1241083355271254016
1240852345430274048
1240869114437988352
1241054959686352896
1240903691831357440
1241145535219879937
1240853460829921282
1240999074444259331
1241060885952712711
1241044364429836297
1240960457621397504
1241071627431010305
1240847035487547393
1240977134098829312
1241140234223403008
1240858351715504128
1240966313801142276
1241026908000845827
1241066401558695936
1241129093845807104
1240841628857716741
1240841301546823682
1241134000875409409
1241111435616403459
1240810028975534081
1240799669288087552
1240812985855160321
1240812931601829888
1241054410098212871
1240841872161079296
1240988337009086465
1241015427897188356
1241054883966586886
1241060433320017920
1241044045956292608
1240804987631996928
1240949162721644544
1240920091576811520
1240835995802763264
1240886265089679360
1240869432781680642
1240982133973356547
1240937690989813761
1240988525803311105
1240881487899213824
1240955210480021504
1240943583861051392
1240987582390992898
