1235480810850926593
1235598172367368193
1235480411968397312
1235608756546940929
1235609339534151682
1235517148644233216
1235510070344990721
1235608556344422400
1235415551968776192
1235685089905868802
1235498828435992576
1235421258809888768
1235456634886864896
1235632757600067584
1235673807551070208
1235528349717590016
1235473911124332544
1235575302895669248
1235456953033330689
1235367689092292608
1235638814611251200
1235592622707630085
1235685034931048448
1235415123902136321
1235597567074930694
1235690197515300864
1235586046307586049
1235598020399575040
1235414339257094145
1235603794785964033
1235568742488301569
1235414573114679297
1235391967564988416
1235684645598924800
1235528393342332928
1235610070026764289
1235695793182564352
1235362437978718209
1235480139976212480
1235409814575960064
1235633313995321344
1235580555296636929
1235444713945206784
1235385418461437952
1235474249902522368
1235698653546704896
1235432069641236480
1235568438271066118
1235698582092570624
1235396920367026177
1235437767586242560
1235697432308125696
1235539828122533888
1235697861972516864
1235433105881591808
1235567090066579457
1235620514238009349
1235414493162696704
1235527986650050560
1235403784949387264
1235656547344306180
1235534777815425025
1235398165991493634
1235481128347357184
1235603619149463552
1235551950730661890
1235569138581504007
1235368047642320897
1235639070375718912
1235598443353116673
1235709756095922176
1235480776160038913
1235504800575500288
1235586799512072192
1235463680826814464
1235468308243083264
1235474050111152130
1235649860763668480
1235373918501908481
1235355916540633090
1235650485824016384
1235655939161837568
1235562457663324160
1235678373726351377
1235479942214844422
1235551316602126336
1235562590983634946
1235527997492510722
1235528389253095430
1235468446759936001
1235627581061443584
1235693482729144320
1235533871724326912
1235380390640185344
1235534030675660800
1235511084272017408
1235632513953001478
1235650638228467715
1235562623242035203
1235368394788081664
1235563618164408322
1235563757029298176
1235443619777126400
1235468167075344384
1235414393153716224
1235385189595045888
1235462425815609345
1235420237694197761
1235579918513250304
1235627477050904576
1235362714639372289
1235581142268600320
1235492110004035585
1235499550430945280
1235481256349089792
1235603211827859456
1235391692712239104
1235414673710710785
1235469228679081984
1235486572968939520
1235597254695587840
1235499128831873025
1235391215396368385
1235620597217939456
1235650951677202432
1235374387387183104
1235586024090284032
1235516815624695810
1235373423443890176
1235546278077005829
1235539693363695616
1235586129719480320
1235585897954816001
1235419076635381760
1235487367810543617
1235493132701028352
1235672967817945093
1235481457465884672
1235499592151515136
1235380177489678336
1235598375388467200
1235391240834695168
1235667267393712128
1235505402231521280
1235408568154652672
1235492171219779584
1235528781370138624
1235373464829054977
1235615882849722368
1235552134072094720
1235504458576154624
1235469270555004929
1235678645928087552
1235668224441806855
1235528990716125184
1235568298202263554
1235504095915474946
1235427242202656768
1235609952728657921
1235409570706513921
1235528614222807047
1235504319253884928
1235709512574586881
1235455428831490048
1235672820778061825
1235632442037288961
1235511126777122816
1235426216280289283
1235523068652662784
1235673740127727616
1235678323507949569
1235662000530718720
1235698343294070784
1235487506902265856
1235580944737808386
1235408906299387904
1235697454831591429
1235614620204687362
1235420568037490688
1235499219353387010
1235426790375485440
1235492076218994688
1235621159980462085
1235432433182482432
1235402717847117828
1235586941908705282
1235703254337515523
1235528588603973633
1235367990771802116
1235550958681305088
1235522312864174080
1235390946193207296
1235523214979133440
1235557389941854208
1235522573271588864
1235580407174672384
1235373538107891713
1235386056263909377
1235402889972998144
1235591611838607363
1235374422674100225
1235402734641115138
1235592713837457409
1235498209826369536
1235610065178001408
1235563479517577221
1235391537749639168
1235431977487978496
1235522913165553665
1235525931885682689
1235373579497336838
1235679460424220672
1235644317781430274
1235356487368601600
1235397505996767233
1235456760976035840
1235697698285727745
1235690589053648896
1235540526197125125
1235421628634247170
1235551236234997761
1235592418445021185
1235684879024762880
1235539914957045761
1235569234807152640
1235517296132517893
1235391368090001409
1235626110215307266
1235539510437396487
1235632782203695104
1235562841953824768
1235432254366597120
1235356130295058432
1235356125551300612
1235456419001815040
1235367858412179456
1235620396159950849
1235586133976899584
1235438631839465473
1235403173260455936
1235697415488860161
1235662352357511168
1235480967843700737
1235486481940123648
1235697981690650624
1235380126365421569
1235627048330317826
1235379710697201664
1235403608876670976
1235408919490629632
1235621306529452033
1235504671357169665
1235597634192064512
1235475449850908672
1235563495212498946
1235474803361853440
1235546165728415744
1235421627975970822
1235539899278929926
1235427199639007232
1235574070466486274
1235644447003570177
1235539719364083712
1235637810583023618
1235563794530799618
1235462033400684545
1235510603369689093
1235546006252433410
1235403869003251712
1235397141302063104
1235569694993596418
1235391966730424321
1235505377975754752
1235432201023414272
1235408499552772097
1235615530293346304
1235667821360803852
1235693402261504000
1235603883726012419
1235621571731116035
1235540411214520323
1235632601701838848
1235356558885892097
1235650499669606401
1235427247747518464
1235715277033287685
1235645159238283265
1235603866781126660
1235615687407697921
1235569469184978944
1235385802395471873
1235668148352937997
1235427349241319424
1235505421189701632
1235443775880785920
1235639115627917313
1235569192528723968
1235608559997595648
1235626538185433089
1235551548203094024
1235443828020174850
1235444730630008832
1235679472868880393
1235586120387153920
1235698149831970817
1235614481520168960
1235693101110435840
1235368776364896257
1235633238896492544
1235403592632172544
1235698306174468096
1235661457733214208
1235528865079906304
1235504669046104064
1235438548616196096
1235355887113388032
1235608967557963776
1235586363325444096
1235533968453160962
1235627027312431105
1235391962842378241
1235518886323163139
1235552209162473474
1235420643815899136
1235408825253089282
1235492597931610112
1235603601910886401
1235650515612155905
1235493429078929408
1235631955963711489
1235650485484470275
1235632228148736000
1235662138405834752
1235468776281460736
1235575349418889216
1235597218612199426
1235632938387030017
1235662351803674624
1235396764343169024
1235414941890473992
1235438417841975296
1235456849828175872
1235697345548951552
1235586473451274240
1235704370127351811
1235650792826318848
1235633221833879552
1235403886158110721
1235684375121072129
1235715510337142784
1235574045048881153
1235661676239708160
1235586598496071690
1235598396573900800
1235427501276639232
1235432727417180161
1235444629140426760
1235469170994634753
1235702956873453572
1235708648808050689
1235480979604566017
1235650230890246144
1235444767451832321
1235438320756207616
1235649954514972674
1235573956884783104
1235431972559708161
1235473803557433345
1235626700437938176
1235510937592840192
1235568618441707520
1235585596871057409
1235706612347789312
1235444756127174657
1235380412043714560
1235528507997872130
1235480265499111431
1235379177143930881
1235409172423819266
1235534618964738048
1235709553926270977
1235510499384504320
1235384860245512193
1235639027094691842
1235575027002683396
1235486893334290432
1235684341981696000
1235492767494598656
1235523021382840320
1235438032712593408
1235461666621571074
1235597805709750273
1235597826794668039
1235650364050944007
1235492898696835072
1235437886809522177
1235397347665903616
1235545426004066305
1235523135513845760
1235480144061411330
1235396756256497664
1235592252501590016
1235714331452542976
1235632769998471168
1235703021276991489
1235709060265082881
1235492133785788416
1235461556776742913
1235362259066589184
1235655494611726336
1235693366052085761
1235462565540528128
1235522142290284544
1235505687721058305
1235397586741272576
1235626347692728320
1235498515763286023
1235362794402439170
1235655963861864448
1235631955124924418
1235551253897199623
1235510233851514880
1235397380167483393
1235480623482978304
1235562418572365827
1235709080297185286
1235391519001112583
1235557595676622849
1235408568196534272
1235461769377632256
1235665559309742081
1235374543293775875
1235516626218315778
1235655640502026240
1235474191257874433
1235568697315598337
1235586287735902208
1235690177466486784
1235421168510763009
1235474764145111042
1235511522756931584
1235379816376881152
1235703561838682112
1235627594466365441
1235673303768915968
1235511290338185217
1235709488243650562
1235614884957581312
1235574921641762818
1235402892175171585
1235467697376432128
1235356829930188800
1235597494853054465
1235661554277920775
1235486421294542848
1235614625426595841
1235468445103374338
1235557806054486017
1235362527401435136
1235649927608504320
1235522571774218240
1235356759537008640
1235597554596876288
1235644887900598277
1235573965990645762
1235427390399975424
1235421629703843841
1235456739169845249
1235540453275156485
1235443952553091072
1235662447987449856
1235444050099982337
1235468660283600896
1235373684057083904
1235632786846838784
1235546927036592129
1235690018284412934
1235379982173712386
1235604042484772864
1235408948812890112
1235638838330101760
1235639144530886657
1235632417999687680
1235379618091134977
1235715098561384450
1235397888986894336
1235385691145728005
1235533949411049474
1235380256799940609
1235644257827880961
1235698464245329920
1235462208244436992
1235563475721572353
1235585865432346626
1235468597851545600
1235592680622551040
1235667414597038080
1235385045084450817
1235415267339112453
1235517611615502338
1235426560284508161
1235402519557427200
1235356624145076229
1235498985026138112
1235568831600484353
1235656282989899777
1235551340740456449
1235643687691931648
1235522623993303041
1235580580433141760
1235385395606687745
1235373248487059456
1235427155678552064
1235679593975214092
1235450291560079360
1235379996543324161
1235667816453304320
1235498413606629376
1235615229423185920
1235626980537585664
1235620887543586816
1235398052573138945
1235679057787916293
1235511084167172096
1235528797736390658
1235485868078530560
1235438641893212160
1235414473596264449
1235367351094255617
1235456407098593281
1235510057682513920
1235493611103571973
1235535059668566016
1235534257168289792
1235392234541002752
1235362930599788554
1235598058357960706
1235672585448419336
1235638826300780544
1235580173598240772
1235661211150282766
1235455847276388353
1235679095951740928
1235606132552388610
1235522833087946764
1235702958513197056
1235510392098603009
1235499556265242625
1235474400562089985
1235368542402490368
1235529014883700737
1235598008252870659
1235715494696480768
1235609985536712704
1235627153187889153
1235698520168050688
1235469194113753088
1235698456267829253
1235481433902374913
1235397905189662720
1235668018019086337
1235455433957150720
1235579954139664385
1235714642992758784
1235632770094968833
1235679422096830473
1235449701052399616
1235556966136565760
1235698422490918912
1235667146979467265
1235493595127230471
1235586221105188871
1235414838110806016
1235449532772528129
1235715418079113216
1235403860291620866
1235427056567152640
1235402764655738880
1235650124849786881
1235627389054373890
1235604030807666688
1235574849810071552
1235650813009129474
1235574644406718464
1235557883980460033
1235499396462149634
1235499580311195648
1235392013689860096
1235362594099048448
1235415718629277696
1235685031294783488
1235492950362251264
1235498942332190720
1235623787133050880
1235708784053342208
1235450686642499585
1235499526976229377
1235403652908470274
1235384778150592512
1235522554108014597
1235426804711780354
1235598154457743360
1235608521183387648
1235456260591542274
1235444295517327360
1235704081345384448
1235545575166062592
1235443663339053056
1235385913296871424
1235569264603664390
1235397796213059584
1235592625219989504
1235414943350087681
1235684368322105346
1235527915149934597
1235580835312676865
1235408958271168512
1235702833812471815
1235644094879346689
1235402939830644737
1235603485711667202
1235620829188313095
1235492915759034369
1235403567042678784
1235656405073489920
1235703809315205120
1235529002493804544
1235467965111427072
1235487402623369219
1235539483346579457
1235409679259324416
1235511381345964032
1235545834701406208
1235480373477257216
1235645092171370496
1235551248939708416
1235385640491065344
1235697169350320128
1235403206848589826
1235563235538952192
1235662281159163904
1235510960556654593
1235631913651580929
1235562393821835264
1235602964271652867
1235626855375540225
1235697321230266369
1235621566957916161
1235608581623500810
1235427516778795008
1235492071114407936
1235679052947533824
1235592336538771457
1235438021467451392
1235516283585794048
1235367324699578369
1235534112716451841
1235568361452515328
1235357115885084673
1235546187031248896
1235487181650739201
1235391690111766529
1235444240391401472
1235569200418230273
1235474964351836162
1235373231218941952
1235473840542752768
1235546195893932039
1235604251969064960
1235557881023311872
1235409925351919624
1235357229391454213
1235528280364568577
1235432868421070848
1235449932431216640
1235474820382576640
1235499388853571586
1235374501854097408
1235511438208360450
1235485960831459328
1235598326931877891
1235437953003839489
1235456463298052101
1235516821870018560
1235528345309171712
1235474796860731392
1235450608209063936
1235620966903971842
1235703405399519232
1235505621694365697
1235632362471460864
1235439049294266370
1235580835169886209
1235591539394396160
1235409946444996613
1235709739306278913
1235698524420898817
1235504683998826497
1235516966091337729
1235373143029698561
1235516206473457664
1235626885305888775
1235456803422580736
1235674005182574600
1235715099320553473
1235487069121757184
1235556865037291520
1235468961329733633
1235697873326505984
1235368389805252609
1235627568604123136
1235539529978830849
1235368164667555840
1235409189092159488
1235356821533020160
1235362282332467202
1235402804656631809
1235444655464091648
1235638785427361797
1235373124729913344
1235487030437543937
1235438766946430976
1235415110455300097
1235450721325236224
1235474448209383424
1235714751470034944
1235396596306718720
1235517619911806977
1235443736194289668
1235492488053325825
1235396679790219265
1235579941569388546
1235523302308941824
1235444759113523200
1235563584719147009
1235397072494313472
1235574351602356225
1235391454916182016
1235703309434044416
1235575434382848001
1235480387335282690
1235529019107532800
1235632610329669637
1235639043414609920
1235703822665674752
1235427420322193409
1235709061632417792
1235415455273119745
1235499640344072192
1235522926029438978
1235356084065497088
1235374183778902016
1235580985862955010
1235493069203660800
1235552092628152320
1235427359265656832
1235361763513810944
1235461852563484674
1235627472525246465
1235662464835960833
1235562896249229312
1235396577851777056
1235697834961199104
1235529415188049920
1235708918552199168
1235580714445307906
1235650381364985857
1235586171549503488
1235690349332443137
1235703041665519617
1235581066590765056
1235614801516269568
1235450105919991808
1235568773161086977
1235480043117326336
1235602889026002945
1235403369914789889
1235668034796257280
1235695857066008579
1235380217910198272
1235444348696707073
1235506311363584000
1235414901700485120
1235391022156271616
1235541249798492160
1235468180681715713
1235633437048016896
1235661451093659648
1235693612995731456
1235667238591574022
1235420479655227393
1235552042317307904
1235655817086537730
1235475488220631040
1235404072213049344
1235398119438741505
1235421504596086784
1235492688973230080
1235511041477332993
1235480256338784257
1235638780792537091
1235708707457118211
1235415839907762176
1235614426742558721
1235638569210912770
1235448514609467392
1235534786183278592
1235397876991180801
1235356076305977345
1235480748691525632
1235626710311161856
1235522148652822528
1235609831123410945
1235551253767340038
1235695951920140288
1235426490751135745
1235539463218003968
1235684467689148416
1235678718816731136
1235480754651648000
1235708895613652993
1235598220333592578
1235505257922392066
1235621156104753152
1235580601257857024
1235621041923219456
1235492856762163200
1235523050826686464
1235597244318879744
1235409872197386240
1235456907235778564
1235690182419963904
1235380238105759744
1235644329294610432
1235420260276158466
1235444749877698562
1235403999639220224
1235469237931528192
1235667960641052672
1235649736469819397
1235620966459416576
1235551500975386624
1235562980315668483
1235505677717483522
1235633288955531265
1235661434501001217
1235621456509202432
1235627560815538176
1235468162109280256
1235438308915724291
1235573944603811840
1235614951823163394
1235695969544441856
1235620911430189056
1235585692014710784
1235398015181037568
1235385583272370176
1235655969406742529
1235468673722310657
1235505439481171968
1235633045597753345
1235638160303898624
1235679604444205058
1235456552355516416
1235615014997893126
1235697415711322117
1235415564824113152
1235480146515095552
1235540108369162240
1235703619732660224
1235522947189739522
1235534757632413697
1235427099974029313
1235656672590344192
1235432090532864000
1235498336528019457
1235679480242491392
1235492569074806785
1235474345696407552
1235615639546585089
1235539480292941828
1235426923058286592
1235403707002408960
1235545594728505344
1235667713261006863
1235443916926783488
1235709507960860672
1235397377231654912
1235540616227913728
1235403496041730048
1235661657021571073
1235702906659041280
1235528424011321346
1235385206409842688
1235552021165436929
1235598019019427840
1235516486095114241
1235661315298840576
1235522191875362816
1235604055977836544
1235391463531450373
1235527971592638465
1235649675925032960
1235473934511943680
1235426296131436544
1235516593645522944
1235603556423462912
1235373962776977408
1235540699770167297
1235539518444335105
1235715426971238402
1235704186995605504
1235592630420926464
1235437764168101888
1235397193063940097
1235486072915652608
1235644643577958400
1235511151099772930
1235678869878865921
1235563764528758787
1235505413514072066
1235432573020467200
1235609263998783488
1235379577129590784
1235693515104911362
1235468746795257856
1235368390723698689
1235402960336818176
1235575231831568385
1235504247954956291
1235708796241989633
1235468830215987200
1235661277818695680
1235356620932202496
1235562469218639872
1235362308869758984
1235609268184731648
1235539542125555713
1235485929655042048
1235396734408421376
1235586125198233607
1235438397998526464
1235437822229663746
1235356280899821569
1235546269566681088
1235486957385334786
1235374115302690817
1235690589234049024
1235668072410775553
1235444229096091650
1235697576462163970
1235703875191128066
1235699183157415939
1235569571181948928
1235523484228317184
1235528857647804417
1235355951235883009
1235627497653321729
1235667849911418880
1235580910587662337
1235367481470005248
1235632894636445697
1235516375545733122
1235397382151393280
1235656491698393088
1235655519584448513
1235420844433629184
1235591756789329920
1235552134701240325
1235528790023049217
1235426480370388992
1235408896065286145
1235487105322606592
1235533976816758786
1235355819346141188
1235492025459449857
1235568870284578816
1235379882600943616
1235684475347976192
1235415367725400064
1235632253646106625
1235414438896955393
1235709564621746176
1235468413717250048
1235603783213858818
1235474104851054597
1235498277182857217
1235650277660692480
1235685143462973446
1235528673408753664
1235432360771870722
1235615820132347904
1235510599108313088
1235415242772844544
1235551789568516096
1235613304875180037
1235379488407552000
1235679569652350976
1235585755784896512
1235444520268886016
1235679045838233601
1235633058646118400
1235539937455484935
1235708853569941505
1235592535977885696
1235615775433445377
1235522363309133824
1235443712068481024
1235367987802071040
1235679352093839363
1235356200826540032
1235408736283287554
1235540550897422342
1235492691896500230
1235621285641596928
1235603946732957697
1235627488547569666
1235450551862730752
1235356634760613889
1235656672426823681
1235598061159600128
1235539692730249217
1235603203158192129
1235684460768747520
1235421459717201920
1235608660065292293
1235397660967727104
1235586972896264192
1235475154089672704
1235632145021820928
1235633377774120960
1235373630109802496
1235693731266912257
1235614394085711872
1235450075091841025
1235597747991937024
1235603778054664192
1235356919516336128
1235626231737053187
1235391183511146496
1235638729127202819
1235592588725334016
1235385263695650816
1235662511552090112
1235397016433418240
1235608769591046145
1235468237770350593
1235615154039123968
1235585683747672066
1235474232869445633
1235474846198398976
1235673018816499712
1235444553638760448
1235667929846280192
1235684665987653634
1235546177669652480
1235386215412588544
1235608577152290816
1235715456134082561
1235607528580538369
1235396652304863232
1235432596802121728
1235603644684406784
1235656181416370176
1235697178162507776
1235367785347330048
1235481155350040577
1235510073167958017
1235649559562293249
1235373524459466757
1235443633773359104
1235426234739224576
1235604251822309376
1235679749734887436
1235426590294597632
1235592290422276097
1235637748268257281
1235545963818708993
1235461693343436802
1235379836757123072
1235498240675479554
1235522137059885056
1235621123099955200
1235698589902479360
1235638587703480320
1235510065747996673
1235374198685458433
1235615138062823424
1235556865679011840
1235581251618131969
1235545578106261508
1235591900641382400
1235462844302249984
1235414340112723968
1235367778070167552
1235697177223213062
1235368276533919745
1235528173074493440
1235473829704503296
1235668089976614929
1235391804247339009
1235650915002171395
1235568436920471552
1235463024481189888
1235529338914770949
1235467964998025216
1235409204984180736
1235528445431439366
1235627207525109760
1235667545568333825
1235498929396965376
1235380022678085632
1235592311788224512
1235581046382424067
1235409676348448768
1235379035003224064
1235397671898112000
1235709119027384320
1235551894870937600
1235534241707909121
1235379944424800256
1235438206398664704
1235598195108933632
1235534705673424897
1235557960572530688
1235668006593851403
1235443588789448709
1235563072271429632
1235597310631063554
1235638885834616832
1235708787186700288
1235667884023652353
1235662206643171328
1235462157313003520
1235540662210252800
1235357021127487489
1235690193157582851
1235367976343396353
1235523016353886208
1235638105446772743
1235545234014076929
1235517061289279488
1235433013955067904
1235574842843451393
1235704138966671361
1235650595551354888
1235672694575620096
1235475353734266880
1235444084665270272
1235693120592809984
1235534296359858176
1235609884890148870
1235673625660928002
1235684876738838535
1235356697750892544
1235698054302511109
1235438963420270592
1235638265757212673
1235529359018070018
1235580541723906049
1235684808082124805
1235569369163300864
1235643918143885312
1235492373251026944
1235455974699233285
1235557122013827072
1235655620415631361
1235438137347837953
1235498910157848576
1235545938439045120
1235449658765447168
