1238458249222987776
1238469900873502723
1238576040890556418
1238356172412866560
1238413030729216001
1238367128245460993
1238260324152770560
1238428969030029312
1238580953653616644
1238317269614317568
1238401773171335168
1238514855566598150
1238334349684211713
1238367157701857280
1238463941031989251
1238287771694960640
1238253969656426496
1238340045729402880
1238322152711106560
1238260164844814337
1238407250882056192
1238339106050117633
1238373520134017024
1238339215055880199
1238575647930191872
1238502444432265217
1238549206559834117
1238463848476299264
1238612611828076544
1238474644837093376
1238469049455173632
1238390603832012800
1238265197783064577
1238508773628674049
1238542575545593859
1238458559475494912
1238457766760472577
1238474996701433857
1238508555709415429
1238413068196929543
1238401550726230017
1238451819371692032
1238446232315494404
1238367426049441792
1238458718834098176
1238406386746302465
1238423809776025602
1238613568179888128
1238497017015525377
1238569842682114048
1238559419799154689
1238293547234754561
1238361486906490885
1238497624967299073
1238429556249427970
1238491296068665347
1238259887907495936
1238464188097261569
1238356327489044481
1238548036495855617
1238276333421187073
1238531578101411843
1238554831444488193
1238531749958778882
1238479891156414467
1238264983705845760
1238543271590350849
1238345053455749120
1238283128461914112
1238379086176636929
1238334253126938626
1238607046217359360
1238333254589124608
1238395897060433920
1238547885513416706
1238601245696430080
1238395015698640896
1238406470582091776
1238367132020162565
1238542281810083844
1238526012540903424
1238503757572386816
1238587425183719426
1238485545547898880
1238468776804442118
1238276723789217794
1238322571877253122
1238328217292771328
1238378364789911552
1238305592818765824
1238601015135539200
1238554021817987073
1238486128493309952
1238277365505101826
1238446546875801602
1238452800599834626
1238445821281984512
1238299238909517824
1238434698004594688
1238595792887115777
1238553652630941696
1238277503858466816
1238333523020460032
1238451534003757056
1238418726346788866
1238305219986980864
1238299217925373953
1238367526800838656
1238508815688990722
1238299964419301377
1238316922040545281
1238542647087816709
1238575247403577344
1238457884373135360
1238328737285824515
1238400815682985985
1238407519116111872
1238429338036469760
1238509004185202688
1238503614676496394
1238379417380048896
1238407427214589952
1238452406473469952
1238457863405740033
1238536736936013829
1238559474421506055
1238440880530481154
1238294260346224640
1238400766676795393
1238497927053664258
1238560783128309765
1238498014899175425
1238299113004957696
1238264610626711552
1238520257783840769
1238542973983281152
1238496974997008384
1238445892874559489
1238548200174346240
1238503153433264130
1238502595318120448
1238525425007112194
1238385087919591424
1238400573793357824
1238270306642518017
1238464032874672130
1238509088050499584
1238581486070173696
1238423776494268416
1238440498844467201
1238469065846345729
1238451890087579649
1238300400932929536
1238446039683792901
1238514213724860417
1238395514942566400
1238379488586674176
1238587089979129856
1238595528763596800
1238575895327244289
1238411975173877761
1238384332722638848
1238508555730391041
1238367434161057793
1238344491578191872
1238475324029120512
1238575270371737601
1238452888806084610
1238446249134755840
1238418340391063554
1238345762838175744
1238519208918441984
1238299393909981191
1238401131195359232
1238294516261629953
1238469275939004421
1238463428873707522
1238305320524337153
1238378335585140743
1238423692234731520
1238356826921582594
1238412094917300226
1238554881595781120
1238445947446792192
1238525592691191811
1238565493650251776
1238384962329612288
1238519355861798914
1238323205615439872
1238458119337816064
1238259229280043008
1238356676346023937
1238300077535395841
1238601048610295809
1238570647753760769
1238601002091196422
1238441232772161537
1238596442975076353
1238339462720970752
1238316460843454464
1238542936351985665
1238581196759732229
1238595314619002880
1238356516370911232
1238468994799206400
1238283149521620993
1238457364291833859
1238338913267146753
1238424107747889152
1238311763092832256
1238277164119842818
1238554651135315970
1238601983596138496
1238389638886129665
1238345145252286465
1238554311413596160
1238613581144481792
1238333791564967937
1238367283606695938
1238282931384102912
1238531930422943745
1238508589146390534
1238491857962913794
1238458412767346688
1238254409991192576
1238490948147036160
1238304930445787136
1238565337836195842
1238384190237835265
1238345674078318592
1238328582193041408
1238429123959291905
1238570052770828291
1238514549134970882
1238485222590681088
1238581071081398272
1238452502955163648
1238361474441101313
1238287792649748481
1238491388368412673
1238547872750219265
1238440368686989314
1238316859210039296
1238390021050302464
1238524870721335296
1238362396873367552
1238447008509243393
1238468768520683522
1238525924221599753
1238384404185186304
1238595876425216000
1238350758153572354
1238328619967098881
1238576293358309378
1238451747821158407
1238503304470179840
1238602394541285377
1238457599126691841
1238283208288075776
1238509155159355393
1238497130102341632
1238497050490220546
1238423310582546432
1238525185638137858
1238491287390760961
1238327877478703104
1238283220807974914
1238503492983152640
1238333707439636482
1238253730354606081
1238294255929569280
1238406978134818818
1238423381944532994
1238345599130492928
1238575828067397636
1238525391645671425
1238463487585726465
1238526124373786627
1238595222466105349
1238565543487188992
1238486447021268995
1238395603467620354
1238531343178293248
1238434450519855104
1238356894374297600
1238372982986362881
1238333531840905219
1238451588311719936
1238317148813975552
1238503245527560195
1238288652393951233
1238406232240574464
1238451991254196225
1238293660590055424
1238311112879325185
1238384597265776641
1238452092265734144
1238612490621267970
1238316611804618752
1238362103074803712
1238496798840324097
1238412577492754432
1238542042600480771
1238502515601051648
1238441396421394432
1238321917695754241
1238389572028911616
1238316246753595392
1238378679421620224
1238537718340124674
1238469716328550402
1238271250516017152
1238491409163915266
1238509235035668484
1238452708375289857
1238525639038324736
1238445918153826305
1238440423481315328
1238531120494333953
1238525664086671360
1238328314067963904
1238417992116867073
1238362178836709378
1238480478686121984
1238464150671511553
1238502960117829634
1238440385602629635
1238570669056671745
1238423931461263361
1238378800511176707
1238311951869960194
1238595646405427203
1238429111678308353
1238548804086857728
1238299448511549441
1238276354874826752
1238259942332731392
1238328414873874432
1238294574868467715
1238440767422693378
1238282205841022986
1238463798433976323
1238531888446308353
1238417677863051264
1238514729741582336
1238496727738564609
1238288862318739464
1238328091455307780
1238322702261391360
1238559604734406659
1238299712991776768
1238401697270992897
1238367559575056384
1238389601095438336
1238423117698981890
1238475567420276736
1238525785620779008
1238305815385145345
1238525269910138883
1238412271631523841
1238270319233765376
1238406265128148992
1238502788474130432
1238300040050782208
1238328460621168641
1238559797391187968
1238265038634242048
1238452645410615296
1238497272738054146
1238265055302557696
1238390670815047680
1238264975459667970
1238592751966576640
1238491165789388810
1238458463157616641
1238560233536008192
1238258981715554304
1238299666502029315
1238560103265120270
1238317379425161221
1238613807594795010
1238601073448947720
1238270847468658692
1238310651493318656
1238464263464685574
1238463953522614276
1238596657207554048
1238311813797883906
1238525022261706752
1238543007491727361
1238356272841404416
1238570228772003840
1238608124249919488
1238322102056259584
1238531792275148806
1238390159332331523
1238417883480367105
1238390666163617793
1238553619227652100
1238612557692198912
1238395007490338816
1238401294773170179
1238259900544946177
1238560740954591232
1238475185617068035
1238596082432651265
1238479577199996933
1238491836999761920
1238491681814507520
1238547939896823810
1238569741989666816
1238560111859245056
1238367186751651840
1238412623701573632
1238514863984574464
1238395732861698049
1238601899957538816
1238548434920984577
1238606840918708224
1238600968415186950
1238339399525359617
1238423826855231488
1238271032198402049
1238536592723066882
1238265118150066176
1238401395298050049
1238373087952941056
1238299796609196032
1238287952121380865
1238401479570010113
1238446039591292930
1238519226198978560
1238368290218684422
1238345556667387904
1238294235008253957
1238316880294809600
1238480088682893312
1238582257763442688
1238412606886555648
1238586875868090369
1238475093266714624
1238350170271744001
1238265210198044672
1238390385044422659
1238417954418626561
1238322618035580928
1238581905781596161
1238327651309244416
1238379015091769349
1238451676836696066
1238435746559569920
1238310760549249025
1238367828522090496
1238602247841316864
1238565879069192195
1238356512579309569
1238581356218781696
1238492181020762113
1238587051911634953
1238271707514843137
1238288635549691905
1238435465566531584
1238328540501688320
1238492021569904641
1238340166886047744
1238514733428494344
1238350611428433921
1238394998980096000
1238440834548326402
1238607440465330177
1238576603908714499
1238554831134101504
1238259665596755968
1238469355320606722
1238288656747692034
1238480222871334913
1238406399345950721
1238406352805888000
1238464083277631488
1238485327335043072
1238531410387968007
1238384584900911105
1238367753297440769
1238575731552079873
1238333806962249728
1238554986503639041
1238565619102031877
1238452154014277633
1238322618232647681
1238537546709303297
1238429744707878913
1238254657576861696
1238350816370540544
1238502750406815746
1238525420867399680
1238412015447801857
1238447088272322560
1238322064500625408
1238613878734557184
1238293597377585152
1238282729944502281
1238311063004815363
1238282692606771200
1238480466262421504
1238401248237420545
1238356595819626496
1238345430930464769
1238514339524399104
1238560732935000064
1238276317168230400
1238537014057852928
1238316876016619520
1238542961387978752
1238339080603254784
1238491639494119427
1238474514620538880
1238607218104307713
1238306092339187712
1238458173553508353
1238441304247300096
1238362044308566017
1238282314846736385
1238581423159861248
1238464225770639360
1238293568357167104
1238602352522932224
1238411885546033153
1238508626823741442
1238434417040936973
1238373326952771584
1238259523011346433
1238457888428998657
1238513870030999553
1238440066189611008
1238288409082331137
1238384114790694912
1238469930229600258
1238333380388888576
1238344818650238976
1238508425559986176
1238600981241307136
1238514650137784321
1238480638296174594
1238549185701576705
1238311234593644544
1238595986118692865
1238596329888264192
1238435071775739904
1238407238517010432
1238270528785244160
1238530592615985152
1238576444533604354
1238451953287471116
1238407410223665154
1238276216181964807
1238595549466636288
1238378398054887424
1238321892475445248
1238475806340517888
1238334101934895105
1238395267679911936
1238253940568965120
1238265055214526465
1238485377796550656
1238592387284447233
1238530659464949760
1238530814637465602
1238480050779029504
1238468978126684160
1238333649151557633
1238485310666878977
1238451563187896321
1238566248138579968
1238451819304624131
1238463785893015554
1238441039851069443
1238339966049996800
1238613190830886914
1238595918812844033
1238458047929954306
1238581645680074757
1238575983311106050
1238480155468800001
1238587198624215040
1238277130582028288
1238447134204137474
1238287692154187778
1238293895227768833
1238344482573017089
1238305358298271744
1238345720001781761
1238310781625696256
1238497151287578624
1238304985051430913
1238373972602957824
1238613258459889664
1238508312343097346
1238519737472233473
1238418260992962561
1238306159985143808
1238446274480914434
1238334521579356161
1238423612509638656
1238418294350254081
1238356671631507462
1238601132240285696
1238434677221883904
1238429455258914816
1238560095266574338
1238485939762139136
1238441094813306880
1238362283689955328
1238253760079683585
1238395816773115905
1238581247334584321
1238305442066886656
1238265516403253250
1238547952630521856
1238553816410271748
1238458148337442819
1238531511252422656
1238277151557914625
1238612620774723595
1238543267618344965
1238497898016444416
1238300081830281216
1238293719121424384
1238294440701239296
1238423583388512256
1238283145411088384
1238543037086785537
1238317614260047874
1238384291022884864
1238587949429620736
1238592722627256321
1238602356847251460
1238463294870077441
1238441387760201728
1238418478916349952
1238384249029476352
1238435180580352000
1238566139095023616
1238339776949952512
1238434820092551168
1238491178556891142
1238531196717543433
1238608178608308226
1238293488640327680
1238595682090405888
1238581092136955909
1238265550175780865
1238502746648645633
1238351299244167168
1238339479011602432
1238429665263411200
1238333758396231680
1238497506994147329
1238446295427223553
1238503417489895427
1238559679778865152
1238361742545043457
1238547822703775745
1238418709556932609
1238491224614539271
1238537508784308225
1238351172555153408
1238384160852652034
1238464163288145920
1238612817936371714
1238350661097586688
1238283073894129664
1238401660147261441
1238463936531517443
1238311515847041025
1238497293738926081
1238586997817606145
1238607767864332290
1238595981802864643
1238486246181294081
1238379165713420288
1238277466390548480
1238548615662108672
1238446052262453248
1238486065821999106
1238536909342662657
1238508345675350019
1238475659657261058
1238601933033742336
1238385122069622784
1238407376778100737
1238554373988499456
1238468877455101954
1238542818299314177
1238299754863493121
1238592575973531649
1238305995916562432
1238294688135856130
1238531519486013443
1238508161130168320
1238530965858693121
1238497725932425216
1238452238684753920
1238264715543011328
1238282608485830656
1238270684050018305
1238446593445171201
1238531502671114243
1238367975176130560
1238260013732376577
1238575370988703744
1238601619140415488
1238514851460177920
1238475030293409793
1238328510994878464
1238361587662102529
1238480571069800448
1238356080247308289
1238282461706059778
1238428876319023104
1238531347494449152
1238254648642998272
1238581859430391808
1238531850714451970
1238565619085139969
1238469930250616834
1238565518484942848
1238542839815884800
1238559902332866562
1238254162758033409
1238260252354674688
1238458291111579649
1238525256995831809
1238361478383755266
1238452226340737025
1238378716910309381
1238565627427725317
1238407460500787200
1238282457440571394
1238418067778043906
1238345204765253633
1238514087786471425
1238260328506458113
1238287679596322818
1238607964979806208
1238277000516820992
1238474745571618817
1238406273068150784
1238457720711364608
1238519674528239616
1238253625975230464
1238559633884749825
1238293480075669504
1238480382389092354
1238384710952390657
1238536984357941250
1238254661724971010
1238497708962349059
1238367081852067841
1238613551612223488
1238270641977032705
1238537102138249216
1238543397788450818
1238378683775115264
1238554403499585538
1238412451558932480
1238264925165948929
1238395879805067265
1238328154281914370
1238491693961211905
1238311469361618944
1238305953877053442
1238305047810920448
1238569934533332994
1238259569031368704
1238441094343319553
1238607083773267969
1238464330896535555
1238424376258621442
1238596246215905280
1238514020832903168
1238576570282868742
1238543318197420032
1238282465871044609
1238464070900240384
1238367568106151936
1238468982472085504
1238311079425556480
1238412674112688128
1238434413219897345
1238328066272669698
1238293706614153216
1238492265045098496
1238373281352372224
1238400967843794945
1238289021484269570
1238395578301722627
1238491757077200897
1238479430017789953
1238253634296713222
1238596539582500864
1238582094332395521
1238293450619080704
1238259456020013056
1238362275259404288
1238608124447092736
1238334106053869568
1238508911625482241
1238361814565408768
1238373615734648833
1238418385979027461
1238474686390042630
1238345418515156993
1238612968453087233
1238457666055196672
1238520207427002371
1238581670976028676
1238486048889606146
1238480397924737025
1238469380750684168
1238502746224902144
1238378981046374401
1238554517064515585
1238531225796689920
1238452498651742208
1238373133943365632
1238537194223964160
1238300325544591360
1238434824031031297
1238423981893521408
1238305635164237825
1238587991263776768
1238576176102244354
1238451962020016131
1238587480032477184
1238345666029441024
1238457510790443009
1238322899171213312
1238497109202042882
1238407347577311233
1238316276214149120
1238254150405644288
1238350296314556416
1238559696669327360
1238587416459476998
1238440549100605440
1238446790573252608
1238607004513509380
1238362484777476096
1238575542741458946
1238542621477408770
1238316968450633728
1238554009226657793
1238508199143256069
1238491597920231430
1238345778789109760
1238293908070817792
1238429228690964480
1238395712347439109
1238479539510095873
1238570920555565056
1238373691915825152
1238543011602186247
1238351399454302208
1238479992432070657
1238553937894137858
1238607025401192448
1238400984315035651
1238310882368720896
1238357070329466880
1238479765851406342
1238379040035176448
1238613467801645056
1238357019687559171
1238446584758710273
1238265349113511936
1238581464762990592
1238525676573073408
1238531955504734208
1238519431380303878
1238452246918115328
1238317224257077248
1238502700402331648
1238288803342606336
1238260244289064961
1238271418141270016
1238440276563238913
1238406751868903425
1238400657389993984
1238463957700169728
1238384513127874561
1238560757991616512
1238503656653193216
1238395003728048130
1238434471365554177
1238351378495356928
1238519377055473664
1238570505654996992
1238575433634975744
1238469275951792128
1238503098936520704
1238270428294021120
1238479413349621760
1238435780428738562
1238271354010505216
1238276744852852738
1238406361274126336
1238446492664373254
1238581142170808321
1238587840700862471
1238485180735610880
1238581171799416838
1238435587561910272
1238524992721215488
1238294210224230400
1238452888772341760
1238379291408076800
1238328641412575237
1238451546632978432
1238322932406943744
1238536828979986440
1238491752971096068
1238288840755986433
1238560388553244672
1238514330720763905
1238548367787073537
1238503732117192707
1238497612334010368
1238259401494061065
1238396232080543746
1238418026111827970
1238451508867477504
1238474535713767424
1238525634915205128
1238469946839117824
1238344843539238912
1238514482097410048
1238356982207320065
1238344588097736704
1238322877897699329
1238406361282682884
1238316834182455296
1238525685368487938
1238612633009426432
1238407443669037058
1238395150444957696
1238548514763935748
1238502905604423681
1238294654572871686
1238265783807082496
1238464444117770242
1238299608100601858
1238587131695636481
1238288606403473410
1238588016526069762
1238373100938350593
1238587194408873984
1238607457317818369
1238282897649532928
1238503186920603648
1238570702514442241
1238446400616239111
1238429169790271489
1238441232818413569
1238559746954686465
1238361473900064773
1238475559295832065
1238327559026171904
1238458203073019907
1238452397871108096
1238350506118066178
1238395963565314048
1238475430027558912
1238526092081758209
1238491958630383616
1238282323436560389
1238613895675289601
1238514889049673729
1238607012856020993
1238277558338293760
1238400875711868929
1238440100415057920
1238310895178190854
1238452012393607169
1238525097641676801
1238277503757611008
1238288660631617537
1238514498635350016
1238531221501739010
1238424036352221185
1238542722371334144
1238526234482573312
1238293601882259457
1238379282814193664
1238463093547597824
1238508173855723520
1238525743795073024
1238300249879445504
1238536993161859072
1238406441087700992
1238276497573462016
1238548951067959305
1238317278556545024
1238260214954147842
1238265130493894659
1238412565215997952
1238612616290983947
1238475613352189952
1238475538101989379
1238464062276730880
1238390083646042118
1238379652584034304
1238508672818561032
1238305024721248258
1238463206663892992
1238282776324919298
1238497914562977797
1238452150897909760
1238385168131461120
1238423901987844096
1238282088572313601
1238503728031776768
1238435608156135424
1238474552310521856
1238520186606665729
1238441161448185863
1238385117531430912
1238412703057604608
1238265692782317569
1238339311696822273
1238445846963924992
1238592534089281537
1238259560529440768
1238407016076492801
1238288497217359872
1238565757631553536
1238565845745332224
1238508207556956163
1238434845195296768
1238429664911204353
1238554189627867137
1238368269008089088
1238351437706301441
1238423797545472000
1238485310566215680
1238575618268303365
1238259095200768001
1238305693968609280
1238607763909066752
1238271472625467396
1238367412866682880
1238412544202637313
1238367375763722240
1238595880816488449
1238379102681419776
1238395259333345280
1238601052485812231
1238300157294379008
1238586691280986112
1238260332432371712
1238328716708605952
1238497172385157120
1238606907692257280
1238475240147226625
1238412930053439488
1238334042673762304
1238607868397588480
1238282000286363649
1238587890755612672
1238299947881172993
1238333968283398145
1238288832887435264
1238406365753643008
1238351026484326406
