1239217044861698049
1239153345895546880
1239016666152841216
1239135880796766208
1239056210151776256
1238987050214277120
1239084366489440258
1239222711135506432
1239170794141466630
1239267691120283651
1239227669138386944
1239290046865272832
1239113995027701760
1239113562905350145
1239188100036866048
1239244928422641665
1239193132937277446
1239273907250696192
1239192940100096001
1239147977433726976
1239102230139002880
1239279191805353988
1239284585663541252
1239301945631870977
1239273907032645634
1239205149396160515
1239182101875957760
1239062543173378050
1239307243218259969
1239204600655167488
1239216633626923010
1239135675498233857
1239153199065546753
1239107959508086784
1239159238947147777
1239228662962159616
1239061549391564803
1239327904879665153
1239181510810402817
1239222061341577217
1239317120938205184
1239187047346290690
1239073998043877376
1239340256647921664
1239028100047998976
1239090997608448000
1239262112397938688
1239307813656113154
1239078897750167554
1239090250875617280
1239317066429186050
1239239085971116033
1239199893924782080
1239022605425770496
1239005270535266305
1239033200422162433
1239279149925011456
1239119695107653632
1239062422029139970
1239085457050185728
1239278634063585280
1239050979728818176
1239164800741113863
1239148325791764480
1239340462487539714
1239216592053055488
1239170748457025537
1239339744900898816
1239102116519526402
1239239408869502977
1239250238629691394
1239187600776343560
1239285005093920770
1239329162814464001
1239296543859118080
1239317728995020802
1239267498186473474
1239215828702117888
1239005492535582721
1239187906796781569
1239027940475785218
1239141858116239360
1239307746958143488
1239245448621240320
1239136715543019522
1239164909713158144
1239262402019053570
1239181468871450629
1239261898488582146
1239107997676208135
1239130767927595008
1239062669325262848
1239142268533161985
1239296719927545856
1239182550947508225
1239004468987015173
1239322875800227840
1239267594613514240
1239284594417061890
1239296249972563970
1239147281380712449
1239176640850264066
1239034185769201665
1239101860755070976
1239170475768627201
1239268362049462272
1239279774448705542
1239079673256001536
1239051324110647296
1239176838590672897
1239056616856535046
1239199030384701440
1239164687184527360
1239164544880128000
1239296820322414598
1239205531442544640
1239016288783081472
1239210220787838978
1239159687989178374
1239222875040763904
1239084538975801352
1239113386765488128
1239329150269259781
1239238914075811841
1239125344722006026
1239010609641017344
1239010789882814466
1239222786838667266
1239227769793343490
1239022190105890817
1239296862684938240
1239067610559344640
1239176129283579906
1239119057795690496
1239328382438998017
1239273823142281219
1239152712618373120
1239159410443710464
1239044864974524416
1239205099391479808
1238994054630653952
1239215832854663169
1239165354452148226
1239301987994341378
1239136476417462274
1239233478283182087
1239211189600649223
1239302654876139524
1239136711181041666
1239198829213335552
1239090091848425472
1239016460610981891
1239158563760635912
1239250938864566272
1239061600411062272
1239316487871094786
1239182555062157316
1239301740354207744
1239285541998194688
1239175890518458369
1238981417599528961
1239125172885393410
1239158408898580480
1239175961821638662
1238982620979093505
1238987230431121408
1239302516799488008
1239096733885440000
1238998445894930432
1238987415152443393
1239073289579843584
1239010068747751429
1239005555374473216
1239312033293705216
1239251203491536897
1239130453711425536
1239142319431004161
1239193791623503872
1239238964130861061
1239095640937947137
1239108073127583745
1239005463372607489
1239296489245073409
1239153995488190464
1239175638482903040
1239056688335867904
1239210615048003584
1239285068339675136
1239033209083568133
1239268408153300995
1239210820577325056
1239222690373947392
1239339808025182215
1239068193232162816
1239016435797700609
1239141820015108096
1239290583811792896
1239010542360170498
1239102007954341888
1239228050895585281
1239291225234010114
1239050594209366021
1239062711603998721
1239307071432032258
1239164226335379457
1239050316831756288
1239164687264014338
1238987646103420928
1239112908623294464
1239016183745130496
1239285118172348418
1239021334450978816
1239068436887506944
1239278650387726341
1239005367230771200
1239268005617504258
1239148027962687496
1239301274744414208
1239310984600117249
1239096114608869376
1239147193199521798
1239216013255860225
1239222166081523712
1239227895517564932
1238999029444313088
1239205707448279041
1239228172480045057
1239262695607730179
1239176749986074629
1239328131015737348
1239050791681282049
1239295884795486214
1239289899997515777
1239142160034914306
1239136598312304642
1239170492176760833
1239102448309919744
1239273366026162177
1239062225148686336
1239135982017851392
1239284224986882048
1239096215494471680
1239238800833941506
1239187718158065665
1239216277316665347
1239188233952669700
1239067312583475201
1239034064218324992
1239045099092246530
1239067531043835904
1239039403785404416
1239147210052427776
1239050950666575873
1239256450356203520
1239176540405018626
1239028020268208128
1239158983086276611
1239273928155107333
1238999750717755393
1238987042043727872
1239095904868732930
1239187626034413571
1239307251816501250
1239004439995764737
1238986937144205312
1239221628908814338
1239045380240822273
1239216990205685767
1238988292022034433
1239079602451927042
1239327921292087298
1239056701229346816
1239245025117999109
1239233360448360449
1239222086268313605
1239204637774938122
1239267351553429504
1239170865700327430
1239051252496920576
1239101978279641088
1239068155928096769
1239164821725118464
1239339330004541442
1239251467309105154
1239051063950336000
1239147280894066689
1239322573260947457
1239187047010705408
1239152636982673408
1239164443994570753
1239096165767041024
1239033405813161985
1239079530423357440
1239176049684070401
1238993283185082369
1239279598560579584
1239101752424701953
1239084736187969536
1239289962786369536
1239096882548183040
1239079053078016006
1239118672221872130
1239307021251489795
1239022601160318984
1239228134584508416
1239084266056757249
1239010446423674881
1239245272561192961
1239284941994758144
1239217224344199170
1239050350868541441
1239301291823763456
1239268513266536448
1239101617640574976
1239171016426807296
1239044298357817345
1239113659932119043
1239113018098757632
1239038799683911680
1239290457676529666
1238992775829487622
1239216696487018496
1239153077619290115
1239256714718871553
1239257008106135552
1239311446149935112
1239233138515152896
1239317733520461824
1239193976122597377
1239011150882316288
1239153778017869824
1239285105979465733
1239033917115678721
1239078804875874304
1239199265169248256
1239044441027084289
1239296883434106881
1239250875627036676
1239295755178909702
1239158819801858048
1239148018890350593
1239334938257784832
1239021837985538049
1239095930365915136
1238998706118184961
1239032814387056643
1239153249992740864
1239198955046612994
1239112996502331393
1238993329280475136
1239135599686070273
1239193044764839936
1239028078979866624
1239244509088792584
1239262162935263234
1239114099851755520
1238982612728926208
1239216801352908801
1239274045490724865
1239141497234173957
1239222530680008705
1239084434214793216
1239124782727266307
1239068281207578631
1239176108622393354
1239033141945221120
1239175785266774022
1239187256956551168
1239205242471931905
1239164548936093697
1239039495996977153
1239216990423842817
1239170517837340672
1239085582791389185
1239038678284079105
1239010185823150081
1239091173551157249
1239033103701749765
1239216080184213504
1239317418830434305
1239142650558717952
1239004620254408706
1239256232332087296
1239239610284343309
1239279078647255040
1239130671995654144
1239339405174849539
1239295751227879424
1239056554474778625
1239152809271910400
1239050342538653696
1239033565624463362
1239004527648337922
1239107921729990657
1239119879959195648
1239130080648908802
1239107595106807808
1239050598307299328
1239222983887065090
1239307352316264451
1239262133570994181
1239171041630605312
1239090113189199872
1239268198739898369
1239010341603794945
1239010785885655049
1239256022755180545
1239328437195677700
1239113953130745857
1239125277579579392
1239130990078857218
1239193368753844225
1239015663936684033
1239039479282896901
1239316764221210624
1239147268596355073
1239136057234358273
1239164133670391808
1239148158099148807
1239301585299279882
1239339598116839424
1239028104254783489
1239010345643126785
1239010777497026562
1239199030351204356
1239061864136531968
1239317787891433472
1238993836644257792
1239187592593063940
1239130168263938048
1239159071401484288
1239153492834390017
1239050983960981504
1239136854043021313
1239221762413326337
1239334040689311745
1239084274650959872
1239159595525783552
1239096814953005056
1239290931691393024
1239328479088345090
1238988149205995521
1239239966871433219
1239028427635605509
1239274154685272065
1239262766931660800
1239233272619696129
1239328407667777536
1239256433956438022
1239051277729853441
1239153308746395648
1239302453574713346
1238992788143906816
1239199886295232512
1239228155803709440
1239290411291750401
1238992871803375616
1239067291616251905
1238999138081144834
1239290726103560192
1239067166063951873
1239193724174942209
1239095884459249664
1239307134397042696
1239033749527875584
1239056319287455746
1239021934416809985
1239273655328276482
1239302222728626177
1239239920465719298
1239199672159203329
1239245574538395650
1239233813605212160
1239016431578120195
1239251068678266883
1238999167873290241
1239056599215255552
1239113252581277696
1239182295174545408
1239021485794066439
1239147620808814592
1238988124115603457
1238993404631093253
1238999239050457088
1239096572358594561
1239187650990485508
1239234354703982593
1239107661511028736
1239141920993148928
1239279343265701888
1239044323947266050
1239175751909249026
1239327891953004546
1239124518754562048
1239079710895661056
1239085431909748737
1239182160763834368
1239005559933657088
1239165379689222145
1239084970301415425
1238981711146385409
1239079367273218048
1239256500549357570
1239291141679390722
1239273646994178048
1238993073276948486
1239307889468112899
1239256060185083905
1239079148737478656
1239239198940553216
1239228159628922881
1239005047943393280
1239096249812279298
1239033782994436102
1239044247946276865
1239096999724679168
1239240172228747264
1239016263768211460
1239296614973558785
1239182307635924994
1239021360011042817
1239011305715118081
1239233972795834368
1239317724951650304
1239032914760916994
1238993354492346368
1239285139307454464
1239147369247043585
1239124895876943872
1239074099445391362
1239068286035169283
1239250922263515136
1239004943060623360
1239329242426544128
1239015877929881600
1239153805499006976
1239250825643462661
1239198485162778625
1239158370872856578
1239033799847153664
1239210849715322885
1239193682617630720
1239317158653497344
1238999486556516352
1238987389822996480
1239328814561452032
1239039357622894592
1239328944353972225
1239193540011286529
1239033938187816960
1239262401981079553
1239187525203345408
1239108336865296385
1239108068295704576
1239108395447144450
1239004267928670209
1239267766663872519
1239072819620786176
1239073083471716352
1239256647345664005
1239165090085195778
1239164641156182017
1239034068563607552
1239290059179937795
1239262448047308803
1239108370965151744
1238992695596589062
1239171213555105792
1239033783275356160
1239222228748812288
1238998660345663494
1239027689278734336
1239285135188668416
1239136397124141057
1239176649712828417
1238998739932643334
1238982121974378498
1239062355176194048
1239033061716746241
1239175802371145728
1239317163116199938
1239158307727736832
1239256337038610435
1239021410179264513
1239279632471425024
1239176120978849792
1239296786788802561
1238988229069635584
1239199525539110915
1239187886194524160
1239112975946047489
1239010525645848576
1239142449768996865
1239323328638140416
1239141786611666945
1239329179436486656
1239113550397952000
1239097000231964674
1238993719375867905
1239147108810227712
1239090225822838784
1239039785500434437
1239244689561305088
1239097003692290049
1238999515551674368
1239078734164000768
1239192663380955137
1239010060166201345
1238988144831336449
1239222908423155712
1239101777745711109
1239096412886966272
1239010118819291141
1239187659735646209
1239068428339752961
1239193409736314881
1239141581082394624
1239199139512176642
1239187009215713280
1239009976317689858
1239102519453929472
1239016540453900290
1239296379966689283
1239188360012455939
1239279074217951239
1239125005046173696
1239021846240153601
1239251291517435905
1239238821704851456
1239113365236088832
1239147285457575936
1239005207306043392
1239096530046509056
1239158588704280577
1239322913460887553
1238987562082914304
1239146924625629184
1238993044231389185
1239239042824355843
1238994021336432640
1239170303420497920
1239340387015196672
1239147708528590848
1239027768798650370
1239010244610662401
1239101621763629056
1239153710900465664
1239010802553757696
1238992964040429571
1239101634598313984
1239273290457202688
1239147570783453185
1239333805913227266
1239135713058336770
1239216541570199552
1239216054884327424
1239112904516882432
1239211139365515266
1239233637742268418
1239096810708160512
1238987725447008258
1239187294449532930
1239045242252230656
1239204692774785024
1239296225175900162
1239072865728827392
1239118658741219329
1239198455576309760
1239044541392379904
1239055694420004865
1239073914858455040
1239061818657521667
1239261587564683264
1239061964636200960
1239125420899028992
1239239945577025536
1239317540670562306
1239279171093663744
1239112904487518209
1239284543829479425
1239175584040845312
1239317301343764481
1239307213849559040
1239279569779060736
1239317226064240642
1239164238964326400
1239045003055206406
1239210450476101632
1239176288801361920
1239227908285173760
1238987138458255360
1239135612592152576
1239153564393574400
1239216499480334339
1239158865872052225
1239084430104449025
1238992871707082754
1239284447457017856
1239141635587481600
1239301392566755328
1238981354240573441
1239113026638356480
1239307461435125760
1239176234116034560
1239339627435229185
1239004431460556800
1239222753192038402
1239164435500896256
1239107695283539969
1239176464873947136
1238987805050769409
1239101689069699078
1239153429752287232
1239027659805536256
1239101727556632576
1239234375868268544
1239159327216336896
1238993249089523716
1239334443397066754
1239244844754702336
1239142533525057536
1239215979286212614
1239256500733906945
1239022135756099584
1239136237526474752
1239153538955173888
1239004162949623808
1239044676239282177
1239136438643499008
1239328072463253504
1239244743852331009
1239129925434724354
1239234069591994369
1239136753417629696
1238998567576129537
1239228218508541952
1239165085635002368
1239112959277723649
1239141383493033984
1239193598576353280
1239255984914087936
1239095690950840321
1239085155584815111
1239085289018142721
1239311437694152705
1239199499798667268
1239033720100638720
1239107913731510278
1239142050945060864
1239256567960174592
1239291028022202369
1239301639460261890
1239141891184013312
1239193569367334912
1239073628769017856
1238998953796009990
1239061873015672832
1239032818258206722
1239015622136258561
1239039647457718273
1239312020928974857
1239227287394025473
1239273093455118350
1239238817518936067
1239193078663016455
1239033087054544896
1239199525132275713
1239273038534893568
1239005425548308482
1239028129395625984
1239311811293450242
1238993144844255232
1239051110020714496
1239090464952745984
1239333591810785280
1239245222569218049
1239333801748303873
1239251299624873985
1239329141821825029
1239210069843013632
1239056847862149120
1239251047845167105
1239021783694610433
1239268009853804544
1239279690923343875
1239239874550681605
1239256399978418176
1239239639434539012
1239193283957489665
1239045430794579968
1239279732727795712
1239295688095289344
1239084719414837248
1239290612345638913
1239027898515742721
1239090394102669312
1239193745548914688
1239050049151090689
1239296833006047234
1239244886785826820
1239095628342284289
1239210069683769349
1239250301527429122
1239119372549074944
1239073579141959680
1239239719633838080
1239290780898021376
1239005069267406849
1239021351169445889
1239301564684107777
1239044612913655808
1239199869069332485
1239142042820702208
1239005173537624064
1239328806470590466
1239328026141302785
1238999603598540800
1239101638406782976
1239301862081298434
1239164943515226118
1239010047469842433
1239148333777719296
1239022404074123264
1239193284087611398
1239056533083717632
1238992712734593025
1239113458202935297
1239158584597831683
1239090973080268803
1239061470316388353
1239278609011015680
1239278696898404352
1239073805168828416
1239322292456493058
1239176318324858881
1239049914509930496
1239289823942377472
1239198899954487296
1239147315002093569
1239210186868502528
1239210275112280064
1239340340542398466
1239322582001823744
1239084177779085312
1239193388764803078
1239130839432208385
1239004742019358723
1239176754431836162
1239322577883074564
1239210501923655687
1239261772907008003
1239245813576077312
1239290960967655425
1239044411704496130
1239068075992985601
1239312071268892673
1239056524913160193
1239221960522989569
1239136581325221888
1239078528068575232
1239181825366507522
1239119183717097472
1239164133670391811
1239084223614590976
1239295985802784775
1239290365393481729
1239096798569844736
1238993777898991616
1239113261108416513
1239316579839606784
1239079841590153216
1239296770385096704
1239033887910760449
1239199705847885825
1239194123237642241
1239067237048180736
1239307247731249152
1239199584041172992
1239181682646843397
1239192713767145472
1239021569134870529
1238987691980722176
1239049952518705152
1239113336651948032
1239181808618680320
1239198484659609602
1239245196765863941
1239205523259441152
1239136208212512768
1239033590526160896
1239278537565179907
1239049889415192576
1239091169805717505
1239187278095777793
1239158651656568832
1239004396387590146
1239316546033508353
1239285227203235841
1239322317752340480
1239113349851426816
1239302025776488449
1239118927818403840
1239176901400412161
1239125395091357696
1239119900662067201
1239118927566954501
1239339392868790278
1239079270808518656
1239284401319612418
1238981572692410371
1239273701700300800
1239273445675937794
1239267976144175104
1239051135425495041
1239261915081310211
1239251115239190528
1239290562454466562
1239021355380674561
1239273873591472130
1239085234575912962
1239095703063887872
1239301928804331523
1239056441110974464
1239055945713348608
1239245654251143170
1239135650101604353
1239146949724471297
1239061520618848257
1239296581339414534
1239015667954679808
1238999138429104131
1239222795030147072
1239257066990112769
1239182160726241282
1239152809309876225
1239136309186138112
1238982641883533312
1238987020883521537
1239159016552620034
1239079123508703233
1239193841506357248
1239301459327373312
1239061780518907904
1239153035470757889
1239176460788568067
1239290155632115713
1239073461886222336
1239334619431886849
1239311374678982664
1239193153925787650
1239153371287822337
1239056809777750016
1239045032121970689
1239216822492241922
1239108248864686080
1239028154796212225
1239311727331700736
1239295624853565448
1239044646321389568
1239050711754825728
1239136564409593856
1239038829132210177
1239334027972292610
1239188284485636099
1239262603345637377
1239079052662542337
1239317578444492801
1238987843181203458
1239056017083772928
1238982201644998656
1239328495781777409
1239039487868571649
1239022450320363523
1239033854742020096
1239125357648924673
1239279468541145088
1238993119372349441
1239340558964764672
1239256945464356870
1239310959442907136
1239124606822342656
1239295767631802369
1239322653351129089
1239039634044260427
1239170173577449473
1239158630592569345
1239296858444439558
1239095867208093697
1239158945656328192
1239091140168581120
1239245058202898435
1239165077565120512
1239245243020718080
1238981870508859392
1239073809283588096
1239153652364951552
1239323542736404480
1239113063908835328
1239204399043489798
1239050400898023424
1239188343138721796
1239101600724971520
1239278692540518401
1239215778039304193
1239016888383963136
1239198497817182211
1239323202754621440
1239323274263138304
1239187370374725638
1239216575040937985
1239193829724442624
1238982377659080706
1239055841321463808
1238999679276322824
1238999599689404416
1239067279154970625
1239148052805386241
1239316546188652544
1239016779738779648
1239233591223169024
1239250536408338433
1239296887447908352
1239118571390799873
1239067740104577024
1239039290656636930
1239301987835002887
1239067535041073153
1239205258959532032
1239033497936957440
1239279326056583169
1239193963808133121
1239079253624283136
1239302524538171393
1239101558895390720
1239119477507317760
1239233947697020931
1238987125468651524
1239310968158633989
1239307020827865089
1238992926539210754
1239322292347420672
1239005043942133762
1239307532465774596
1239062556217495553
1238982247379861504
1239061432072798208
1239159008574836736
1239050548260868096
1239114037146693632
1239312054223278080
1239257104579358721
1239050031824613376
1239210530855964672
1239267250693079042
1239176871616679938
1239307616544870400
1239284539605815297
1239250594956824581
1239279330565513227
1239221809356120064
1239233079631327232
1239107481290317824
1239334254619906054
1239239513760624641
1238999058703884288
1239039927565733888
1239062316886286337
1238993245356445696
1239125022309933056
1239113084750442496
1239284946533076992
1239302193347354625
1239084438346137600
1239125126819590144
1238982281252884480
1239164666649227265
1239016196797849607
1239004670577782785
1239239929026076673
1239176276377849856
1239279707926872064
1239107842390593536
1239272841410945025
1239334875544551424
1239317062515740672
1239136247773147138
1239055690414645249
