1238748465988952064
1238760259872870401
1238847027552927744
1238900920211116033
1238941428581089280
1238897858557825024
1238970612699271168
1238687564682297347
1238898106026151937
1238834788603215872
1238924311681011713
1238619633441050624
1238930045588123648
1238941558721789952
1238712324162301952
1238964203697901568
1238630354031763458
1238881609761390592
1238630173471387648
1238952833027698688
1238682241863045120
1238892120687157248
1238734968496545793
1238840408874115072
1238760117446889472
1238851590976462850
1238629976401940480
1238800143757053952
1238840434127966210
1238710104989380612
1238712168071270402
1238636083744837632
1238941210552737794
1238858448357543945
1238718451830665216
1238699207696863232
1238828794883870720
1238863758493208578
1238800026211622913
1238730086586736640
1238823459649658880
1238624817475194888
1238964510251081728
1238772087650537472
1238618350013554690
1238946764004130823
1238846310435844098
1238730043985145857
1238976136522002432
1238670359471304704
1238747857664061442
1238712461638995969
1238630479936528386
1238806003187146754
1238648473601355776
1238958868463411200
1238829763638239232
1238653670427893762
1238693490470481920
1238805462021214214
1238619020926038017
1238800944751656960
1238783782162849792
1238742434944868352
1238642052012879872
1238841357109616641
1238771694082437120
1238924748286918656
1238811191616643072
1238648355930157058
1238975612187840513
1238834759297568769
1238887120888094720
1238887527957835777
1238946872754135043
1238805793211912195
1238712340335546369
1238699526682075141
1238901641648226304
1238647265553776640
1238811258390020101
1238823124281540614
1238892774726021127
1238681931597754368
1238925104756723714
1238705596175654917
1238901943394873350
1238907572037582850
1238742812478373888
1238724143463518208
1238840279152689152
1238688126522064901
1238794653664714752
1238765499158122496
1238953630075482112
1238941537544876032
1238735081784541184
1238852044028555266
1238665842189090816
1238970239381131266
1238845874115162112
1238929894454767619
1238907631202435080
1238976241937649664
1238874739445125120
1238735563785527296
1238665573950803968
1238975847517880331
1238688533386149904
1238812525098962944
1238783077138288641
1238816898076348420
1238647315981885440
1238901201380442113
1238772180818759682
1238828463416541185
1238869936707002368
1238941202113798147
1238766170033065985
1238811161929318400
1238647726843330560
1238851653744226304
1238772360976773120
1238642659880828928
1238676277403496450
1238718107314774016
1238631033412575232
1238778173938184192
1238823409129345024
1238747874365788160
1238869374762655752
1238687971055788032
1238892149774712836
1238753884769746945
1238864211410894851
1238953911320555525
1238800634528313344
1238870381118849026
1238958747067846656
1238641489699364864
1238901494826569730
1238704710649085953
1238631004115533824
1238743005206433792
1238765603504218112
1238681893991669760
1238664919354130432
1238845857237069825
1238625329389895680
1238953340580564993
1238743378302550016
1238676990787350528
1238705448800473088
1238641628190892037
1238675858023301120
1238766794577494016
1238676118481309696
1238924772764983296
1238840828446953478
1238935984642744320
1238924278260731909
1238924618070720515
1238653850359418881
1238806334818127877
1238817843531198464
1238741448561790976
1238941936418992130
1238794771155607553
1238913184372842497
1238735677598113792
1238699707305734145
1238892506277990400
1238777427263922177
1238823745147547648
1238742220611751936
1238918389395001345
1238906859525898240
1238971120101011459
1238892053439729669
1238789658139668480
1238880657645776896
1238953193662537734
1238912450143096832
1238901326794366983
1238857827923394560
1238642299476815872
1238822750929801218
1238723987703648256
1238648183775023105
1238806275984478209
1238863372679917569
1238823623663579138
1238930682770010115
1238913360466456576
1238629829907550210
1238723870212775936
1238835656777961473
1238630005749493760
1238846276625510401
1238965155825889282
1238869408237277186
1238906570152394753
1238713129065803776
1238823887368073216
1238778014411915264
1238641863135019013
1238771869769019393
1238676911171272706
1238777335157084160
1238901259714744320
1238653011926401027
1238693843148533760
1238953013668122625
1238652885858222081
1238835379840536578
1238729189165056001
1238875251070640129
1238742854295379968
1238835551639396353
1238817247352827907
1238712449093832707
1238653103890501632
1238835002806169600
1238630433526513665
1238918662083563525
1238941277757952000
1238699153355612160
1238863410348998657
1238892980221562880
1238912563162886145
1238698855211782144
1238676017608261632
1238712360912785408
1238893391393497089
1238642592880791553
1238929785709043713
1238817143346483202
1238754409133346822
1238724579109019648
1238930188206870528
1238828648037339136
1238788286384136192
1238923758297120770
1238847115545251840
1238811791188275206
1238754761840529408
1238699987904516098
1238659945018601474
1238852836642959360
1238923603082727424
1238846884828950528
1238653015718014981
1238735857768513538
1238958919248236544
1238712403048701952
1238846054558076930
1238782913640124416
1238893185973321728
1238958507820494848
1238930792128155652
1238694179200360453
1238742643854770176
1238718363150569473
1238901377432240129
1238901062800637958
1238693503800152064
1238953391088439300
1238912240851525634
1238919127735119878
1238624675053416448
1238881668582293504
1238858255805399040
1238835157454520321
1238970008774086656
1238789636530606080
1238975838844002304
1238642626565492736
1238918750151335937
1238863758832754688
1238647621872422913
1238658636077031424
1238694153774653440
1238648377178345474
1238699828340600833
1238952547702001667
1238935640319971329
1238760684134907904
1238964598109241344
1238811443010719747
1238729919083032576
1238901536945770496
1238688529254776833
1238852891294793728
1238794615798431744
1238748783959105537
1238976044725608461
1238794968136912896
1238929659351400450
1238641582171193344
1238893273999126529
1238635702012669952
1238748562609012736
1238641716397309953
1238965025596981251
1238760365145669632
1238969904042110976
1238670900570046464
1238665191958679552
1238766488984657920
1238906443941793793
1238788554702098432
1238947602755923975
1238749275305029634
1238935645021757443
1238789087852519424
1238875611642433537
1238766706916556805
1238941982178803718
1238887468864139265
1238636507025604609
1238880690961342464
1238858108891529216
1238912697619476480
1238887241679806465
1238630236469760002
1238670129015033856
1238766777854812161
1238800361571463169
1238947565023920134
1238747870355849216
1238923879835459585
1238919224103284736
1238841071599312897
1238659151921852417
1238729675116965890
1238852224450793472
1238682195474231296
1238783077188390913
1238907161067040768
1238788890565029891
1238929499816751104
1238740282490769408
1238829461727932419
1238911970641711104
1238805759317721089
1238852979152703488
1238749405639061504
1238923758313897984
1238789674614882304
1238930662029168644
1238629917765578755
1238923762436898823
1238907589188112395
1238936458444124160
1238835107592433665
1238704979084361728
1238828669067558912
1238817453624324098
1238760658453368835
1238918678411968513
1238940996882305025
1238704660757667840
1238712856167604224
1238823040009584641
1238835266862923777
1238619503233306627
1238788374246371330
1238805575296782336
1238881118591561728
1238863351813308417
1238653657371074560
1238901880702619648
1238624205287165952
1238771471872413697
1238771840509571073
1238694288193654784
1238892728672370690
1238947175008272384
1238795110004989952
1238924584260456450
1238947875373056001
1238630580650196992
1238946843721183237
1238887389247893504
1238723933127524352
1238874902981214208
1238800550356873216
1238834302391136262
1238664843864965122
1238618266018500609
1238952653163360257
1238976564597063680
1238863217582960641
1238630546957205506
1238723417622351873
1238930767016644608
1238688000441278469
1238704798586662913
1238913272746856453
1238636561660391424
1238730204031270912
1238869618124402688
1238800219124502529
1238857274199879680
1238676382370140160
1238682783167332352
1238917919905480704
1238893101852262400
1238789314248495105
1238913071248179202
1238771664688734213
1238659890740109313
1238743265391915008
1238929525318332422
1238858683506806786
1238906700117278722
1238829734227738624
1238953793737371655
1238723421657133057
1238852836638593024
1238953441457815552
1238676709379117058
1238671109903364096
1238794280266842112
1238729893124464640
1238947909208547328
1238749375758655488
1238881324292866050
1238947129273581568
1238636796306751493
1238970046363435008
1238765989791248384
1238824063692189697
1238687971341037568
1238699887396610049
1238959447495581702
1238800496145678336
1238976698751877126
1238624062756327424
1238835245362958337
1238913033264496640
1238869097980604417
1238970016827129858
1238970184775262208
1238970382381654017
1238618631241478145
1238688138899394562
1238935984470974466
1238654060330389504
1238875565752348673
1238664998777470977
1238924575980883968
1238858612023451650
1238641674227777536
1238834629039325184
1238642655791366144
1238829591827025926
1238869743978725377
1238841440727379971
1238681583281999875
1238635823236632577
1238941567064383490
1238659588104138755
1238812084814700544
1238941093284196353
1238959506148798464
1238719093148192769
1238760403007569922
1238869123200933889
1238970507770368001
1238630324864798720
1238659341080768512
1238648523920478208
1238969991594233858
1238624092263243776
1238625065027207168
1238892619624845312
1238912659967352833
1238618723235385345
1238875439877230593
1238749183005212674
1238864454994911232
1238653430979268608
1238975792547352576
1238941521090666499
1238760708445212672
1238735026910638080
1238729155782508546
1238941558725959680
1238724088450789376
1238654185848967168
1238665389397151748
1238705583181533189
1238724134412136449
1238742543841366016
1238699371128147969
1238761015124340736
1238712382328844288
1238729889383092224
1238636901323739137
1238953738984927232
1238771467765960704
1238942267567718401
1238853000157896705
1238647722330206208
1238817285676191745
1238845907656998912
1238618509237784582
1238918414854471682
1238749397405634561
1238863527303172102
1238935627984494594
1238789125140090880
1238936068470312961
1238658728481579008
1238740350308478976
1238625195243560962
1238880437285552130
1238665611556708352
1238829256500637697
1238730115875344384
1238924986863226881
1238805549984219136
1238648175809966085
1238901771541643265
1238929613499150337
1238682527008796673
1238935930096037888
1238817893900374016
1238840391899795457
1238794988793868288
1238829348670574597
1238619444517253120
1238917864846999552
1238869617935867904
1238929885931819008
1238851687261122560
1238794422957023232
1238659940576833538
1238924936930082818
1238740438309195776
1238705096738783232
1238718104672198657
1238893240314523648
1238712180956114944
1238892879935868931
1238778245719502848
1238794430901104640
1238635768907567104
1238806053548167172
1238772150976352256
1238863485871820808
1238659156313243648
1238765746601115648
1238834243314290691
1238624725435183104
1238857873553338370
1238880695235248128
1238618953854976000
1238642768777527297
1238965151874912256
1238924118910734337
1238829126426841088
1238794145600278529
1238742303948275712
1238677019711266818
1238870058698407937
1238705285843181568
1238930842635907074
1238912114603053059
1238677128830504961
1238704664452857856
1238918183865569285
1238789633158402049
1238901251737366533
1238840706514538497
1238754904346259456
1238681877180895232
1238858461112303617
1238676969807589376
1238958835366334466
1238670153652383744
1238629897087512576
1238817386037420035
1238625115346284545
1238958428086841345
1238952732196843522
1238618500740132865
1238659412278968321
1238930645029617664
1238682825198534656
1238653669991727115
1238712147519180800
1238812462532775936
1238653150422327299
1238713267373010945
1238729235042369536
1238789146510069760
1238712210182017024
1238847224555220992
1238924156365914113
1238755151898243075
1238906959950118912
1238693394274299905
1238693948693962754
1238659877636988928
1238817700912058371
1238935728358391808
1238817747041226753
1238828526289047558
1238970344523722752
1238969731979382784
1238693197141942272
1238682522722037761
1238858411049172992
1238635890190229505
1238653934350278656
1238694350764134402
1238618232522715137
1238729998468624384
1238880460098412546
1238817231137640450
1238730392913547275
1238901276953530368
1238817218848337920
1238653317938585602
1238835090609840128
1238754228472090624
1238812361299017728
1238783643419463681
1238864400041246722
1238636062441787393
1238705679369551872
1238630333215657984
1238906272222756870
1238858276499935234
1238799711609511937
1238705579310362624
1238687757075128320
1238907111108530176
1238783236144164864
1238805428886274048
1238654219487502337
1238670871021129729
1238670531299282945
1238875750159339520
1238718258129154048
1238851867859456000
1238754467652255746
1238647936654946305
1238777561267744769
1238846029396676609
1238618815509852160
1238713355109453824
1238913406608031746
1238748855677550592
1238941139220271104
1238976598189264896
1238783765180076032
1238625266500395008
1238630903515144193
1238659550888120320
1238964279522365441
1238924534230769671
1238676566965510146
1238887574292312066
1238976027356844032
1238869693454221313
1238766693633216512
1238713196124332034
1238729972778332161
1238729964779954178
1238687908619407360
1238800302909853696
1238718606323539970
1238900911679983625
1238648049804750849
1238800911377432576
1238970176693063682
1238929856852889602
1238783291328794624
1238800957460361216
1238857970206871552
1238794527697231877
1238829348792274946
1238852324472340482
1238893168965361664
1238969799042125824
1238699560551059456
1238886873629679618
1238828715259256832
1238941768428785671
1238936223365976066
1238806653421727744
1238823770468433925
1238664974236614656
1238907165064212480
1238765910028140545
1238901939246596097
1238851896917602306
1238912529801400322
1238870222163054594
1238704568298422272
1238705578714824704
1238723564674658304
1238875276257284096
1238670829279416320
1238677015923814400
1238783412942635012
1238654223551782912
1238676114010025984
1238772092121649153
1238760700849221632
1238676512531861504
1238864668652797953
1238754291617234945
1238964824496881665
1238942196369444864
1238642521653141504
1238965126553899010
1238823505959047170
1238748671170072576
1238659554751254528
1238635798121132032
1238851574270586880
1238777972745736193
1238959225302388737
1238811720287522816
1238693180469641216
1238901591194959874
1238805885541126144
1238912832076464129
1238846436093108226
1238759857832046597
1238664713430618118
1238624603532124160
1238929953183301632
1238941869083627520
1238682430799740928
1238783085287743488
1238969790863204353
1238778287184379905
1238742283417157632
1238748443532804099
1238625232820158464
1238834360842846208
1238929915485003776
1238631079549992960
1238653829626937344
1238794217301905409
1238699409367371777
1238642295223836672
1238765972430950400
1238687467806416896
1238676474418409472
1238718623516164097
1238845848836083717
1238724226946916352
1238858561989611520
1238912366407974914
1238829021191946240
1238835257371025408
1238930783542210560
1238817629701316609
1238642244745342978
1238963960621060102
1238724281598607361
1238869748298821638
1238817931657543682
1238782778839359488
1238811166106955776
1238912672437014528
1238900781585227777
1238935409985490945
1238834503541391360
1238682040574169090
1238636104280137729
1238653435643387904
1238760226829905922
1238642089795223553
1238665317947080704
1238823912512741377
1238749124347998211
1238941168823607302
1238742388241092608
1238840597932158978
1238852584867274752
1238630995848572928
1238653485878558722
1238664760071249920
1238816971300286464
1238929743589801984
1238693562201583616
1238641561279369222
1238852958407864320
1238953441269030914
1238858041874886661
1238852325063536640
1238869655957241856
1238712226820825091
1238734964671369217
1238729117769629697
1238817826988843008
1238724767932432389
1238618488673128450
1238718770266415104
1238693826543456256
1238834881091833856
1238811183278366720
1238875636707610626
1238959456131657728
1238729654283853824
1238687757863653376
1238676579615674368
1238748872916246528
1238647395623239680
1238700088542654464
1238869483604844544
1238772238792474631
1238918792018829317
1238800076585062403
1238863202294923264
1238918876282249216
1238947279865872388
1238783010151022594
1238730375712686085
1238806783315017737
1238742912441016320
1238712511857176578
1238659529895600130
1238676118460223494
1238619193039360004
1238881789864706048
1238687853745287168
1238618572487876610
1238676894154981376
1238964400809271298
1238665154142695424
1238840518026592257
1238870188491243520
1238624087850827777
1238717742850719745
1238801041434578944
1238743285608460289
1238718014817570816
1238906406352420866
1238970071600582657
1238742887212310528
1238653804381376512
1238724160043585536
1238834272800210945
1238729788724072448
1238918297082417152
1238693209833910274
1238817353032331266
1238734767236861952
1238846540892049410
1238664676163981313
1238875137782321152
1238812126682251264
1238659278136840192
1238886647145459712
1238729477863149569
1238822750912987136
1238886789781176320
1238659404129599488
1238893118998458369
1238718430502518784
1238718229515849728
1238782725135499264
1238917915493138439
1238677238213750784
1238676818317602816
1238635668265451520
1238659051212304385
1238712100786225154
1238811401025716224
1238947988883398656
1238636280528936961
1238845836357844992
1238834679257673728
1238735987641122816
1238782997496844295
1238941189535150081
1238735006681501696
1238863880190918662
1238647936344420352
1238693931430404096
1238729227031085056
1238923632316989442
1238766442696151040
1238771555196264448
1238835493497901056
1238789234250649601
1238742392028549121
1238841381818437632
1238847207853391874
1238676721953419265
1238671278241804290
1238636729214447616
1238880795659579397
1238935841659027459
1238625455084834816
1238976271113166848
1238772415502503936
1238618920367554561
1238975624678715399
1238811115104219137
1238900882458267649
1238959644732723210
1238693146877460480
1238665225714499590
1238935506290909185
1238906708568784898
1238659722485673984
1238964128271622144
1238924198388645891
1238747793910448134
1238619641750134785
1238930372341182464
1238676097107181568
1238670191686488064
1238788668275306496
1238740484438151168
1238964455385464837
1238864299868577792
1238948064221696000
1238976774303875073
1238946763869913088
1238653183796412417
1238811418092122112
1238953776708534274
1238857664060416000
1238766329017937921
1238735430041960448
1238875565643444224
1238900928616546309
1238682082278162432
1238919110702116864
1238772054788358145
1238659882045165569
1238874718255669251
1238924651184771073
1238742686510833664
1238693092418629632
1238730031691685888
1238869567826472960
1238864090262425602
1238713170866384896
1238874940599746562
1238948030537228294
1238688222726590466
1238755113482817537
1238788697266343936
1238670921197477888
1238630751366721536
1238631167772913664
1238901356267790336
1238642584450297856
1238740420625981440
1238665170886356992
1238892451886219266
1238880460282920963
1238729960493383686
1238964311508357122
1238875511096348672
1238710330894794752
1238682083020754944
1238759903616876544
1238858553231847430
1238912872253722626
1238964418060435460
1238880497998143491
1238705239815073792
1238818292493508608
1238875641069441026
1238783253726867456
1238699602770939905
1238699882896130049
1238875808942501895
1238864077285249024
1238681960752480257
1238929953460236296
1238869261390577664
1238652868921524225
1238688340251041792
1238863582592450561
1238670384364478464
1238630664305545216
1238712973817827328
1238863599499718656
1238765465134129152
1238812361622016001
1238823728269742081
1238886185281507333
1238892825426554880
1238881873956409344
1238742438841384961
1238641515242512385
1238907702086111233
1238912517621121029
1238687534982414340
1238874982295445505
1238964183305269250
1238748759019991040
1238952711342698496
1238857605847670784
1238870306011385856
1238777561817198593
1238772008575307776
1238753973055770625
1238812219061743620
1238777846861942786
1238704358784561152
1238772071246647296
1238841364961472512
1238942133001822208
1238760092759199749
1238670522759516160
1238941655098671104
1238901327075426305
1238869059875115008
1238687614401536001
1238947598695837697
1238869093920452611
1238659760511045632
1238734775856189440
1238693356525490176
1238693490793611265
1238777393575321600
1238925020589686786
1238618882694238208
1238880816840601600
1238840161322110978
1238811585583501314
1238958461926416390
1238794233927979009
1238730291910332416
1238817256777359362
1238729834471124993
1238783811401416704
1238958402958696450
1238918116706521089
1238800223222325248
1238829327942160385
1238734737704919040
1238647261464125440
1238618685620846599
1238929999685652482
1238665132990857216
1238891948288741377
1238947372421599233
1238806061768941569
1238897887712546817
1238699631493533696
1238881865299308544
1238783278607298560
1238635785852792832
1238635546517307393
1238766140928569344
1238840463647440899
1238735954145202178
1238947338770460672
1238823103444275201
1238742216027377667
1238845778988273665
1238959267115421697
1238970554188804096
1238863800373305346
1238789096006434817
1238630928362147841
1238959170705141760
1238760054897217536
1238918976505294849
1238636154645291011
1238824005072588800
1238777759025041409
1238670455847993345
1238712524763279360
1238887401981796352
1238743088580956160
1238929940407558144
1238681956415614976
1238799804186099713
1238864307867267077
1238783391455236098
1238718321501011969
1238970830752813056
1238710456665149441
1238688562561851392
1238788554731294720
1238858435946479617
1238906645335457795
1238760578790952960
1238687464182534144
1238654257164963841
1238858511620222979
1238892015494017029
1238730279247925251
1238864467628351488
