1235188882515296257
1235057335552311301
1235320294908350466
1235049904612855810
1235236604760989697
1235196301517651968
1235029167965474816
1235265233897361410
1235035644037980160
1235265981200642049
1235271397770964992
1235024240409100288
1235271779242905601
1235092842235617280
1235168076003299328
1235005768098701313
1235104739878031360
1235030433114361856
1235056051520565248
1235206526199123969
1235095432537104384
1235113024454709250
1235320176553455618
1235275599238832136
1235257560887947265
1235216148658040832
1235258162648928256
1235069724121165825
1235048913616244736
1235314590248046594
1235119553853579267
1235277546746294273
1235113127919812608
1235188009932337152
1235136022448656391
1235007244464541696
1235301079040102400
1235269913553461248
1235326190468071426
1235296441972805632
1235292006202695680
1235195241138974722
1235174069001236482
1235282167690862592
1235278046585909254
1234998420651118592
1235164408508112897
1235253646532759552
1235118526605606912
1235277289618841608
1235339060811575300
1235061521731866625
1235175326931615744
1235291716493684738
1235314611924197383
1235032645425192960
1235135743292391424
1235160034125975552
1235142165715660800
1235124835585380353
1235184877982666752
1235013300695502849
1235296306110877698
1235039716073824256
1235339117602492418
1235333064936624130
1235306957378121728
1235291249197961216
1235051163474509827
1235228438497243138
1235001961902010368
1235218871122087936
1235080313308499971
1235191795874541568
1235089719475634182
1235226479463714817
1235306719749771266
1235185698522771456
1235338099758116865
1235295526637252608
1235063430270160896
1235263985596788736
1235086074315038720
1235299254920499205
1235166129573605377
1235123211198590976
1235284872962375681
1235092829019312129
1235058912337911809
1234998682321182721
1235104226587492353
1235248836920168449
1235090880148598785
1235142613839130624
1235060328418783233
1235266152634302464
1235019493719433216
1235119235652698119
1235182373349842944
1235298266671128581
1235260048802304000
1235210537723744256
1235293922164908032
1235270882421071874
1235274410661154816
1235002275376062469
1235171734065762305
1235207605116489728
1235162345955102721
1235048448400990209
1235030592569278464
1235000427256545281
1235023348456755200
1235115121225023489
1235159217205645312
1235326242976600065
1235065344051392512
1235113192780492801
1235280256870817797
1235031560769826816
1235049474570907649
1235096110328246273
1235026337460391938
1235296144156172290
1235196614706434051
1234993527475462144
1235064180698275840
1235291197716992000
1235298356773244934
1235056951421071360
1235055179751292928
1235189250456514560
1235189415808348160
1235314665925812228
1235275366278803466
1235049988134023168
1235064295760617477
1235142557979406336
1235089296253575168
1235005285426696192
1235029348333187077
1235264149317464064
1235286633689341953
1235248087939063811
1235078704973246464
1235239295025217536
1235007695800934400
1235320294631526402
1235206220463693826
1235280875081928704
1235196673275518976
1235338677104107521
1235206757988921345
1235158161277030400
1235080376441176064
1235301310108504065
1235272824845033472
1235242642566459394
1235035223051702273
1235130186334687232
1235159775320641537
1235262427463380993
1235239284925444099
1235245451252813824
1235042797255680001
1235183769780396032
1235288657772318720
1235282720453996547
1235048347292979202
1235320621912985601
1235213260359495681
1235165507168411648
1235151299701665793
1235199060690251778
1235244223705886721
1235119106946293761
1235056005039325184
1235295832238428162
1235149579814920192
1235268018793590785
1235208847091998720
1235275177384194048
1235096272983343109
1235202442372972546
1235074972017496069
1235293454265090052
1235199424118259713
1234993900588158976
1235282003278389249
1235294485321572353
1235224587282989057
1235104571132751872
1235298254683860992
1235004509786648577
1235037182152151041
1235141509856583681
1235181481619836936
1235194561158418432
1235208274758295552
1235131992494075905
1235210484938231808
1235165973340020736
1235234709128589312
1235237049625526272
1235296383395082240
1235350205668741120
1235260353057116160
1235065881471766529
1235031462795083777
1235112440699838464
1235044610860146689
1235222830335299584
1235000045612625920
1235216341243658240
1235029467027791872
1235326959573495809
1235032356337025029
1234995956535283713
1235008863298031619
1235277545127522304
1235054117321453568
1235247022799757313
1235057218988302336
1235188773169709061
1235002512165527552
1235270182660169729
1235121609771343873
1235192750787760131
1235195259866488833
1235289648416591875
1235201924518924288
1235108131866214402
1235238064106196999
1235201640640245760
1235045289255292935
1235289041416970240
1235344130571722754
1235080725239455744
1235320332048834561
1235142076922122240
1235264431224913924
1235067990669840384
1235299471375859715
1235067007919259654
1235066650468077568
1235032110525747203
1235279452449517574
1235159060103581696
1235068004947210246
1235286255950352386
1235211542804795392
1235258346292248576
1235275075043155970
1235129736365559808
1235209753577615362
1235286513476345856
1235231022481993728
1235256197755924482
1235060047744401408
1235218263375630336
1235179959380918272
1235212730157555712
1235090674459873280
1235106056834928640
1235078606948196352
1235283992808689666
1235159228140183552
1235000808489418752
1235003988405174273
1235055804891295745
1235065131106623489
1235072335729709059
1235226059873890304
1235036646443307009
1235284472599326720
1235088097093627904
1235291930243854341
1235031990019035136
1235277986544472070
1235025547807223808
1235199490606452736
1235194063743152129
1234993779536347136
1235280762145927168
1235184724714217478
1235274259783651331
1235262105340825603
1235241838971432960
1235182662979137536
1235103737263214598
1235228758841253888
1235303981880090624
1234995016763752448
1235221132707581952
1235150966485204992
1235088453974409216
1235230807696068613
1235186562524160000
1235266723907022848
1235105615887732736
1235195678831390721
1235113049977024512
1235222057010548736
1235185693011464193
1235016970262777858
1235228457510019077
1235099164960120832
1235254431572205569
1235112626343931905
1235301109390024712
1235160347134382082
1235009073164275713
1235237033960001540
1235246567763869697
1235262421687660544
1235141633881997317
1235247046506016768
1235224102077595653
1235296011632943112
1235169415383089152
1235021075521531904
1234999734500130817
1235038059852259328
1235063994802565120
1235002776511336448
1235089548918452224
1235083694559424517
1235036402481537025
1235218968568184833
1235202559872245760
1235136916519079936
1235287767258628098
1235136126433841152
1235000726276931588
1235195547142615045
1235183247111397376
1235194037163962368
1235314431782989824
1235049034563321861
1235046507289522183
1235272059724255233
1235167869073313792
1235122610696081410
1235199918060388352
1235093857232027649
1235019187992616966
1235214394562355200
1235089441632522241
1235343873641254912
1235222177487695872
1235263534432387072
1235251847704780800
1235224859229261826
1235148121308422149
1235165885490286593
1235017573890019328
1235013132671733760
1235257527643889664
1235177599867006976
1235047922066046976
1235282355893530625
1235007488543477760
1235270853979525120
1235195140391591936
1235021620399525888
1235307395590520833
1235032577217638406
1235253987483488257
1235307635848761345
1235100975007797248
1235139697145307136
1235056667563151362
1235075035578032129
1235132898539266048
1235213369189134337
1235177072953143297
1235078046543040512
1235210079713906688
1235205163679391746
1235159628406808576
1235034115277287429
1235325957172494336
1235016326646661121
1235270808555180034
1235270975652073474
1235156872866516992
1235251260980203520
1235196210283151362
1235095632211111936
1235110364041232385
1235020407612329984
1235045187233239045
1235008642132271104
1235170132176941057
1235308705459167232
1235237181284900865
1235217868494643200
1235305944550166529
1235278880803450880
1235007558181474306
1235001080586657792
1235089283460947968
1235253320878563328
1235307379731894272
1235326908495278080
1235023328391229441
1235308386352279554
1234998279592542208
1235001314985304066
1235272936392503297
1235262321666199552
1235292837446643718
1235139234278891520
1235172156293578755
1235266585515810816
1235267540219121664
1235062793168023553
1235165776954429440
1235216590943047681
1235098088160690176
1235350074672263171
1235153508602720258
1235189100052983809
1235020536520093697
1235254799723044864
1235251673976709120
1235236117919805440
1235236074873643014
1235061249869639681
1235290621092532228
1235331858428198916
1235314350921060354
1235214531833376768
1235298707794518023
1235083081435860992
1235159097831350273
1235066035532976129
1235183435762806784
1235031331131645952
1235040289875578880
1235129895916834821
1235093142304477184
1235194565340037122
1235290879620976647
1235344586568085507
1235249773072060417
1235013891073224706
1235166758056734720
1235195418100654080
1235141985771687936
1235326513651896322
1235248035015397376
1235032388532678657
1235249692050690048
1235301578854354944
1235117436765999104
1235303572327276551
1235250730606489600
1235289608075849729
1235095443840708608
1235253755295272960
1235212550100389888
1235053998287106050
1235183527416586240
1235304436748242946
1235240688788353024
1235307375306977280
1235051753495724033
1235049379397955585
1235277817555931138
1235187598307536898
1235258940390289408
1235298764648329222
1235207286299082754
1235136167319728129
1235188593750089728
1235251281574297602
1235141535869677568
1235205156410556416
1235305907283791877
1235184146806386688
1235242479181590528
1235278534395842560
1235178381257383937
1235053218696052737
1235148806569648128
1235219098679861248
1235191837041856513
1235189020407123969
1235141259905372162
1235236841047064577
1235095632899010560
1235256941594767361
1235139356014211074
1235212500313882624
1235060053243092992
1235224859489325056
1235056198187020288
1235211165636141059
1235036901435990016
1235007848481947650
1235173031791611904
1235038877548564480
1235217461756166150
1235013190095761408
1234994266167922689
1235338842183479296
1235247467026960389
1235020039801245697
1235090118018338818
1235025697699008514
1235255842808778752
1235210170998743046
1235009867678715904
1235102192366800897
1235247016848035846
1235313830235951104
1235219572321550336
1235281189616922627
1235201107321860096
1235061090788061184
1235228848112971781
1235129131592974337
1235244587888898048
1235277211759808512
1235274323444654080
1235172911855669249
1235279373504258053
1235261990987280384
1235052224276905984
1235188684229685248
1235010039405920260
1235243791356956673
1235259615438397449
1235148825007923202
1235065610196996096
1235294038749777921
1235271698095755267
1235029364330229760
1235150741775560705
1235199116436795392
1235003253894545414
1235072219715211264
1235280348008902659
1235210231220756486
1235211767808241664
1235230639827365889
1235298369549070336
1235061972904755202
1235078558239735808
1235001506492895232
1235224899641315331
1235114612011331584
1235142740213669888
1235301218299383809
1235188088772710401
1235249444376825856
1235112231315988481
1235244810392555522
1235193139083636739
1234993869961302016
1235066396612034560
1235283943705976833
1235257270847471617
1235237702653616128
1235026597339492352
1235306914944299008
1235013430316322818
1235176804455002112
1235186331183190017
1234993966501646336
1235011898967457793
1235166011567075330
1235218223903248385
1234994714052448256
1235350795769569280
1235220462923403264
1235308534671302656
1235302799543500803
1235195501005459457
1235251327267147782
1235301754545242119
1235149759838474241
1235038683964641280
1235097466133008384
1235219784591171587
1235228773437435905
1235296493852127235
1235221482487201799
1235062078194544640
1235276836105404416
1235292312365936640
1235240086549204992
1235239169959563266
1235204223270146048
1235029430411517952
1235034892813119490
1235043963201097728
1235188942695059456
1235207640306810880
1235151654275764226
1235301869108551681
1235012386249003008
1235300533520519170
1235242666729918464
1235266644055912450
1235296030704504833
1235192535447789568
1235055088671944704
1235003385746731008
1235037838929879042
1234995712850452480
1235043645549473794
1235267413442260992
1235044459911372800
1235019710120460288
1235084304293609473
1235251989761667073
1235189832340520965
1235238865469833217
1235091085833023491
1235194080625332224
1235236819123556355
1235123666041450496
1235243064958083073
1235001825176309760
1235257978602717184
1235231094540308480
1235223311623352321
1235056609052655616
1235210545646768129
1235052679467905030
1235183372621811714
1235096423219122177
1235279814678007810
1235034419037188097
1235141923230437376
1235003678911647744
1235256541525180417
1235077622268170240
1235159807218327553
1235023519353679878
1235234320022827008
1235216971014303745
1235250678928486408
1235027568580911104
1235072400171003904
1235231738508578818
1235301753433870337
1235243633114255361
1235207908809486339
1235279234135756801
1235101246668673024
1235215934022918145
1235005628751499264
1235045581325623296
1235072502973509635
1235271896528310277
1235314418449354752
1235076462312452096
1235210090124369921
1235162497331548161
1235281522334171136
1235036558228504576
1235254608450277378
1235288355518193668
1235080976323104769
1235016354295623680
1235233695931543552
1235239785238843393
1235295732913057799
1235164079481860097
1235171313268002816
1235094671350611969
1235287630021038082
1235192980027432960
1235295986530086922
1235247417446064128
1235294980597600256
1235025370853736448
1235196418505224195
1235084365878530048
1235222419427725312
1234991959711764480
1235254623050649600
1235056218168840192
1235113350603759617
1235285597184495616
1235086103738068994
1235229408690044928
1235068217501945857
1235270437145210881
1235008619067969537
1235250213809459206
1235216695347646465
1235193982927474688
1235190801069756418
1235169558496976902
1235262883694604290
1235022047991889921
1235170944571842560
1235202935296077824
1235267094377361408
1235036578462011396
1235142270355042304
1235284754943135745
1235160570837508097
1235212152602054656
1235304637206614016
1235012240841027590
1235006453502574595
1235075205791248384
1235153649287852032
1235283253432668160
1235266339205505024
1235182971767975936
1235025876053422082
1235053946420342784
1235147778608726017
1235301276176572417
1235065959326445569
1235182204390715392
1235177217145135106
1235260190234206208
1235184142364667904
1235212282357059584
1235289776816893952
1235032599946387456
1235344599700340736
1235255503082729474
1235001181602226176
1235197338521460737
1235015958613417984
1235000625223655429
1235120952540721153
1235036536640421888
1235206316269981698
1235005152316321798
1235082667340644352
1235290041498427393
1235167496333910019
1235134870705168384
1235173043103821830
1235159368561197057
1235152770547830784
1235094397890379776
1235079047517855745
1235048164190609411
1235003114798878720
1235212668580941824
1235307101108473860
1234999305074667521
1235290273548247040
1235004741144342528
1235073470301499392
1235300465669267461
1235028384377221122
1235071449167208450
1235277538768887808
1235114862981926913
1234997466363133952
1235146786605584384
1235170035892707330
1235137667412758529
1235092028591157249
1234999211478978560
1235183894615306241
1235235030382915584
1235080462164426757
1235308125273632769
1235025544078483462
1235262686956523528
1235058168733921280
1235256074858569729
1235285854165360640
1235224009396146176
1235235954169974784
1235148350011453441
1235212010184413185
1235308729719017483
1235163712786518018
1235292509552640000
1235297089376178182
1235332502732107777
1235025982752305152
1235271552884781063
1235200928053186560
1235189552614166530
1235053627875545088
1235022375986421760
1235171006974529537
1235254331126845441
1235004240969510912
1235183953532915712
1235020284731613184
1235070651259670529
1235192515478851586
1235211930928689153
1235250517971890177
1235253680263307268
1235285609666793477
1235017562909483009
1235265924321521665
1235139664635256832
1235085724518514688
1235267070809362433
1235295761828638723
1235115172718469120
1235138477987110913
1235179523097997314
1235031808275820544
1235000690419937281
1235283109412818944
1235116504825253888
1235234863827038210
1234993965184585729
1235246470711906304
1235064278081605633
1235203046466031616
1235234354563108866
1235151113705467904
1235105778303791104
1235025827449847808
1235267670439792640
1235061497182617603
1235331941664161796
1235018439447674883
1235136865805590529
1235237074086723585
1235269427920277509
1235054076292812801
1235004186233798656
1235231562435878919
1235040170052734978
1235011487736803328
1234997601189036033
1235166339721031682
1235153085472755716
1235164987934400512
1235292627010048001
1235267626416451591
1235197789837152256
1235153008884953088
1235241615356301316
1235220447551201280
1235261449804673024
1235095379621761024
1235206072643792896
1234997026305085440
1235022035694186496
1235000966690283520
1235017265696739328
1235030611808534530
1235226562288594945
1235025208601243649
1235078108748840961
1235280399858888705
1235147838776057857
1235128280866582528
1235197954530693120
1235249326387015680
1235210976968019968
1235296817409142784
1235254267407036416
1235040247328567297
1234995383043911680
1235049799788818432
1235136778190884864
1235239794969460736
1235074518932213760
1235095262667759617
1235151822924509184
1235304124591288321
1235053904825446401
1235066350932021248
1234998116220194820
1235090724808355840
1235191775196786689
1235345085895708673
1234997462189740032
1235008318470410240
1235138210063413249
1235085520469884929
1235275767464038401
1235350627389186049
1235257779473936384
1235033189648867328
1235200504998715393
1235210497668112385
1235174977663451136
1235262216296898562
1234997649863917568
1235200717582782464
1235177593843986432
1235332759981346817
1235338560867356674
1235233603765891073
1235120931283980288
1235006109636685825
1235305966951895040
1235296745862680576
1235297142333485056
1235306690104512512
1235218305796857856
1235212066845339648
1235242490665603073
1235166145612836871
1235048285577961473
1235293085220904960
1235306378635419648
1235208087599898625
1235126060074881025
1235098101943156737
1235186100416716800
1235107565517733888
1235286290930831361
1235314234474598402
1235249527977844736
1235225411329691650
1235265257846775810
1235225671120687105
1235139867857670144
1235192812108255232
1235000237460090880
1235320546964930561
1235151951232458752
1235044828930437120
1235090381844500480
1235054808719077376
1235273214147862534
1235216099274297344
1235201932383391746
1235213753009963009
1235186749883797511
1235268472218832898
1235210120654737408
1235002643933749249
1235143461176823808
1235301507001704450
1235254400651849729
1234998206464847873
1235171702155309056
1235274786336538624
1235029452444192768
1235284257498685442
1235292765539442688
1235017344352743437
1235062057076002817
1235145865662279680
1235261213317255170
1235072320743456768
1235190113061294081
1235296609950408705
1235270352294432768
1235332288776417284
1235071563264913408
1235210979102711810
1235204586467713025
1235229795132162048
1235213220824125441
1235299851879034886
1235170175718174720
1235118178960695299
1235306659251134465
1235046589430824960
1235248159699480578
1235169251117260800
1235103634687283203
1235160004602167296
1235136887939043328
1235235279323172870
1235192286662672384
1235021963925454848
1235225772601880576
1235343987038355458
1234992029139996672
1235300064207278081
1235007546735329281
1235249428828770317
1235148762026332161
1235254707112873986
1235048555225571329
1235302409183821824
1235277874090905606
1235013447424913411
1235037463787126785
1235009889438703617
1235010089486086144
1235224614441308166
1235017243123232769
1235298523593297922
1235237155993247750
1235314120481812481
1235199162674597888
1235319531041624065
1235022025795571712
1235259601991458816
1235213548751663112
1235040150716960768
1235121528603168768
1235256788817068032
1235030992731000833
1235351158803378179
1235169571880996864
1235064706101989376
1235284023389368328
1235067747362471937
1235351127010443264
1235009490434641920
1235143290778873856
1235293966548992001
1235304162960826369
1235037212732989441
1235219054626996225
1235262334391775232
1235287423258636288
1234992484670853120
1235173354698661888
1235140288865329154
1235253329464381440
1235015102283337728
1235180618935398407
1235274928770838528
1235206277841580033
1235295010423287809
1235217463777857536
1235254435577724928
1235064154890756097
1235035179627888640
1235115352842878977
1235254945957507072
1235135523334885377
1235048886474956800
1235254634064695296
1235284374649819137
1235141338741567490
1235222809879572481
1235211866676199424
1235246756272566273
1235050470789402624
1235201962703978496
1235221818455314432
1235283897711243266
1235224114677325825
1235026869277229057
1235026911199256576
1235350907283439616
1235190457992347649
1235293417225191431
1235172343376424967
1235118837818744832
1235281482974998529
1235231280691724288
1235273668437000192
1235206910510542853
1235177296719425536
1235337863723659272
1235030234841243650
1235077594870984705
1235211949580750848
1235013370899660800
1235156973278105603
1235288748709089280
1235225389154414593
1235260382392061953
1235291916331356162
1235127260727906304
1235054920010612736
1235259577261797378
1235156395076521985
1235111216873271296
1235112201267994624
1235230301179334662
1235230104420315137
1235298311906697218
1235331606237368320
1235042900091629569
1235033000460468229
1235272398359924742
1235202127624130561
1235154041312698368
1235118393101111296
1235177041076588545
1235205862785978368
1235107918548054017
1234993871781683203
1235169653309108226
1235306913971277828
1235115223645900800
1235274563853799424
1235285443094208512
1235035183990140928
1235103180486111234
1235224531087876098
1235211861466836992
1235255752484368384
1235203502915194880
1235213066196770816
1235183337318146048
1235266233693544448
1235077544132542466
1235247084753825793
1235332903715864576
1235225842491547649
1235180713546330112
1235254624157827073
1235231558174375938
1235232808311967744
1235142057154531330
1235007357794447361
1235166024934318080
1235294297559371781
1235162224446132224
1235307212794408960
1235350095845101568
1235271553471967232
1235054995289956354
1234996369607147521
1235028842693066753
1235185342350839815
1235286369565540352
1235284041085210630
1235245315797716992
1234992174833340416
1235174009773469696
1235160614013751298
1234998001724084224
1235294005614776323
1235057451839270912
1235149004729700352
1235282233658732544
1235016421769392132
1235203824639410177
1235028123692851200
1235104052767125504
1235005880275529728
1235016285794291713
1235234251341168642
1235106735968247809
1235250759484100608
1235031002285629441
1235300759346057217
1235154786590134272
1235302048008204288
1235023190092439552
1235179596682645504
1235225946136797184
1234999493528940547
1235166036636381186
1235014465596387328
1235211669279825921
1235296685112295427
1235122035472228353
1235201234887417856
1235092548529471488
1235194002804113408
1235245259233386499
1235009280849383425
1235338976074006528
1235066706520731649
1235291058793254912
1235305350775091204
1235256490166046725
1235008321998000128
1235124798570844160
1235339297848537088
1235037225470939138
1235007093331156992
1235032225445371905
1235026878018117632
1235105564629307392
1235253565637226503
1235161103715491840
1235223725924114432
1235060069726904321
1235048199338917889
1235142900305948675
1235231197044838400
1235143092002529281
1235215476386648065
1235088898570645504
1235243776446259200
1235242764910067712
1235206898212917250
1235301318551638016
1235101912413827072
1235036442880913408
1235306558197764099
1235212101100109824
1235218130625908736
1235226166543384577
1235069821311528960
1235223305746935810
1235272752870772738
1235233407975731201
1235178316216164354
1235301881213263874
1235156734022488064
1235130292958113793
1235237787328081920
1235285303977484292
1235088881021665281
1235270998947237895
1235066177593806848
1235118602858246144
1235237205179879426
1235170892432453633
1235194457001283585
1235037651872272389
1235216817217392640
1235052447103512576
1235156521807273985
1235168196581142528
1235145560958656512
1235072274023084033
1235253462776061952
1235274178942492673
1235269844993486855
1235282146450952192
1235187431214899200
1235284323953184771
1235084237633548289
1235112931731427328
1235110671202824192
1235182461069357056
1235165036286480384
1235118895255691264
1234992088107732992
1235272870462459906
1235255875339784193
1235007000750239744
1235176533024792579
1235081311234097152
1235184040354906114
1235019702625132544
1235303027998892032
1235303804368760832
1235017541317165062
1235279661036339202
1235030135486599169
1235095550707417089
1235277583660412928
1235146730091532290
1235046232168386560
1235221940274712576
1235035206744256512
1235325902948577282
1235039050337263616
1235061471719153665
1235144386612277248
1235241567696367616
1235220911999070208
1235160158973693953
1235260722940084226
1235344202902499328
1235265534859542528
1235113077839990784
1235190342195929091
1235088957852938240
1235053385163792388
1235197212616990722
1235047385400635392
1235320658814545920
1235239081883455488
1235206678750121985
1235025741676310529
1235053695349317632
1235184557525090304
1235251183033430017
1235259949262884864
1235099464160837633
1235070720641646592
1235169786314842112
1235118652124475393
1235089302817624064
1235320528031952896
1235254791196028928
1235181431770488833
1235120212585754625
1235112895735717889
1235280981453664256
1235200701212635137
1234994395172073472
1235001106859778048
1235206694658965504
1235212704346001410
1235174303122907137
1235019034690801664
1235017253940150272
1235087121897185280
1235250335129755649
1235249502824673280
1235038969017982977
1235260017009451009
1235174427748425729
1235299846745206795
1235118176121147393
1235041844477607936
1235292283173470208
1235229886677159941
1235072755185389568
1235194574634651648
1235254077459763201
1235036912953544705
1235277730402443264
1235271749635313664
1235116533795307520
1235075497240834048
1235249151459446790
1235114781322825728
1235033845549985794
1235222592409268224
1235065627691253760
1235178010464026624
1234992546788470784
1235272617361321986
1235219224005668864
1235042825802338304
1235274470954328064
1235012892552056834
1235036836462022657
1235120335281721344
1235008767147769856
1235151071766597632
1235089053243957248
1235277297319653377
1235065788463120385
1235043894225584128
1235145357375528962
1235207771475398657
1235171181340356610
1235133023588356096
1235017368771784709
1235286608590639110
1235133240983224321
1235177147716816898
1235332541189705730
1235282024862187527
1235280436684886017
1235282616359800832
1235252190903758849
1235283148939972608
1235212231786164224
1235025547362627585
1235122371952025600
1235009700552306688
1235143650365124608
1235223742915194881
1235162713967517696
1235183695327186945
1235219577333624833
1235124538603495424
1235304660610748416
1234997591525347331
1235200771144085504
1235320324868263937
1235165544682336256
1235198988715986944
1235224618090233856
1235084937465741313
1235350681348902913
1235220808307331072
1235271343135961088
1235030919800442880
1235141514994556930
1235032411626516480
1235304276429344770
1234999173734264833
1235272804855148544
1235011492224937984
1235241845388541952
1235193824403742722
1235101246228484096
1235271959790923776
1235075451497803776
1235234748068483084
1235002438962360327
1235275728389689350
1235056788061310978
1235172398091010050
1235140931533377537
1235212681013055489
1235254529131786241
1235332046265999362
1235153292830879744
1235240350521782272
1235274509256658947
1235043364883464199
1235292977326624777
1235208880352710658
1235156094651072512
1235161233764077568
1235130799290187776
1235165206030020608
1235197685533224960
1235071319844122624
1235037314696400896
1235054584655007744
1235059167167049728
1235313604590698498
1235250288161959941
1235038408075952128
1235121338450243586
1235029861401374720
1235269204485345280
1235065625816391681
1235064637046964224
1235262839033663489
1235233930133082113
1235271976895291394
1235196643403853824
1235281634942803974
1235258193686777862
1235249809935785987
1235051777885601792
1234992345071804417
1234996791277281281
1235031069159649280
1235218317117280256
1235033293323558912
1235034479980404742
1235256482737909760
1235283515052306432
1235125448260161536
1235041565556518912
1235104882303979520
1235217460019765253
1235282868190031874
1235299307642855424
1235174580471422976
1235056140012130310
1235278573734252544
1235257437499699200
1235326404096651264
1235267856713084930
1235250755508072449
1235351210305048576
1235195341567414272
1235176020174606338
1235031305185685505
1235283089661652992
1235058252746051585
1235299205389963266
1235241952209076224
1235267037708062727
1235287657032359941
1235287393881772035
1235205767784955904
1235167415257964545
1235262810604605440
1235257680018558976
1235007605409542147
1235144550173331456
1235264812482990080
1235071939015630851
1235294140222574596
1235126749052022784
1235070384338112513
1235049897134395394
1235242805070569474
1235268080290476032
1235240239951761410
1235313721599234050
1235235432985767940
1235281547772780545
1235115236123803649
1235272651754569729
1235304119738519553
1235264825493614593
1235003661899534337
1235192019183599621
1235286451757121536
1235234722680369152
1235287024250376193
1235059324830879745
1235307740152713216
1235256037810167808
1235259958783922177
1235023503662829569
1235034379992338432
1234998242552627200
1235062377898340352
1235307143097659393
1235156793048723456
1235273213002674178
1235188389877616645
1235164267684474881
1235195648640774144
1235273302676914186
1235220762585427969
1235294918685446151
1235052564556558336
1235218406099562497
1235292213644603394
1235239545316265984
1235014027471925249
1235250553787232257
1235237057322274817
1235260181040246784
1235338962576822273
1235194248171057152
1235319409893421060
1235201595278753792
1235183702973599744
1235201141048254465
1235296318677028864
1235268797839400962
1235274320873742338
1235072696234328064
1235255512947503104
1235122485399412736
1235223738494443520
1234998760003866624
1235282600337584128
1235161403327000576
1235078127992201216
1235283980347478017
1235024351113523202
1235296138342912002
1235177264071004161
1235007710418153473
1235009688661397504
1234998551832186880
1235165617084411905
1235195217252429825
1235320448780558343
1235326154371977227
1235013826053115906
1235107283077484544
1234994511736012800
1235049173298237440
1235149900532166669
1235211372306169859
1235347326128082947
1235298430051852296
1235079388267286528
1235204586287312897
1235193802559803393
1235197837530386432
1235108931015282688
1235225487317831680
1235262697140359171
1235008496871055365
1235158826313080832
1235052954563964929
1235279779760242690
1235160000340856837
1235344100469149696
1235195809534291970
1235173146371780608
1235298998774378497
1235036023182315521
1235030104754892800
1235201733841780739
1235097409358876672
1235279084961312770
1235292657611657223
1234993195693400064
1235132491209547776
1234993148008337409
1235350220558544897
1235038699563311104
1235211157784481792
1235267646066548736
1235136326585978880
1234999753697443840
1235194858807201792
1235213561686679557
1235019393874022400
1235049591231467520
1235274202242048001
1235043976039682050
1235135394175258624
1235258475644669952
1235230210414518273
1235279254864015360
1235008581562437633
1235282169897127936
1235069117331193856
1235112419115986944
1235047113127493632
1235089414029815809
1235019332251455490
1235296837139079176
1235232017421348864
1235254942064996353
1235252932108578817
1235159729728614400
1235249638959128576
1235220168336433153
1235194263211737089
1235241870130847746
1235216114436567040
1235076537445224448
1235046569348648960
1235034245195685888
1235224432991301632
1235012904149233669
1235122975751294976
1235248362217181192
1235123041845141506
1235176927692042240
1235100569267613696
1235122158617194496
1235189046160191491
1235154352689606656
1235159788218179585
1235172100886929408
1235223440073748480
1235203965114920960
1235242569661063169
1235072862358126592
1235152917918887936
1235189141203230722
1235178245353615360
1235083412131602432
1235298133887848449
1235186214761877505
1235196248354848769
1235350274597892097
1235054452505104385
1235207983379996672
1235300317723594753
1235195581435392000
1235159601525460992
1235214114441621507
1235047770852999170
1235113075784609792
1235230001244626944
1235030459181981697
1235024222260359168
1235153984769454081
1235344974163652624
1235178295366275072
1235246809976537089
1235209048766767106
1235054174141743106
1235013801948450816
1235258573426311168
1235198008360304642
1235212812047310849
1235213456757985280
1235337839925170178
1235007423217389570
1235083654050844672
1235186729604321280
1235235594130853889
1235074551563702272
1235180448919236615
1235254885991346176
1235228098603384834
1235050328078168065
1235063699846512640
1235320796832321543
1235002013076905984
1235291634146963465
1235269115536957451
1235291653491109889
1235101733673529344
1235301407021989897
1235280830001557504
1235203866511081473
1235182707631480832
1235285018257346562
1235025029315694592
1235260038429757440
1234992285500096512
1235188040433205248
1235202987150036992
1235226653284069376
1235264400413642753
1235246907225755652
1235273319001227266
1235282906723094528
1235050593816723456
1235159824024965120
1235332433400209408
1235006985084469248
1235140982447820800
1235022172642406400
1235031100386234368
1235102018735202305
1234995492385259520
1235271402560741376
1235062793138614274
1235042957717164032
1235241956386713601
1235289890411208710
1235007307249061889
1235277072588623873
1235008551837458432
1235217710239436802
1235019473096265728
1235287564317229066
1235008634305810433
1235293622737788928
1235262415853387776
1235288246944444417
1235257067180523523
1235264269744328704
1235284404781682688
1235266986898337797
1235053927822839808
1235257900496490496
1235220373844766720
1235028759910027264
1235041494269976576
1235046417615310848
1235029412413726720
1235229157006749704
1235301424323579906
1235350022197088256
1235210932567015424
1235058199830704134
1235115991782154240
1235135652603125761
1235299445161578504
1235096265685233665
1235270137894146049
1235160823426764801
1235218629094002689
1235252169252601857
1235131165482377216
1235002013915594752
1235212589770166274
1235040672282861568
1235093803226124288
1235243907719589888
1235224384262074375
1234999177936900097
1235059694378475521
1235215814715830272
1235112457229815811
1235343988976209921
1235083085651349504
1235267296706416642
1235253823062581254
1235042505076269057
1235152760439369728
1235248078137044992
1235278418498842626
1235021712820801541
1235061400411631616
1235022770754310146
1235192237631377408
1235260624927698944
1235254506033745920
1235077740895715328
1235022630874308608
1234997326009159681
1235233720665329664
1235048609621606401
1235068275861536770
1235189872408788994
1235015073762021377
1235319933879410688
1235064117762740224
1235162051561099264
1235344024590061569
1235021372864237568
1235062477731188737
1235206642829934592
1235290341961543686
1235267828904849409
1235293594434646018
1235260975114113024
1235246748462977024
1235232370497916928
1235071991754838018
1235059275115843584
1235108828854628359
1235270728003416070
1235258207238590475
1235250787476836352
1235114317164531712
1235046862450642947
1235142767023722496
1235123247009554432
1235206177312538624
1235209908666146817
1234996297209274369
1235180044592582657
1235020381561466882
1235031922545324032
1235130548734947329
1235010463605420032
1235325722220204033
1235259929767768065
1235143821387759621
1235314058183794688
1235234762010357760
1235046161901207554
1235189128817504256
1235078304949923840
1235037527477817344
1235325490182967298
1235153889319514113
1235291164280057868
1235194312075268096
1235243954125209600
1235290079003844608
1235141433503494144
1235287510986772482
1235211847265120259
1235262019080577024
1235058012915548163
1235003449231773698
1235313825710252033
1235265123415199744
1235184083602415616
1235344390694019073
1235222654258274304
1235089517398224896
1235084124689272832
1235258610592043008
1235276815733837828
1235184965584908288
1234996070783959040
1235239917858557953
1235193492894134272
1235262124189868037
1235221987988885507
1235219703582175233
1235071861681033216
1235051227404054529
1235191185343422467
1235166928890544135
1235030496804913152
1235320458469421061
1235145892434448384
1235216051400560641
1235292813648105472
1235153356190109697
1235297266279362565
1235016842122579968
1235305557021675523
1235344570629705729
1235059017451335682
1235237004478210054
1235231859346411520
1235283484870094853
1235162126357893121
1235300805948907524
1235325759755038721
1235042965979983872
1235237521954615296
1235009096270536705
1235300180213280768
1235125017324728320
1235161127832768512
1235281139172077568
1235252458198372353
1235227949789589505
1235247173857505280
1235338253781393408
1235042368534937600
1235259863112048641
1235068300620517378
1235295988530769921
1235296509442355200
1235297711026515973
1235187516329938947
1235025703688495104
1234994788354555905
1235185389742129153
1235283804287361025
1235184363026833408
1235023529453617157
1235235375305523205
1235293770645721089
1235084296748064768
1235032813830696960
1235043340342550528
1235279436108398593
1235170331188490241
1235167944725975042
1235012265511964682
1235171701081636865
1235070528584466434
1235099016620208128
1235218648983384069
1235306360662872071
1235192078910574595
1235293490512359424
1235071475926867968
1235207601647792129
1235267592400629760
1235203783405133824
1235283175250767873
1235203536197210113
1235287027119271936
1235038403248283648
1235178266945822720
1234994801604317185
1235202118547582976
1235128156434071554
1235301139484114944
1235194757024014337
1235259099257790465
1235198054866628608
1235212228510593024
1235042924376793088
1235256573158723584
1235050070812196865
1235224802325073921
1235272475233177600
1235200832066318336
1235102509787533313
1235040730323681282
1235278394440503297
1235206337119715330
1235302550091550722
1235206534281539584
1235223319491670018
1235266210717200384
1235158029294686209
1235189226422988801
1235013678790926336
1235238165771956228
1235192438819606530
1235247519376044032
1235123823856570368
1235297489722519553
1235279091428921347
1235221816593051650
1235284265501421568
1235031860935155712
1235287675512508416
1235272608427495426
1235093350648139776
1235195333279387654
1235099394241728512
1235008588822777858
1235291392487940097
1235260419633278982
1235206323794403328
1235332981977423876
1235139056398471168
1234994779336794112
1235179294516600832
1235118765974507520
1235219025606488064
1235058890565242880
1235269842250301441
1235014457300054016
1235050175258750977
1235224489912229891
1235230687134920704
1235176864135733248
1235100396470677508
1235105033886158848
1235247518470025216
1235110176568397829
1235223689458864129
1235261145579237376
1235123585473220608
1235107319135928321
1235093098125881344
1235307408349593601
1235043193747431424
1235110957514252289
1235182929829081088
1235231673438138368
1235124027519168512
1235188297758105602
1235158733702991872
1235308389560918016
1235183026570592262
1235292266765443073
1235247882070118400
1235200697651654658
1235192138016657416
1235019406364663809
1235259321052811270
1235062807990644736
1235097318627708929
1235060772935536640
1235179852480774144
1235219209216499713
1235079338174775296
1235140548375306241
1235268967096344576
1235199240693059584
1235295815985508354
1235286174358540289
1235066239732436997
1235280598798753793
1235129479464443908
1235025692590354433
1235198515560710144
1235038722984259584
1235141998207741952
1235338275000377345
1235208513527451648
1235320722152722434
1235061703252930562
1235135874070990848
1235109585884549120
1235052446881210369
1235106690028228608
1235258643190296584
1235234213349281792
1235265586780872704
1235203305845989379
1235025489984512000
1235292908938461186
1235022677632356353
1235155810365386752
1235237642809335813
1235107751409242112
1235265018872160256
1235094279011225601
1235077822122582016
1235163188657782784
1235272492333268992
1235163916474302464
1235246476844044289
1235296687796752385
1235004593580503040
1235254978396078081
1235158709820481536
1235136449663479808
1235222131429916672
1235289818239774722
1235199429487071232
1235247984062808064
1235226666378702849
1235252987976486913
1235289741416943617
1235060031030091777
1235272741806370818
1235041382995197952
1235282216126533632
1234995779879616513
1234992393566355456
1235084830498422784
1235279368517275653
1235319640630464512
1235025856763846656
1235269332596383747
1235186156163092485
1235198899050156034
1235041434165628928
1235151914574082048
1235031857785229313
1235296382044508160
1235012410643222528
1235033147793866752
1235037028091195393
1235294469404098560
1235294056026173450
1235171559335170048
1235278963284430849
1235005778706272257
1235185065522417665
1235159976664010752
1235206354098417665
1235241823163092994
1235124419992879106
1235252980015861761
1235101018456608769
1235030882974486528
1235224860420452354
1235055007658995712
1234997215732482048
1235107834280308737
1235113796764446721
1234996001145946113
1235010676579618818
1235238937863565312
1235313794789920768
1234996908378116096
1235237735503282176
1235241391938293765
1235047772530720769
1235233893332242439
1235278813275312132
1235165987965669376
1235008125369044992
1235045670056165377
1235268482490605568
1235247926483578881
1235176962940862465
1235037429473501184
1235253404001280001
1235234943028076544
1235260498456739841
1235226761551441920
1235177361135431680
1235127494610579456
1234995484806115328
1235101646712999936
1235190150482673670
1235054299991793666
1235100119856320512
1235266186268602368
1235117818833600512
1235229895875158018
1235295349843120135
1235048475714179078
1235039948782239745
1235218577512435712
1235292263250628609
1235273334037680128
1235269642102493184
1235010595855925249
1235212747262042113
1235238519267872770
1235005751728443392
1235296813026074625
1235235422114111489
1235147776679346177
1235004964805672960
1235213578854117377
1235078065400631297
1235206497421987840
1235272168323158017
1235052867242713089
1235008443754442752
1235002185165017089
1235271293173284864
1235134440348749824
1235203345821786116
1235231116128215040
1234997518875783170
1235293942486360075
1235206511334502400
1235301291594833923
1235019234977038336
1235214489072566272
1235037355666321413
1235257568236359680
1235116791346524160
1235165455163084801
1235178234653945856
1235299160502480897
1235282761960902658
1235019318691155969
1235049233603952641
1235059740062834688
1235216126575087616
1235186236303609857
1235097772329594880
1235055878421639169
1235296037247610880
1235117696619917313
1235185646437683200
1235136419003162624
1235021282221137920
1235224618316607489
1235299491177205760
1235118639440773120
1235021316933074945
1235295772591230978
1235065642497212418
1235162213339615232
1235045008568279040
1235025396040527872
1235255577976008704
1235002524085547009
1235305946794033152
1235016706361188354
1235180175442268161
1235077734587490310
1235101265941544961
1235255391514005504
1235308496247283722
1235124029868171265
1235157415387115520
1235048128971071490
1235201679097659392
1235246367381106688
1235025339060912129
1235173442053378049
1235074573890093056
1235105149842001920
1235110029079924736
1235136610896875520
1235197626666168320
1235010589338062849
1235012068178137088
1235149832588673025
1235221517274738689
1235021449477238784
1235046774349287424
1235260065793413120
1235135429281746944
1235326393925414918
1235060997301256193
1235218947559088134
1235295711694065664
1235047784383795200
1235206565268987904
1235264185098895361
1235121395618566145
1235273830647513089
1235230254928666627
1235280059520425986
1235194472721534977
1235239543005048832
1235189557680689154
1235135309819543560
1235015616374992897
1235015859875254278
1235168512873836544
1235273405076774914
1235066748757368833
1235290860130009089
1235222013142118400
1235200438481321984
1235049359508529152
1235205591062151169
1235290642743513089
1235319487878090753
1235184409042657280
1235126568839557120
1235053840111529984
1235030431013060608
1235021932585611264
1235066246606901248
1235180917804716041
1234998817155514368
1235325896980074502
1235194920681365506
1235072153214566400
1235143809648013312
1235121582667776000
1235205810340454402
1235308453264003075
1235020151357091840
1235260418450501633
1235079841566699521
1235136718686367746
1235295229395251201
1235284214267998208
1235041642945507330
1235019089703104512
1235019930975834112
1235148658133340160
1234997153124122625
1235304094623059968
1235153575652872193
1235195823794909185
1235300047765540870
1235236768049487873
1235000323028111360
1235128568604061698
1235057503743799296
1235180112842240000
1235131571776221185
1235194018780327937
1235305112656109569
1235325421031428099
1235175052179578886
1235108981082902528
1235262583793471488
1235139283075207168
1235010282042294272
1235296633186922497
1235013723846107136
1235224483293614081
1235283033466515457
1235148520438415360
1235204890735104000
1235237419013812225
1235350005902462978
1235212757433069568
1235107216765513729
1235025356626649089
1235180381202243585
1235013808155955202
1235085975245615104
1235237863899435020
1235012206934155264
1235243055889833984
1235016458519719936
1235034953722646528
1235126977729892352
1235026561075572736
1235066900012392448
1235279284824166406
1235289678854709252
1235277584952217600
1235338305509740547
1235283665963212800
1235286860865376256
1235107617891995648
1235100825233444864
1235133270540472320
1235190287485542402
1235055611194171394
1235224726303174661
1235077294604963841
1235240508139753472
1235295337184624642
1235034545415745536
1235224056070275072
1235089277572145152
1235231579091472384
1235266690755092481
1235274611878531073
1235113078619922432
1235126258339631104
1235196096244264960
1235188911674200065
1235267510158557184
1235176678118301697
1235210289437642753
1235218980559675393
1235030832525348865
1235193283598585861
1235278102810570758
1235299132891426823
1235151210358939648
1235261633078931457
1235283970822213632
1235237285345603586
1235283146943410176
1235293209124917250
1235215121263271941
1235017598116364288
1235096795077722114
1235130278756175872
1235010421184008192
1235248063863635968
1235296361068859397
1235257941860773888
1235125874107744263
1235279668523266049
1235103407708319744
1235056774777958402
1235201082466455554
1235168935286312960
1235260067735191553
1235191955895832579
1235308509086003200
1235066727408386048
1235299514589818881
1235299907537383426
1235264949301190656
1235036276388179968
1235037414436921345
1235094709606813696
1235198481637289984
1235230793770962944
1235037393289433090
1235089731848769536
1235266765673897985
1235249568817668096
1235129416209977345
1235088377617276928
1235068472570175489
1235319954888630272
1235000412710809600
1235098326120333312
1235187189379629056
1235002798682435584
1235314873539624962
1235276911003258883
1235190652826193922
1235030602664931328
1235118416115011584
1235104800460566529
1235223617186734080
1235260592358858754
1235015279316369409
1235013921993560065
1235198003314647040
1235230518486192128
1235263494003412993
1235268397971247104
1235247392317779968
1235183456507670528
1235039010210242560
1235251756348649478
1235288140627283971
1235194545161351169
1235134771996454912
1235091533994442752
1235043172025135104
1235280705623429120
1235030169439457280
1235283833517412353
1235196546301468672
1235052909735186432
1235136663308963840
1235051311197872131
1235224361151401987
1235234556581572608
1235259265499176961
1234995055489884162
1235055962987192325
1235271266791235584
1235002240479514629
1235066580691816448
1235019600791826432
1235296789772873728
1235142992312389632
1235102044572102657
1235037203719475201
1235025312607432704
1234992608633425920
1235033432301932544
1235343894839255042
1235039879299391488
1235185197059956738
1235186299100958722
1235221429269884932
1235046827403046912
1235253596129824774
1235185012124856322
1235192002783911937
1235149295931645952
1235252960365629441
1235207421682798592
1235001947565871110
1235055012113289216
1235319472057176066
1235333065708273668
1235273111760760832
1235147914701180928
1235213816608075777
1235089727990054913
1235182990642339840
1235246342068408321
1235326027028672512
1235067171019132928
1235150930787684352
1235314900555227142
1235303267598569476
1235181035618553857
1235338984210956289
1235232297848369160
1235007126549872641
1235036791888957440
1235002390278918145
1234993022430924802
1235050399377149953
1235147397690544135
1235156735091933184
1234996570224881664
1235002132857794560
1235225683649081344
1235107313448415232
1235185802528854017
1235195029947404291
1235239326742499329
1235179681294540800
1235036819428741121
1235246605688856578
1235064409728225280
1235002781695606785
1235258637079269377
1235208700991660038
1235205708586471426
1235122144956145664
1235166969768415232
1235025821917564929
1235096565171097600
1234998322546348032
1235030152003727361
1235022525668548608
1235067137263190016
1235038641547698176
1235063002828685319
1235306002708344835
1235177812388130818
1235272090288304131
1235308411455238150
1235249419408363520
1235094045464002563
1235011453393960960
1235083789891559424
1235282178935795713
1235054503738503169
1235075878280814592
1235163610139086849
1235252723056078848
1235268772505751553
1235222949470375938
1235171822355783680
1235096351618277376
1235018990864535553
1235265252524249094
1235209191155027969
1235177691617341440
1235123519245209600
1235308830915022856
1235268536903364609
1235094371583873025
1235102458008842240
1235066677408088065
1235109311661002753
1235218662484828161
1235152922880741377
1235119114286317569
1235264127754317824
1234999805505495041
1235130735763193856
1235235821000765442
1235036579866882049
1235219571964923904
1235338058968502280
1235113537908817925
1235069071122550784
1235230061969670144
1235065194528702465
1235338204506656773
1235058106695999488
1235286266775842818
1235119190094176258
1235185412202778624
1235027188237230082
1235283790844620800
1235204329805496323
1235062097098104833
1235303938787864584
1235242846514376704
1235034193404604418
1235272829744173058
1235195770703425537
1235043850688663553
1235007898884829186
1235097368673959936
1235023476802506754
1235047110799544322
1235222642099183617
1235117332973969408
1235171283718909952
1235219174626152448
1235223256619155457
1235035635548934145
1235064706345431040
1235294362541658114
1235032481155301376
1235088875371950081
1235267652530188289
1235246885083869186
1235159282959732736
1235250607071432704
1235153899046219776
1235165840032616449
1235007943961128961
1235260253442387968
1235207146851233792
1235277856717991936
1235090541194272768
1235256745649459200
1235116379776454656
1235226929004974085
1235232474764017664
1235344725911261185
1235284949030273024
1235208275760762881
1235148563320942593
1235055907400077312
1235014114008805377
1235048217655382017
1235234270886662144
1235350808440557568
1235234677922746370
1235260391128805377
1235023281364688897
1235255328515612673
1235163998124937227
1235206520889016320
1235166392078307329
1234997608067633154
1235202948923301890
1234992081250091008
1235278761173676032
1235272274309255169
1235194087726297091
1235048603971809280
1235136060805480448
1235117009651851264
1235303099662831620
1235267090053058564
1235071652859265024
1235224252544098304
1235079351227387908
1235119815410368513
1235235363267829760
1235156913920159745
1235294558109474820
1234996938593882112
1235226937414410240
1235116383907663873
1235024117964795906
1235182666795880448
1235250589132410881
1235247826390614020
1235037246862102528
1235297412765437956
1235145276727291905
1235160986878906369
1235132591864332289
1235064304920973312
1235148714383216641
1235278308809601025
1235130699306455040
1235142713277845504
1235098405329752064
1235218960032894976
1235294926419750918
1235003424434864128
1235291972686032898
1235278006446252032
1235208128192327680
1235089602278379520
1235350057400098817
1235251046051647496
1235000435557068805
1235319710172016644
1235304726004199424
1235041780279562242
1235094715801825280
1235044106646073344
1235189037700276225
1235257818925563904
1235301304706138114
1235049261990957057
1235130091837026304
1235020837754826752
1235205850219909121
1235064037492178944
1235107904786542592
1235135681216647169
1235055240455417856
1235284151487651840
1235217959057940483
1235326653074673672
1235146037636911105
1235337931348377600
1235296044046602245
1235038642634207233
1235272479838474240
1235313739898986496
1235349986818355203
1235180605974999041
1235302598489657350
1235246167610421248
1235144325622689792
1235215137226846208
1235142640267653121
1235303314885095425
1235165683186626560
1235242074456444930
1235014010552143873
1235093674729455617
1235253811624595457
1235234744230506496
1235304338815406080
1235289043908399105
1235178398349221888
1235225126045704194
1235265816112910336
1235098117130743808
1235302349436071936
1235251532356038658
1235038892882984960
1235007836712833025
1235279908999516168
1235222680875470852
1235272642069803008
1235119006660440064
1235032111070863360
1235068507336867840
1234998279798001665
1235209116160856064
1235295079973220353
1235233380624740354
1235112467711307777
1235151755605938178
1235071351418843136
1235272483206557696
1235053188820004864
1235228098045440000
1235281087388979200
1235016698840993792
1235027446216310784
1235254649017552898
1235288753901621250
1235182908761047040
1235284289706696705
1235009442921537536
1235201446464888832
1235021233055338496
1235090571028381696
1235021844924653569
1235109934364332032
1235178013802639360
1235102405361950720
1235015773069791233
1235015324929372160
1235043066488086531
1235183092895186944
1235232328592564225
1235295319228854273
1235159450383724544
1234993550703489025
1235221184771481605
1235171619909365760
1235213665772752902
1235045430326628352
1235268995768602624
1235296802431266817
1235097905351942145
1235183735688945664
1235290170888511490
1235256158522228738
1235200941600763906
1235184113729978368
1235300201306509312
1235249185445875712
1235124849493843968
1235264149581713414
1235101436809109504
1235036290288144389
1235284259557998594
1235017982297939974
1235240708921061384
1235022248416665600
1235016349409304576
1235013900955004928
1235066295445409793
1235168181431537665
1235180749042704384
1235242464019177478
1235260942994137089
1235305898656006145
1235072537815429121
1235101948363194368
1235243473772539905
1235174038130929665
1235266225929965569
1234998372005642241
1235130373589233664
1235165972924977152
1235107987737309184
1235033903565422592
1235290165733732355
1235101148194975745
1235034328381390848
1235332092185186305
1235255732330618882
1235302221149081601
1235187211462750215
1235053212484268033
1235234694477877248
1235054521379966978
1235048407338799105
1234994050920370176
1235009150431592449
1235225892529426432
1235255518601433088
1235320137873489923
1235230976634171399
1235219828480368641
1235159664964153344
1235248436477399040
1235203823146283009
1235018928432304128
1235249919059005440
1235083095164039168
1235254037328605184
1235238268641431553
1235221341038669829
1235022720502345728
1235007103032492038
1235284056000122880
1235278057096843264
1235060326552309761
1235098304779653120
1235262090014846978
1235020547320356866
1235218242546929667
1235267314318290944
1235108146877583361
1235279718485766145
1235097521191407617
1235344508520460291
1235041295862648833
1234997183658594307
1235220973235752960
1235256834816126976
1235114967851888642
1235092716230307840
1235251486872883200
1235262260924125184
1235206767837147138
1235180251715526656
1235228124432011264
1235084568392167424
1235054802544947200
1235087700266323968
1235171539684921345
1235211151488823297
1235256680314802177
1235047161269645313
1235246775037902849
1235246012840759297
1235280206673346561
1235026786955616256
1235037660122509313
1235174193815318529
1235188886143463424
1235114150449172480
1235059208996806657
1235039691398713344
1235103011329859584
1235153562558238726
1235136617800753153
1235332576090431490
1235111568024707078
1235247922855456768
1235229719131455489
1235339125919756288
1235159955667329024
1235246341229400064
1235149608772349955
1235034723090653186
1235017726051127298
1235211416140828672
1235151241069682691
1235302777519255566
1235042464626405381
1235194152805072897
1235173027047813120
1235302621696659456
1235001527716081664
1235178457710997504
1235133441575751680
1235264462556459008
1235277859545112578
1235071332867379200
1235009600589619200
1235222547894898689
1235277201613950978
1235308264197419015
1235201762346196992
1235193638243557376
1235140228794535936
1235262003037507590
1235301855351255041
1235242595808399365
1235048512498221056
1235282059335090176
1235136117306830848
1235134702241165318
1235301284384735232
1235112031407050755
1235026720350023682
1234992335303237632
1235201812552200192
1234993282410635264
1235282500429238274
1235350349948518402
1235252590742470656
1235218588795047936
1235259820984410112
1235109987745054720
1235031304145526784
1235256079111598081
1235286262208028673
1235308017513615365
1235010879827124226
1235201381356711936
1235170330286538753
1234995456297431041
1235171088272740354
1235350089473941505
1235290778462834693
1235059921957163008
1235298214477287427
1235212243836510211
1234997842705444864
1235137868109975552
1235078123944726528
1235257063481020416
1235099741534294018
1235176969970561024
1234992589566164993
1235172152556613633
1235192512589041667
1235021249790668800
1235082118020993024
1235216232795627521
1235014911203344384
1235000006337167360
1235074029532229633
1235179499127373825
1235014012456357890
1235285442955808768
1235051455519707136
1235165986384474113
1235159191427452928
1235069972532965376
1235080831619567620
1235219332033949696
1235147423334400007
1235015134730477568
1235166551604523012
1235293939567144960
1235046434950410240
1235050674552844288
1235035473753575428
1235184428198047744
1234992462231244801
1235036808456609794
1235127577892683776
1235257238501064704
1235016962805202944
1235013981603061760
1235154207738679308
1235244678917894144
1235261233592291329
1235126615786414083
1235243387793682433
1235195608194904064
1235000331492184065
1235188852375068672
1235117599677022209
1235277104725581832
1234995660945948672
1235209271152762881
1235307466952527875
1235091148705685504
1235194104461627398
1235112436149014528
1235028979104411648
1234992280844390401
1235289522545602564
1235050769411428352
1235266452015456257
1235026598341955584
1235030418899910657
1235211313254748161
1235194939992137728
1235095479886610432
1235117489308053505
1235104433370873856
1235222866947432454
1235077578186059776
1235014228458827782
1235200458559496192
1235192316605890560
1235107963318046720
1235214218976251905
1235188154321207296
1235308289958825987
1235050547033460741
1235076324860907520
1235136594442674177
1235151637318193153
1235075921675087873
1235260982953463808
1235166060581728257
1235141914879553537
1235235863078096897
1235283127183917056
1235231507817607168
1235206302462337025
1235279294085111810
1235025593734852608
1235269904036581376
1235304688255471616
1235218912624570368
1235287198829813762
1235282746639081475
1235126518176559104
1235173008198729728
1235262643037855744
1235184257418620929
1235098063028383746
1235293269891911685
1235344567475544065
1235280735143104513
1235073504153755648
1235184013301735424
1235084087909441536
1235202386366476294
1235300379933454337
1235302208805187585
1235287379650498560
1235257776059723777
1235195607083560960
1235067236039065600
1235001730888282112
1234997089530023938
1235002892937056257
1235090900314771458
1235206461300625410
1235044187852009472
1235230373065510920
1235188462510317568
1235160135342927872
1235101000404324353
1235286654581174272
1235236323990044679
1235130650287624193
1235046085489352707
1235250254917836801
1235218958782996481
1235092938645884930
1235119717662195712
1235301871239168008
1235035632205848577
1235326336928972806
1235106061222154240
1235024002575298560
1235194628036534274
1235038023315648518
1235102330233610240
1235242343336497152
1235089232374280194
1235119931252862977
1235112918640979968
1235115588399140865
1235178778675916800
1235305378772119559
1235126226559184897
1235130507723018241
1235198751322537984
1235208919754199041
1235271694807375877
1235123853820559360
1235326572938264577
1235063476365561856
1235304164219068417
1235279560578666497
1235077854150324224
1235214084087242759
1235326198772895747
1235160454193917952
1235298088920715267
1235292906321301513
1235050992510439425
1235040502371594240
1235201027013521408
1235135568368951297
1235261851753222144
1235238875926335489
1235048895215890432
1235226262890852354
1235242493568049154
1235274412024377347
1235051546674487296
1235283950207209474
1235105451756290050
1235274992931217412
1235099938301702148
1235150868531429376
1235277100543864834
1235042639952506880
1235279502395215872
1235179545428234244
1235206381457768450
1235031649881972737
1235339030763581441
1235202464984399872
1235278549256417281
1235294657480884225
1235265105358708739
1235272586575187970
1235241272190865408
1235038112474112000
1235278968686698496
1235159022912884736
1235182057816494085
1235306901082181632
1235268152566722560
1235199326705430530
1235009053404925952
1235039049817231361
1235072391220359168
1235251282413326343
1235224567414771713
1235070569814446081
1235081463076229121
1235195610933821441
1235044228901691392
1235078986817888257
1235304667183230978
1235135997706260480
1235292905021083651
1235062762528636929
1235165662525509634
1235224592588906497
1235298680028180482
1235010992775413760
1235012694857658368
1235008568316715010
1235197286290010113
1235271169177202688
1235266339440398338
1235194849772679173
1235264537269547009
1235325607996723210
1235261769825677313
1235260449333161984
1235289239442595850
1235209825019019264
1235247169101324288
1235170502366433280
1235190544533458944
1235156237613797378
1235280586765479939
1235158675095879680
1235034455338897409
1235109194488897536
1235175899252903938
1235010411298086912
1235044282404241409
1235129853512425474
1234999324448149505
1235038606982602752
1235083858090983424
1235344008169295872
1235060128425992192
1235272313760870402
1234998508878323714
1235136578265272320
1235131286773063681
1235289134853476356
1235079971510444032
1235074199246405632
1235033546164592640
1235155711073472512
1235068476643061760
1235176081663168512
1235125497841045504
1235264497696333825
1235279198106853377
1235212339462508545
1235208863156232193
1235158476382507014
1235081955802116097
1235210425450586112
1235183777556713473
1235279397348880385
1235052867318210560
1235252921664753664
1235019371472400388
1235034385885229056
1235234726232936448
1234999239295545345
1235190040587915264
1235248700768653313
1235028492057640960
1235232119787573248
1234994717034549249
1234993103473262593
1235016470599536640
1235187934409764865
1235257219739983872
1235089113918791680
1235265483764453377
1235008411282165760
1235103139302268928
1235195772678877184
1235230932875046912
1235193970495545344
1235125890087936000
1235261665324781570
1235116595136958465
1235094344555626496
1235259013392142336
1235170180709470208
1235282103841021955
1235350640227999744
1235139115659800581
1235172197662175233
1235034821220425728
1235271740193824768
1235338380218707968
1235201799335956483
1235040479345020928
1235021324034203648
1235124093390934016
1235277363728048128
1235276240321470464
1235037008097087495
1235003029251739648
1235068045011214338
1235236825351868416
1235332327586385922
1235176836835028994
1235114946150551555
1235173473833508870
1235171639874199557
1235030439061884931
1235019266035834881
1235246967405584385
1235295269383802880
1235156804490805248
1235060276166152192
1235124560292220928
1235015365018750976
1235242308817256451
1235143505636470785
1235188577946005505
1235305740925128704
1235093999284678656
1235044030775349249
1235200347779584002
1235165490219225094
1234998600406450176
1235095119340044288
1235254427092738050
1235043328866963457
1235282225047969793
1235117550209384448
1235206736740519937
1235252954460024838
1235253849197174784
1235301499670089728
1235177574109716481
1235117373440421889
1235224409289392128
1235244388680445954
1235295727393308672
1235016620059299842
1235130465763364866
1235250546564575232
1235009439490592773
1235241977865633792
1235231992536539136
1235308361786241030
1235196324481384448
1235331672159195137
1235242137681182720
1235200991563309056
1235142803975335936
1234992714866757632
1234996669281755136
1235252641724276738
1235246705379020800
1235106849151537152
1235241617956708352
1235172361252544513
1235162925859393536
1235212018228932610
1235091694749495297
1235177629289861120
1235304629124165632
1235113359831252993
1235092956094164993
1235261673440763906
1235045991348228098
1235165965236809730
1235183342238216196
1235064276672372736
1235120199872856065
1235067633189277696
1235038931667824640
1235223934834008064
1235265197826363395
1235210447047004160
1235290891318890496
1235292990899474437
1235206716767293445
1235281646389260289
1235227155044409348
1235031213238136832
1235297600775098368
1235136145081548800
1235002901933654016
1235099546016874498
1235213108274229250
1235073115031363584
1235221652603994117
1235255590731083777
1235350576277450753
1235298264947273728
1235235860683071490
1235233506315427840
1235078512337272832
1235257568987148290
1235043821496307712
1235275682802012160
1235174475831955457
1235282672085323778
1235160256231206912
1234996366889246720
1235286912233017344
1235108889449787394
1235183324739653634
1235101519088771072
1235183992300859392
1235068411278811136
1235333127809179650
1235037895360229376
1235212944511729666
1235083137056571393
1235135440820170758
1235005023895117824
1235245095827501056
1235060133274750979
1235160779181219840
1235308726187421702
1235033354774474752
1235190944355561475
1235176553681686528
1235014420968943617
1235270964465872896
1235202839737176064
1235255010750910465
1235205740102590464
1235276873967579137
1235041748126064640
1235037481969405954
1235248775993503744
1235106035737620480
1235047750342852608
1235094388063301632
1235035676829048832
1235203291069296642
1235290145781407744
1235291558783733762
1235227874514223104
1235025497869799424
1235019399066681344
1235070273168101376
1235272647677743105
1235165642854207488
1235121350034911232
1235259459414495233
1235129669877460992
1235145722313551872
1235192653878308864
1235031461511581696
1235117624826179584
1235218454183137286
1235189613230247940
1235050730299457536
1235067604638695427
1235158538294525952
1235213353317957635
1234993820019781633
1235286503443529729
1235167640861233152
1235303642087010305
1235041474829357056
1235017570299736064
1235302840769355778
1235259782887505920
1235292815955046403
1235231687640076288
1235252001136664577
1235179695215431680
1235314241688801286
1235270633967079425
1235258298322083840
1235094133183664129
1235012411452686336
1235248396799062016
1235273904085561345
1235101755488124928
1234998621411479553
1235006250527707136
1235192297136021506
1235135474831953920
1235051482338058240
1235230757573935104
1235256653618049024
1235179139700686848
1235196751570587649
1235258695035961344
1235228250059702272
1235247912470405120
1235344091778617344
1235266047424462850
1235173952953208836
1235290069998678016
1235025286908891136
1235195553723478016
1235230565281955840
1235166165682524160
1235060495452753925
1235291606351257601
1235013535425392641
1235241675309682688
1235100039006961665
1235217467259019264
1235266256862924801
1235071363938807808
1235224864858009600
1235282837533863937
1235250128547508225
1235042605697650688
1235250982654791681
1235289775713775617
1235226743985836035
1234997460243664896
1235252797270093824
1235260903349682181
1235150254091186177
1235122474527809537
1235260834730962944
1235174818909057024
1235236765864202243
1235043526783537153
1235232926079602688
1235136068564983808
1235090212696363008
1235066859147243520
1235319417539612674
1235276785434185729
