1234663394893942788
1234954190927036420
1234787821409521664
1234981210155180032
1234991905479389184
1234744707386724352
1234882682053677056
1234921156500688897
1234866448339787776
1234668731445329920
1234974933941252096
1234803491484225536
1234950022556344320
1234797458607177729
1234984436187271168
1234685468656185344
1234898763593875457
1234819079493627904
1234844044208955394
1234795656432123905
1234972672322240513
1234978710337384448
1234833420884291584
1234762600505733120
1234824853850664961
1234918625737183232
1234798478762659840
1234757275958595585
1234860733990625282
1234965390247243784
1234761557881409536
1234947866231287808
1234902534717919232
1234765822549266439
1234726834748698624
1234907016923111424
1234800863849349120
1234818369561321472
1234756420769325056
1234882508724023296
1234680433675100163
1234886614414848000
1234843694328619009
1234774711029993472
1234888613000663040
1234960639333765122
1234906950237741057
1234809557668384769
1234681100447830017
1234831830722973696
1234927485873262592
1234887680502239233
1234972394143399936
1234891404909912066
1234879247690301443
1234861996350332928
1234898503878316032
1234972509797142528
1234958016283234304
1234863661698691073
1234828897943838721
1234818452096835585
1234812063605829633
1234909158404710405
1234798313792131072
1234685959393800193
1234780867974881281
1234829827103870976
1234907847303081984
1234747647778607104
1234940870216032256
1234851111900717058
1234928464349798401
1234742889294553094
1234966949232181248
1234887397869080577
1234907729929678850
1234916694209880065
1234877829906563072
1234832552436826118
1234786507589869568
1234691055460679681
1234821625037697025
1234963295968169984
1234930442844987392
1234831020555415553
1234933183407362050
1234915223062171648
1234858427739987971
1234941951360679936
1234883165635805184
1234954497685848064
1234894680669773825
1234962786414784512
1234914239212507137
1234816623841890306
1234936394205757440
1234674083826036736
1234803609696489474
1234937615159373824
1234685638063996931
1234897520184176643
1234939557306667009
1234858804661104641
1234840280299450369
1234864700506198016
1234944311806087168
1234920581830565888
1234952581488824321
1234914991846940673
1234832318092566528
1234990922804281344
1234975272664854529
1234804120961286145
1234703048141766656
1234849848115023872
1234771768478486529
1234752072953798656
1234766202418810881
1234895280090353664
1234817725479841798
1234918081442570246
1234875791474937856
1234830465724448769
1234846141272866817
1234946425076666369
1234906558183677952
1234989981334003712
1234904416467087366
1234838041077919746
1234985512168898561
1234906098429288449
1234820091461668865
1234987323583918081
1234732803750674432
1234943597251874817
1234758522111328258
1234680341266219010
1234791924957110272
1234888782471745538
1234663679481663488
1234805239804571648
1234826625792897024
1234979049375580161
1234915199217545217
1234901071362973698
1234953373000044546
1234668672557309952
1234675278384775169
1234674300843483138
1234870900417290243
1234742007324651520
1234741073907462149
1234955422295056386
1234807915162357760
1234810023076859905
1234774631979945984
1234949267741192192
1234835636030525440
1234965007181459462
1234850614636531717
1234739652377997314
1234925159280189446
1234896950450933761
1234942512332181504
1234990571837513730
1234926173207003138
1234634169986232325
1234866825093095424
1234833535875403777
1234960652185350145
1234803660594589696
1234967794162204673
1234886566574620673
1234715900152078337
1234863475840565248
1234721389631942657
1234721403007455233
1234963160840441856
1234900531501510656
1234967468310847488
1234674837613768705
1234757047020924928
1234894552718139393
1234635059543650304
1234853762088554499
1234915656421781504
1234985504380080128
1234956662097625090
1234864995067973633
1234888853787377669
1234863870126231554
1234974728168730624
1234844630744629248
1234867645922627584
1234860243047374850
1234928624207306752
1234914029165895680
1234837856717344770
1234635036537679872
1234792277396115457
1234913777797169152
1234969977490309120
1234859864591130627
1234951115138945025
1234886648019791872
1234889425236029440
1234943618122747904
1234764024329506816
1234846027347181575
1234914083717160961
1234925243304529920
1234802033372233729
1234710101870559232
1234919694072569856
1234794508811788288
1234978447920787456
1234920774571565056
1234891595914317829
1234906475312504832
1234914833365004288
1234828633094660097
1234773624764002304
1234990948867723264
1234966455227158529
1234911283813613568
1234952971110113280
1234764976633462784
1234970845170237440
1234983170241527809
1234852142659272705
1234732500162924544
1234872424488812544
1234888628226134017
1234920806402207749
1234954810736201728
1234947570885107714
1234952594432217088
1234867304946532352
1234940671804477448
1234851528516739072
1234875133027708931
1234826768789303297
1234856588911005696
1234817630944579584
1234804200086753280
1234825335226716164
1234832959137570816
1234887222119354368
1234921862674747393
1234668724763803648
1234886933165334529
1234924597818122244
1234709544414203909
1234885102280167429
1234980292311470080
1234941086553927680
1234773426608517120
1234960954166611969
1234978288147156992
1234931528267894784
1234846653695307777
1234863232470470656
1234801619402969088
1234935527633227776
1234841640071843840
1234791782317060096
1234983191875710976
1234930634960842752
1234938078919380997
1234940162909577216
1234939364423196672
1234822985514659846
1234899036286701568
1234820232243564544
1234837584800571392
1234987426872881152
1234836040659218432
1234864683099852800
1234838898737647617
1234798160310042625
1234932386535620608
1234635204293267458
1234960208436310024
1234807452245340160
1234912558961827840
1234865139075162117
1234944541838467073
1234956242985971712
1234824747399053312
1234732573143785473
1234847110081630208
1234721894730883072
1234954676216483840
1234979568437432320
1234963625770659847
1234895532205670402
1234812768584425474
1234838775576059904
1234850955012825088
1234832969950363648
1234942083653394438
1234646471594528768
1234895342358978560
1234781001022238721
1234897613154963456
1234823765000744961
1234754713981247488
1234931406888935424
1234815309917364225
1234898308839006209
1234708867260583936
1234804005680881664
1234932579683446790
1234803001367371776
1234975171695374338
1234809886917132288
1234880743890812931
1234962716135165952
1234779605929582592
1234924184284823555
1234973277723844608
1234903634191822849
1234721548310806529
1234913441342775297
1234772092958232577
1234762798690734080
1234988687672242178
1234918831501348864
1234845606557798400
1234856624902344705
1234805339217854464
1234951064148901888
1234902113295249410
1234703521251020800
1234873051923091456
1234895270967640064
1234939502549798912
1234732651459661826
1234966016180080640
1234951622192549888
1234954263312392193
1234976911782113281
1234902032361938944
1234971280996089857
1234822263989342208
1234942762379857922
1234797712962396161
1234884478150905857
1234697711548387328
1234849978331230209
1234985416282931200
1234964904496361472
1234969352383975424
1234941866363121664
1234838698916634628
1234786822506438657
1234867660539727872
1234838174951755776
1234925088941772800
1234686014909583362
1234658186663096320
1234959416329371648
1234871065773404160
1234767574467895296
1234864169196883970
1234966437661376512
1234901357720551424
1234930179983790082
1234924612523380740
1234836966140784640
1234861166737920001
1234727379374936065
1234808279118815233
1234949993930330117
1234748899249795072
1234958895191384064
1234985681392304129
1234790364596383747
1234989113801003008
1234845855020130308
1234680823745396736
1234845805091184642
1234869055707844609
1234739152031141888
1234663722078990339
1234879906024218624
1234954231251120129
1234969654977798145
1234890010467323905
1234780562902089728
1234920948094074881
1234927772889493504
1234893187380019200
1234854526756249601
1234750880446062592
1234746966258548736
1234822103641227266
1234640582875570176
1234809543525355521
1234842400922750978
1234877270864670720
1234952703014395904
1234932963126607872
1234974380519645184
1234847747657719808
1234973860698607617
1234932767806242816
1234720612620414977
1234877105160302595
1234739859689889793
1234780844499316736
1234865369912946689
1234861905921159177
1234902803585236998
1234910010045599745
1234880779194208256
1234922170993827846
1234969255176597505
1234926588292149250
1234948975280570368
1234773779873718273
1234897325010472961
1234933689420853248
1234979984692789251
1234751194465071105
1234814628347228165
1234970669466542080
1234685637732683781
1234757298704306176
1234939596439478273
1234827691611873281
1234986917575290880
1234914403633418240
1234837411840057344
1234924229029548033
1234893164449816577
1234674145264160771
1234984993681592321
1234934466847682560
1234932844348215297
1234888024284114951
1234762521829150722
1234937092251144192
1234919245470949382
1234864466719911940
1234854513800077313
1234981374857105408
1234737637170335745
1234817349691363329
1234917493048856579
1234929259816325125
1234794598863704064
1234854875340693504
1234780327815434241
1234726649209479168
1234742700462788616
1234942925282455553
1234816461186592768
1234916151316099073
1234795446234537984
1234785859389599744
1234786203116953601
1234827249288916993
1234785738534731777
1234906258034921472
1234935274234400768
1234840836736634880
1234937078229667840
1234816799868440576
1234847176372760578
1234972528885395456
1234738378244902912
1234934971506286592
1234954116612395009
1234871945163952128
1234934462523281411
1234831387448004609
1234727538154524672
1234805503005462528
1234910028647354369
1234983788427407361
1234936156166422528
1234888614305259525
1234761766858567681
1234854833250799617
1234955233899548673
1234900626242330624
1234929582983327746
1234926961417498624
1234846736063049734
1234879861648510978
1234966706021228544
1234941250895319040
1234841077103955968
1234883259630325760
1234915209040494592
1234925870856515586
1234744134524710912
1234768407045853185
1234668523676262401
1234924066835959813
1234818382626770944
1234991880938483717
1234941254217207808
1234791787354611717
1234945065711063041
1234977385457389569
1234780650873479169
1234733720986247168
1234924181038305281
1234870745164963841
1234813337709371394
1234819373929463808
1234962455375286274
1234930948048871429
1234838683406098434
1234759998049267714
1234965433528176642
1234931751820103683
1234980648386850816
1234668781206532097
1234958424317755392
1234876737692921856
1234770416142573568
1234870920306667522
1234949577091903488
1234888667514179585
1234954943750164488
1234972591556677632
1234960264635830272
1234953203709612032
1234971308967882752
1234941109966528512
1234809645417422848
1234865292133588993
1234955667385069572
1234879600456601602
1234946624050298886
1234872913532194816
1234779674913337344
1234949779286675458
1234822011677036544
1234972945136570368
1234859286150471680
1234873930344751104
1234860006866128897
1234891683386601473
1234911693509099520
1234833187551039489
1234640461551173638
1234837749095653376
1234891064990785536
1234817524052774914
1234834860004564993
1234663235376168965
1234976540015808513
1234838053073621002
1234832326313508864
1234958115554103297
1234912174969106438
1234904811524386816
1234727617451814912
1234880289278758912
1234680356642512897
1234979212936663040
1234989402729807873
1234788972175351809
1234745726548074496
1234765835874361345
1234732467006795778
1234838810141151232
1234902851270430722
1234969567153270786
1234762970204442624
1234935125944815616
1234991503342129152
1234843843629060096
1234936796523290625
1234990286696144898
1234784524451680256
1234833027886452736
1234948481229508613
1234936086155218945
1234767066659356674
1234957760921399296
1234732499227508736
1234979516084191235
1234827199565398017
1234926338013687808
1234983731988811776
1234938583255060480
1234645593525374978
1234850255910428672
1234839226858037254
1234892590539059205
1234926265670389760
1234880704527425544
1234927473516740616
1234851480143831041
1234674217251065856
1234680818380894209
1234703958955954176
1234732900572160002
1234886826411819009
1234874667455983616
1234968577490460683
1234942510478319616
1234929078496563200
1234950232984694787
1234962267696922631
1234864747171860480
1234646050276667392
1234973323768942592
1234875227143884801
1234942361022668803
1234811935033643008
1234928535317438465
1234898227289149440
1234778107082465280
1234868601212915712
1234969386185682944
1234930437086203904
1234938713488015360
1234866461002174465
1234868417209012224
1234878603684347905
1234721030180130816
1234929518554411009
1234962190915883009
1234839257241522181
1234965961897213952
1234887848861536257
1234807100401840128
1234966307105148928
1234861694964334592
1234844659161141249
1234834040043106305
1234960523109773312
1234982757937188865
1234733006029455360
1234950152105971713
1234768190393085953
1234737674541395969
1234821009112473600
1234865266431070210
1234990183939891200
1234691938273480705
1234818808302444550
1234977857467604992
1234921909076103169
1234813562943688704
1234703024129372160
1234850875794870272
1234849856314695680
1234698288798064640
1234902982703173632
1234941263239110657
1234901737741471744
1234854787717443585
1234902054625112064
1234763262916530177
1234853787300433925
1234819781531963393
1234869147751849985
1234984639594254337
1234762436437213185
1234891037585346561
1234859852524113924
1234750437233852417
1234675058179629062
1234657804541136896
1234840260938473473
1234907292027490304
1234762462240501760
1234937573581246464
1234966050925510661
1234871871947993088
1234739257639686144
1234768991526301697
1234986945031262210
1234829970012344323
1234866904369631232
1234905482655125504
1234971475804745728
1234786031364431872
1234985224624201728
1234835220450377729
1234756719449952256
1234791911791087616
1234797307230642183
1234791376610566145
1234921643887099904
1234957471594184704
1234709804481830918
1234901171992584192
1234832178350981120
1234979088370003968
1234959643840921600
1234783512760287232
1234859226050301956
1234884643150868482
1234873742393823239
1234863524830203905
1234890713898397698
1234878874573471746
1234888246221557760
1234933023533076480
1234657228558303232
1234942129362886657
1234989246122905600
1234809524160225280
1234809190092242944
1234916287819763712
1234967083739500546
1234941905483554816
1234919282649260034
1234898198298275841
1234875535546675200
1234891670426148865
1234800166919704577
1234840333948784642
1234982780842303488
1234915244549472256
1234893565961965568
1234696913296904192
1234799061515018240
1234944727310651392
1234891587986968581
1234745731115868165
1234780461714436096
1234779740713758720
1234745078259675137
1234843717648965632
1234663392389939203
1234680324795203586
1234979724209750019
1234666422552252416
1234680309792137223
1234800955222261760
1234762847172718592
1234809280445829121
1234793168714915840
1234947241728782336
1234803384189763590
1234645497295626240
1234936842031681536
1234856945758109702
1234832148227657728
1234903824856469509
1234855456155283457
1234903470752202754
1234955104450678784
1234802481894494209
1234871966516969472
1234871863077146624
1234941127406628864
1234866332602163201
1234917809030914048
1234929017347768320
1234948767465562117
1234905098653970432
1234788121075765248
1234857230907977734
1234799510011994112
1234768280994435072
1234907072879218688
1234958654052368384
1234932886748516354
1234894189948628993
1234894559710187521
1234926181385998336
1234902388282138624
1234657188393566208
1234727154656608256
1234949789755854848
1234846504520646657
1234738397509369857
1234779601164881922
1234947177115459584
1234749487270318080
1234973466702438400
1234809909180452865
1234807355973476352
1234821813957472257
1234973653575421952
1234890914599854081
1234947486810243074
1234854280403804166
1234765681775665153
1234832433662414848
1234824512291647489
1234954131078443008
1234881076176261122
1234802867783028736
1234844486988992512
1234923524873162753
1234721049134145537
1234989407540658177
1234962665186844674
1234922867135057920
1234861348636549120
1234874495032315904
1234781042227150849
1234991896432271360
1234714629835653120
1234928895352299528
1234813153181130760
1234846768585682944
1234797710483632128
1234866272547946496
1234937444954464262
1234651374123569152
1234953245279297536
1234791262995152896
1234953971300569088
1234912239209078784
1234844181694009344
1234931055590641664
1234887571555209221
1234791137950552065
1234892998904647680
1234951651108294657
1234909741215694848
1234948727523004416
1234967001812160520
1234917359888064513
1234914410117857281
1234959396888813580
1234843057301970944
1234956854473551873
1234835338763362304
1234890343121858562
1234840189610188800
1234867401864314880
1234680797363204098
1234917352678068226
1234843710829060096
1234845467097231361
1234680277496057857
1234920900765483008
1234937762266124293
1234838249824079876
1234818407444303873
1234750893129596928
1234889753855746053
1234905803460685824
1234879782623621120
1234774430997454848
1234749400272035840
1234751884776394752
1234945894669332483
1234888387334508544
1234885381188812800
1234951290096058368
1234685574717431811
1234942003194073088
1234961604313260041
1234844402276818951
1234865022813265920
1234979471368699904
1234925894969331712
1234924045013069826
1234846465312329728
1234838366060982275
1234890770076884993
1234738033104228353
1234864370729062401
1234899727067602945
1234787049284173826
1234747880910381057
1234749083765501954
1234933824997515266
1234737782423261184
1234641040914731014
1234887300087242758
1234634405425111042
1234910329202708480
1234968934429839360
1234942466341691392
1234973789995159553
1234792943288029185
1234669609740951555
1234956969787547648
1234830482287841280
1234921534331875328
1234953011178483713
1234831967381749770
1234958122181169152
1234785865232211969
1234691840152162306
1234866654481440769
1234871012862447616
1234697508250537984
1234787935477694466
1234914057813135362
1234786104437542912
1234957631455924230
1234936423620329472
1234981187174551554
1234770059790188546
1234912689211740168
1234950982741692420
1234804334224957441
1234954373807079425
1234964167376941058
1234751710733783040
1234911298418335744
1234827354414993408
1234915747068956672
1234982431284813824
1234750567525863424
1234979524342796288
1234872006409150467
1234889013930188805
1234686145365020672
1234721095611273217
1234766161704677377
1234924465080979462
1234912282531987456
1234874909756657665
1234849254558044166
1234811010558509059
1234966239539122176
1234960377122840576
1234878779731955714
1234762996661882880
1234862855599591426
1234745331008454657
1234793967989878790
1234958841693057029
1234651193735077889
1234751309191925760
1234849655277543425
1234911957087653888
1234753570773381121
1234825062487715841
1234733554145296384
1234891483649540096
1234928604238241793
1234888653689827330
1234989067906904064
1234891436455149569
1234901528621830144
1234769375946690560
1234973978709508096
1234803971308638209
1234906089679970305
1234980551779471360
1234769032315887616
1234885286376738817
1234971699428220928
1234739938119290882
1234982020276555776
1234909436478730241
1234828985806282752
1234969662078803971
1234668697635045382
1234964727954071555
1234961006281068546
1234747888388820992
1234935907184193542
1234859026212642817
1234918745371488258
1234750573427249158
1234954528912482305
1234797479876493312
1234863450666553346
1234889653276172300
1234674106898927618
1234645845980565505
1234656973880119296
1234952255947911176
1234904818881351681
1234885720290070531
1234796135866421248
1234786439239524352
1234889443259142145
1234691839493435392
1234985344417726464
1234859445173334022
1234852845981184003
1234964496743116800
1234776343772094464
1234915577363390464
1234873193921417216
1234792232366071808
1234966873416126465
1234804180943900677
1234750707787452416
1234934837863211008
1234762439272599553
1234752465100312576
1234929701082157056
1234865878577090562
1234635029822627840
1234820844527984648
1234824916584869896
1234901844230410240
1234985081401266176
1234922449009020928
1234926057293303809
1234860582819385344
1234874350156693504
1234856370232549378
1234816743010226176
1234953235229761539
1234962455077543937
1234697587036262400
1234968234824282113
1234911995096453123
1234942433487663109
1234842817245126656
1234959566120587269
1234954256827940870
1234919240429457410
1234836594143694848
1234914513855664128
1234916250762891264
1234822087665012736
1234697219716022272
1234889140799496192
1234985712614723584
1234803921526280192
1234691009230954496
1234879667066327041
1234972008451952640
1234821929636261889
1234772008589615104
1234831732022661121
1234794991303774208
1234762018336407558
1234646075790823425
1234832173636767744
1234894765562294274
1234960341009944578
1234869427218284546
1234657125084778497
1234896536364101633
1234984467090964481
1234843240316182529
1234909732307111943
1234974226018230273
1234984891558707200
1234883930735726597
1234968878238666752
1234743518800891904
1234847068784447488
1234855164395294727
1234986317743656962
1234987364658761728
1234697645320368129
1234891028072501248
1234809389900582914
1234866465666408448
1234985276012810240
1234923726048808961
1234953748025237504
1234747208290820096
1234768337923604480
1234881556709167105
1234809423723474944
1234924105205506053
1234986789426778113
1234898835383648256
1234889804191535104
1234646352522510341
1234691477340643328
1234783224783486976
1234966951677460481
1234837981896331264
1234979255680765952
1234897371038875649
1234767672891641856
1234912131474186241
1234943878358110208
1234756359385600001
1234809990206148610
1234838302693392384
1234853539983306754
1234743669682581504
1234924273585786883
1234844863524483074
1234743332695310336
1234884141864361987
1234738526832529409
1234955043402637312
1234774573914173443
1234974171173490688
1234846483003924483
1234892830910251009
1234808643008237568
1234918907594412032
1234946802903764992
1234776812418265090
1234800297962332160
1234900974692642821
1234948144162578432
1234974021168422912
1234790657857814532
1234954308120002560
1234986721894289408
1234697003961114625
1234876595149639681
1234948278829166592
1234867734078316545
1234880917891637248
1234836860582682624
1234872209266618368
1234891783596695552
1234768959490138113
1234868038354124805
1234983427323023360
1234819299732316161
1234727513127034881
1234936851955404801
1234922483716952065
1234875288900833280
1234771359726788608
1234770663434485761
1234789436459802626
1234858581725499392
1234837742426771461
1234894362162581504
1234875897766907904
1234762986264387585
1234720814970179586
1234964248645820417
1234870528697151496
1234924184750432256
1234951277425156096
1234948515639578625
1234824381756510210
1234899696935669762
1234890535246221315
1234899421537558528
1234945296699994112
1234645548612718592
1234872378590711808
1234830050714947589
1234814567320113152
1234852310393802756
1234763580286873607
1234946900270305280
1234885898719752192
1234744803709071360
1234980161579171840
1234933649948069888
1234849558791888896
1234986460891111424
1234714617789612033
1234968729252818944
1234953114312151045
1234775066971385857
1234744913721466881
1234919164147589120
1234779647675494400
1234817788117733380
1234685961184743424
1234894845526843393
1234873762291560448
1234953289751379968
1234786717451898887
1234894446791208967
1234804234752675840
1234897983881334784
1234970888451190790
1234944481775910912
1234871939493007360
1234820991722893313
1234964708094029824
1234710064147181568
1234833636924559361
1234906219460091905
1234875601384812544
1234877266854805506
1234809115169492992
1234924867839025152
1234948455891644417
1234974849279250433
1234820114069049344
1234769373702717440
1234657286892773377
1234763884894081024
1234882561496600576
1234924844812263426
1234797186023489536
1234929161212395520
1234845222317821952
1234926591110778881
1234894266675146752
1234855582592589824
1234657384754302979
1234928534965178368
1234987621446606848
1234905132585885696
1234859710127525897
1234954264964890624
1234844550386126850
1234875057723363330
1234948577111224322
1234944673107578913
1234709028468645888
1234858738890297344
1234988416137195521
1234924757679779840
1234923590937645056
1234965325717889024
1234953217680822272
1234908919354425345
1234686098527391744
1234869286902157323
1234883744663773187
1234903958495252480
1234702917531262977
1234761909859045376
1234922938618589192
1234753130413248513
1234975468165591040
1234977800966139904
1234820886601093120
1234772419094687744
1234914098397294592
1234680642169761792
1234943311498162176
1234791811895480320
1234876884535709696
1234985453813559298
1234750963581423616
1234703950399430656
1234973890901725184
1234848705565597698
1234956607802527744
1234928867631976448
1234663781717819395
1234833373505490945
1234767941188501504
1234860014894026759
1234778101521035264
1234907198624542722
1234964385141051392
1234876821126221824
1234837178750054400
1234871932039856129
1234918199788879873
1234810248000491520
1234856199310520322
1234837710675701760
1234774586404802560
1234782802639384578
1234909715311792130
1234663613127745538
1234888096291880962
1234877055847845889
1234962192262467584
1234810359007055879
1234639873652543489
1234830936069541890
1234947944283082758
1234832940607164417
1234740559983628294
1234825616249311232
1234834696871170048
1234852663839395846
1234675340401762304
1234901043072335877
1234793028373618689
1234882757542776833
1234929801401597952
1234785286686740481
1234976979062931456
1234903025690566656
1234822255781138432
1234651176609533952
1234950952110710784
1234954684047220736
1234974046254534656
1234827389668134913
1234888039874383877
1234961676467916800
1234669570218053633
1234788297311948800
1234878409974657027
1234936979093147648
1234900310394572802
1234953034133901313
1234877304477712385
1234916280399994880
1234727420248371200
1234855155469819909
1234810523792945153
1234966068994674688
1234881814726160385
1234962519892078593
1234864419663839232
1234940470868029445
1234894778342543360
1234818607026253829
1234969235614568448
1234892403586322432
1234844140803739648
1234801311025156098
1234895968975216640
1234950391441317891
1234962240668946437
1234663349754793991
1234775832238817280
1234899607018233856
1234979679997546496
1234820903520829441
1234843125916602368
1234906671014653952
1234973738887548928
1234824106941566976
1234974120971915265
1234982125486501889
1234854486218354688
1234968610222878721
1234876751240544257
1234894671018680321
1234970922081107969
1234960734402097153
1234887430513332224
1234786075463143429
1234871040028835841
1234966266558996481
1234782538415181824
1234973573321654272
1234849368785727495
1234907821495455746
1234768134856376320
1234991456399450112
1234865858125668353
1234955972763930624
1234922118086676480
1234964117963755520
1234835872673075201
1234849306424881169
1234884256842862600
1234867119189299200
1234802813240324096
1234900830702243845
1234972117088604160
1234955290409406476
1234869936754958346
1234968085305733120
1234704126346436610
1234929107479207936
1234872766870020097
1234919598908149760
1234938038981017600
1234732430290018304
1234977927348936705
1234898183265964033
1234964143519780864
1234966657518493699
1234836596660166657
1234968382472179713
1234882675745280000
1234860459557302273
1234908973796667395
1234922341572005889
1234973307625041920
1234777648049451009
1234991402318065664
1234763197682462720
1234938279356706816
1234756399478915073
1234680425114521602
1234868949956694017
1234896861716045824
1234768468257447936
1234964195764035584
1234843735055192064
1234826834992218112
1234835210480607233
1234902904177340418
1234842042699743234
1234674278827642883
1234674261828104193
1234703898570608640
1234854160589131776
1234859006457516032
1234962031469637632
1234809038052917249
1234925883527397376
1234985726673973248
1234957476836999168
1234769923588575234
1234955200689049602
1234751488666136577
1234691303926988801
1234745764137574401
1234945257814425600
1234845384138280961
1234906213554544642
1234948995262418945
1234914813316390922
1234751178413682688
1234938590481616896
1234702935826804736
1234988310033879040
1234927208524910597
1234746547776020481
1234911258039726080
1234892050253914115
1234863534468718592
1234640858101751813
1234968598642405376
1234777381136674816
1234749677259485184
1234863242981367813
1234757514681450496
1234937833456046086
1234949011649572864
1234851192779329537
1234757210208473089
1234959355230842881
1234675209292013570
1234859214377488387
1234877199464845313
1234895759734169603
1234966266441416705
1234669028397858817
1234720878119641088
1234773849163460608
1234898052302954496
1234686596835758080
1234872243307442176
1234936284721942528
1234945431538487297
1234838276219031552
1234839239109627904
1234838409434128384
1234899738824069120
1234773898421469184
1234957014062817280
1234691342351114241
1234905677417545728
1234828188930510850
1234948530801926146
1234919705560977409
1234854819032129538
1234842954243674112
1234846580408119296
1234762854114316290
1234872613727559682
1234757071549030400
1234939783304155142
1234834633235234817
1234801913385889793
1234957430825586688
1234901887465525249
1234826103719677952
1234828393885175808
1234965167722594309
1234815674054332416
1234911886036152323
1234981229788717057
1234890422582960128
1234974269618016256
1234727396361883648
1234827925523968000
1234832482710835200
1234833522348756993
1234990362751430657
1234878866444955648
1234968303182983171
1234878319197380608
1234871605253300225
1234777341152448512
1234935523405369344
1234924440015777793
1234917061240987648
1234977694674108416
1234930932504764418
1234872915759288321
1234803651656503297
1234703917688160256
1234809299253288960
1234821734655721473
1234871125831802886
1234771879585615872
1234843188344631296
1234886807466250241
1234922943953674243
1234783185067597825
1234826285823619073
1234882307514744832
1234651294947692544
1234869493949698048
1234862775396175875
1234834486807977986
1234737955664609280
1234878215270756352
1234826229951422464
1234942871163133952
1234800783171829765
1234980173432283136
1234875523588816897
1234652322246070274
1234859684294725632
1234669708319719425
1234964068806483968
1234976325015748609
1234892038581243904
1234964127052754944
1234863174857482242
1234841423268106240
1234754533819023360
1234832484535279619
1234782113808830464
1234990592175665154
1234727527781822464
1234967120074559489
1234980714937868290
1234900233164857344
1234888415352586240
1234760848209477633
1234863544572825601
1234868117307785217
1234765213238538240
1234697654711525378
1234768159879491584
1234871890495332355
1234892843027779584
1234803859115003904
1234854630900797446
1234954416639311874
1234867044215975936
1234935659804217345
1234797187135131648
1234852621619548168
1234986655997542401
1234854079471529984
1234652092142362625
1234657368136392706
1234971234850328577
1234762443848478720
1234893807868448769
1234927913901924352
1234955334592036864
1234898198872805377
1234669423794876419
1234972519972495360
1234911725649944576
1234980743899516929
1234911731383709696
1234948146352054272
1234877580295229441
1234937013964394496
1234941254749822980
1234936890920521737
1234777078014398464
1234815761220239363
1234964163434295296
1234756159912828928
1234893686376452106
1234899535391887361
1234862716411662340
1234974442427535360
1234745671187603456
1234852810883248130
1234752806575333377
1234948060725305344
1234657889169690625
1234833258564718592
1234900309496852480
1234801450259185664
1234979515585064960
1234860397347397632
1234885406694481932
1234915384446390274
1234923575091613697
1234869694886227969
1234918329632075777
1234702959142813697
1234834110989750274
1234658094354923520
1234916086220496901
1234946677255102464
1234831696589029377
1234651721500151808
1234975241899626496
1234843046300221441
1234946731776696320
1234776108639432705
1234968964377108480
1234902645376073729
1234889528076226560
1234830438918582275
1234952437561090048
1234859326092783617
1234865672842334208
1234909808848855040
1234957995320147971
1234853425260716033
1234797176544362498
1234871059771379712
1234635082863980545
1234753087291764736
1234851836676329472
1234803144607117312
1234875545948708865
1234957178265636867
1234821617995395074
1234906143530586113
1234743144635392001
1234831639991054338
1234985798035898368
1234888993486934023
1234674443609243649
1234826293855866880
1234971382636662784
1234910372240461824
1234968321323393026
1234804104431620096
1234880363207544832
1234804091722878976
1234733325497049088
1234873725167833090
1234917128349741057
1234809059548766208
1234854105799065600
1234987289966567425
1234893893164044290
1234966175458582528
1234986882414460929
1234796848281530368
1234765488992866310
1234935667647537159
1234940323794751488
1234885868243963904
1234936389764046851
1234704227848482818
1234916261840195587
1234871170047954946
1234674275744772096
1234816767731605504
1234903302481031170
1234970691566370816
1234651534727606272
1234791448660389888
1234991096758816768
1234857905347813380
1234812269369782277
1234865609545928705
1234871976876965888
1234871177371242496
1234966313845452800
1234913966679302146
1234810282360397824
1234791335489687552
1234950080647454720
1234957236864274432
1234785806079782913
1234956695488598016
1234895590217191425
1234983555723223040
1234948675044102144
1234914962130128896
1234790084458606593
1234860196532498434
1234830114061455360
1234765013564391424
1234777118690680833
1234817996062806017
1234913535089676289
1234965374648512512
1234983724275552257
1234991154510217218
1234852477855420416
1234949827932409857
1234933489985822722
1234900666306498563
1234894657370411008
1234930861088235520
1234842453804371968
1234985554300657666
1234950445098889216
1234981366250401794
1234979608035938304
1234876041354719232
1234938529156927489
1234827793168502786
1234878114049798144
1234899910652317698
1234856600495624192
1234964589361717248
1234807456884117505
1234756890078466049
1234639715468533767
1234755657527693312
1234875765176569856
1234862030605242371
1234985387564515328
1234974293424930816
1234935885029924864
1234955988186390528
1234940808509390852
1234785681559445504
1234843869830762496
1234873510700474369
1234979776391024641
1234801829592084480
1234836173610246145
1234978819443806208
1234714659342569473
1234938978538704896
1234904986787643394
1234886456021340160
1234827919744262144
1234703650662092801
1234900646156857344
1234955684636061696
1234879283492818947
1234679852277489664
1234949396149571584
1234844373906575360
1234901353295687685
1234754365166100480
1234800542628614144
1234948935728287745
1234971128273072128
1234708924118355969
1234646500170436609
1234905372101660674
1234674326583988230
1234913051763187712
1234925503280275459
1234980938611740672
1234669757409792002
1234704072533393409
1234822351142912000
1234868880100798464
1234909457366298624
1234909062606852098
1234975132268912641
1234914567475679237
1234871491348639751
1234979473713287169
1234955423008071681
1234873014581252096
1234744917504561152
1234871556112711681
1234931767225847809
1234785356849074176
1234940081229762560
1234936054148366336
1234940068286095361
1234964796690370561
1234920172898549761
1234826663277613060
1234965480449941505
1234834499164205057
1234804720314834945
1234832856293269504
1234894846105673730
1234756301961428992
1234753084275871744
1234950449184243712
1234963799175598081
1234821105627619328
1234928953460129794
1234790607614287872
1234943440141606913
1234680856494493697
1234750769016049665
1234874509309730818
1234890250121408512
1234895051513311233
1234819452413366273
1234752774556000256
1234934901780221953
1234915725300514816
1234859177421524997
1234802814704082944
1234846679792340992
1234823488663441409
1234886361531981824
1234797083145707521
1234662980446343169
1234980689507831810
1234843159491792897
1234641019033063424
1234958438918213637
1234703299611385856
1234983212608184320
1234754381788127232
1234988846019858432
1234966992286703616
1234952942941278209
1234901644896329730
1234674051701805057
1234946283095371776
1234891553971326989
1234957667052838912
1234936396667871232
1234761008985464833
1234848220813152261
1234979226782027776
1234987600902946816
1234966602468089857
1234803364220866560
1234762204743778305
1234888880085557248
1234903531141943298
1234895332879806467
1234877408026726401
1234797014614974464
1234841727296401408
1234894315698020352
1234815548325867522
1234822491723440129
1234866432837595137
1234943852332670976
1234663583151087616
1234963548444471298
1234928509111455745
1234979384768876544
1234769813152706560
1234818758717444096
1234754205220343808
1234963750446387200
1234768500851433472
1234987600009543680
1234930306345512961
1234825794490445828
1234898638733602817
1234910448077672453
1234815437734629378
1234786945659809793
1234861706045726734
1234890559648600065
1234944161469652992
1234813570447114241
1234763673526317056
1234933717275152399
1234882133824438273
1234839764437590017
1234703026218291201
1234852196694577154
1234831907814330369
1234980035087364096
1234797635309068291
1234935889681252352
1234948083496181760
1234936506302615552
1234776949635133440
1234948600888774661
1234808596560519180
1234912315830677508
1234819978160943106
1234780109359472640
1234952656348733440
1234815326052913152
1234750362688479232
1234697669974597633
1234683953845424130
1234985013361307648
1234979539505123328
1234953427106566145
1234762873487818752
1234889480139612165
1234791266778480640
1234950373011533824
1234988090390806530
1234880844382318593
1234951356546502661
1234959877916811264
1234905854715088898
1234897486910644225
1234912599403356170
1234757385471721472
1234894640819646464
1234709448284942342
1234947898435088385
1234937051524497409
1234941515471998977
1234798166521896960
1234960503249801217
1234651546308136960
1234956461333254145
1234915236660031503
1234941540537159680
1234893248059133953
1234984577501810688
1234703674200481793
1234785750471843840
1234960523034103809
1234918509064413187
1234839271657345024
1234954033732800512
1234657908819996672
1234947144512966657
1234932103898419201
1234721287848722434
1234738757510868992
1234932370014339072
1234645917652914178
1234738997500362752
1234903387675807745
1234733279632334848
1234775843987169280
1234833125060026369
1234864763378601984
1234843456452861952
1234913218956533763
1234979924118650880
1234911909725511681
1234933303964205057
1234793853846204416
1234895961979269122
1234872609914937352
1234846211028463617
1234856901898362883
1234783122207543296
1234969819373395968
1234853591220924416
1234850878143811590
1234984146469974017
1234869443236220928
1234876952596664320
1234855959492747270
1234827095525642241
1234838465881235457
1234779954593837057
1234967451324047362
1234691785059905536
1234763324992045058
1234923665222967296
1234931226164826112
1234840605156675584
1234747079500664837
1234990873357606912
1234887737079214080
1234704114984083461
1234863555180138499
1234905536988053509
1234915991437619201
1234974400102854656
1234895074888077312
1234838600337874945
1234954614971043840
1234892769593786368
1234817725517750272
1234634864210649088
1234888077069443074
1234767669812846593
1234714558175956993
1234839117449613313
1234896984512909313
1234895544209825797
1234851875243077637
1234954972795678722
1234953922135175168
1234635090879139840
1234837137717104640
1234907017354989568
1234926640385462274
1234924644542668803
1234860315948482561
1234784865280765952
1234803679372464129
1234929998189989888
1234788051500576768
1234938450094297092
1234739234843451393
1234929460501237766
1234840315053273088
1234745252797390850
1234930269548929025
1234903697685176328
1234779167708893184
1234989185225768960
1234991033244475393
1234674812426997762
1234792769002123265
1234870593121550337
1234991218804740096
1234851965865209859
1234787736629972994
1234634274168614916
1234878743858077696
1234938751006064640
1234934481380954112
1234991027385028608
1234917030014464001
1234931230275186688
1234741186822197255
1234805767980666880
1234823410452238338
1234797486042210304
1234968304265068545
1234820316586631169
1234755075756654596
1234991645868691458
1234844622108622848
1234931476942278656
1234908897866997760
1234961140662272000
1234951692598247424
1234923969855328256
1234949478219747329
1234746519082934273
1234907133990191104
1234977929743847424
1234969584874115072
1234848822926495746
1234907827199590400
1234963007186358273
1234867847714594816
1234640387966300160
1234860538389237762
1234854756167962627
1234663635290443777
1234859955158687744
1234839093747388418
1234889329924878337
1234658191398461440
1234946763880095744
1234886446139559936
1234834977377996801
1234863705143287809
1234880722332241922
1234930715202117634
1234957418339225600
1234826381906845697
1234902865472360449
1234848557590614018
1234931497423048706
1234910238555328512
1234845003056394240
1234790391809036290
1234881589756096512
1234938195298652167
1234954081095081984
1234836935371182082
1234987499589525505
1234846788105973762
1234858805806194691
1234806018888097792
1234924331609792517
1234738448302592000
1234847281599238144
1234889392608563202
1234783939383808000
1234874663093796866
1234793598492778497
1234790305523589121
1234646348701589504
1234978586227961857
1234844735753375745
1234954599024324608
1234925989064531969
1234848361599164417
1234988363599372289
1234768921032413184
1234797829366992897
1234835905422266368
1234854802435313665
1234720974710415360
1234917762180505600
1234830562671681538
1234979806657142786
1234745762749329413
1234868023346987008
1234921768198037505
1234976165460201472
1234942517142908928
1234786682475446273
1234962270255366145
1234797223025745922
1234991458664366080
1234923686169210880
1234831690943680514
1234962845344948227
1234838799257133061
1234793218551746560
1234884517560815619
1234778211092856833
1234841577102749700
1234738408490250242
1234880218164273153
1234934554260992001
1234974598849912833
1234975320853237762
1234972034699935745
1234855636900470784
1234767855662465024
1234927008167219207
1234951003377688577
1234744221883666433
1234878164750553089
1234811072768548864
1234926160452161537
1234989138064969731
1234933268912492544
1234827046121082880
1234686128579588098
1234936594408386560
1234935525167058944
1234918013964558337
1234851595181076485
1234901291991805953
1234756577359540224
1234645928566513666
1234906797582045184
1234740897029312512
1234801311939350528
1234825938627526658
1234836393941229570
1234933993088471047
1234915934910939136
1234836383069614080
1234887071879307272
1234940084996235265
1234807139291598849
1234791921135976449
1234872128467558400
1234962429093777417
1234848061148581890
1234975839537680389
1234860538754195458
1234886965771853825
1234942005106610176
1234889279664459776
1234750480976400384
1234773848702234624
1234757767686184960
1234838721091993603
1234854931829489664
1234674085336010752
1234948643708375041
1234844547911421954
1234779702021312513
1234756723031756801
1234966504342466561
1234913791772483585
1234657314864541697
1234790458150281216
1234901022419685376
1234930045321404416
1234880529134211075
1234754842901598210
1234809923076100098
1234898953369530368
1234798389906132993
1234980022898679812
1234803237196324865
1234777576499040256
1234641036120612866
1234955846574014465
1234788192424992769
1234801779885461505
1234921097298153479
1234952821126107138
1234751819391344645
1234839002278088710
1234895698002415616
1234879769658810368
1234907253188198401
1234775942821625856
1234680209573478400
1234657513582104576
1234911980026241024
1234912582869360640
1234911027113922561
1234745247491510272
1234774128810479616
1234855867276808193
1234784392494637056
1234866562672340992
1234634627521728513
1234869999052845056
1234954755820023808
1234747339782254594
1234744886596861952
1234807725424553993
1234832691415146497
1234935358984478721
1234875780104151040
1234786334046326784
1234634405034983424
1234646001434017793
1234745735171604486
1234890543814983680
1234835439875502081
1234752362280960001
1234778590966759429
1234914949887135745
1234768590487916544
1234691395673133056
1234862106576592901
1234858515627433987
1234939119077183488
1234772631569592325
1234990189455400963
1234852506179657729
1234738577835036672
1234882123011674115
1234980898635862016
1234753129339592704
1234898961787424768
1234837359947997184
1234954279804395521
1234936213481644034
1234877991085334528
1234967711068778496
1234925067496067083
1234774936453107712
1234949494816595969
1234765325457068032
1234978826981007360
1234964000732901376
1234751523764129792
1234709976930586626
1234685462494662656
1234833108874223624
1234915036210049024
1234750170895540224
1234668642089848833
1234876264202358788
1234912457350467584
1234733169695449088
1234662943872057344
1234898325574471681
1234893111588945920
1234882667834986496
1234865399876988930
1234738759725395969
1234799517930868742
1234861337152495624
1234935459257581568
1234938887161729024
1234904997701259266
1234721373945311232
1234697783589900288
1234989022000205826
1234797457382486016
1234811734965280769
1234809247931813889
1234830272572612608
1234971305650180096
1234809153027215361
1234910339130626048
1234808615631896576
1234957823357804545
1234762478103531520
1234634756194807812
1234775229513101313
1234892637464940545
1234663726185234432
1234864811495710725
1234691493920534529
1234840056256454656
1234921985911726087
1234861600340946949
1234979852547047424
1234829979336073217
1234680349340266496
1234797980726812672
1234814490010693632
1234709836513861632
1234947457877934080
1234768666643746817
1234841223287828480
1234895138264145925
1234802200418930690
1234954281867862016
1234850869272829954
1234889290410319879
1234843912390533123
1234967803440095232
1234760843176415232
1234963491775115264
1234885870408175616
1234942330236366848
1234882539787104265
1234960728974487558
1234878765706047490
1234879570005954566
1234874031503007744
1234774112435916801
1234893729556725763
1234859671120465920
1234964378203631616
1234831381324161028
1234810511407112192
1234777839997718529
1234936996990242835
1234750063152422914
1234880941375524864
1234744877671313408
1234991537173303297
1234786632466743299
1234818896429043712
1234753615711154176
1234984452243066880
1234897747272138753
1234889784494981122
1234874685697011718
1234753907215106048
1234868169917050882
1234979514247077888
1234961965379919873
1234806076983390208
1234964033247248385
1234747136509526017
1234962757226762241
1234985458485956609
1234937498440290304
1234930654439063552
1234832574272475138
1234934510136983552
1234985198682460160
1234893116471226374
1234754942902001664
1234957025408319493
1234944640769544194
1234780617956642816
1234977639137341440
1234908919794950145
1234952658458468353
1234948588448440320
1234923752116363264
1234936753737404420
1234929229005049856
1234971849202659331
1234634168564240388
1234944924640063490
1234692022453383169
1234980597539303428
1234920907774332929
1234857936335273988
1234839717775937536
1234968380240777217
1234892053470941186
1234888716847546368
1234931558340947968
1234911656188301314
1234948004739719168
1234870084004458496
1234839277835440129
1234871041035558918
1234911121116717059
1234963952406130688
1234948552905936896
1234804094801469441
1234751358751911937
1234871306996326400
1234852006331846657
1234894458455457799
1234849093031202816
1234721214184271872
1234906248690180096
1234953358613602305
1234975874773999616
1234950456109080576
1234832497923559425
1234794869320798208
1234866066863476736
1234847864049872896
1234668952774557698
1234768613237809152
1234890374860230658
1234959592360235008
1234939650604781568
1234935378508943360
1234947831124955136
1234825181576781824
1234870186932568064
1234807843036987392
1234864870178336775
1234833108563828736
1234923705391865856
1234882466214641664
1234981929113440256
1234786640603701249
1234807946766438400
1234757432007516160
1234944316851748864
1234900109869166594
1234806176128303105
1234816726187085824
1234753227859677184
1234941668341608451
1234958677116936194
1234989650810261504
1234879838646947842
1234814815509663746
1234922648032960516
1234634047122542597
1234842968177225729
1234757216454021120
1234825714286854144
1234645992223465473
1234914650283806721
1234883034647801856
1234861009447346176
1234761022877007872
1234927574352044032
1234990293113458689
1234927357078724613
1234829027917156352
1234855406230437892
1234984356956930048
1234980660277760001
1234830773951352833
1234876839941722112
1234865837087039490
1234924472685223945
1234906392852680705
1234929916178620416
1234875310212091904
1234887296203317249
1234685423806320640
1234744895006371840
1234983513012617216
1234781010497277952
1234770333216849926
1234791269307756545
1234991600599621632
1234816421906903041
1234853917575516162
1234885766855176192
1234982611283369985
1234974388291657729
1234930866779934720
1234685972530507776
1234989873766944769
1234895139086057472
1234929847350198275
1234924817054191616
1234766561371549696
1234739636825509889
1234669748459196418
1234766329351032832
1234866100988502018
1234884071999909896
1234889591745847297
1234652611405443072
1234918314893303808
1234935135025401860
1234923121355960326
1234927928330219520
1234829347657113608
1234916104646074368
1234911940490735617
1234803178564177920
1234926182472261634
1234698008123457536
1234932460183605249
1234945084342202368
1234966974628687872
1234917041888518144
1234855813426139142
1234875034168184840
1234829565031108608
1234883831238406144
1234741928467582977
1234727860457263104
1234850631124340736
1234943505677635585
1234953359586664449
1234893922637357057
1234872495691296770
1234908639472865280
1234894278050054149
1234891643662237697
1234680683974410242
1234929124218736640
1234867862042484737
1234827692761079808
1234923577608212480
1234798362337120256
1234869433409167360
1234971767803793409
1234853025799385094
1234632635323801600
1234841111685783552
1234844690853154816
1234883739269898241
1234765532940902401
1234879819088879617
1234826226683895808
1234744959120470016
1234821094227365889
1234928204604899328
1234866219905429504
1234987796047118337
1234849544661282820
1234916086958694401
1234979499239886854
1234740623481028609
1234871733561196548
1234830497467031556
1234954773633343490
1234929484773588992
1234891890614509570
1234686673054818305
1234909455332016134
1234759546431606784
1234987131304431617
1234985960506458113
1234762367319396353
1234877054396616705
1234863812362240000
1234948538146205708
1234824689521811456
1234913272597487616
1234898528750751745
1234927762969808896
1234906466605203456
1234961477460725760
1234796890849345536
1234865618878226432
1234879558962171904
1234860205457989632
1234877606102736896
1234912563839660033
1234983588854034433
1234792135842553862
1234955089393008641
1234826475116711942
1234920486569697281
1234906120713625602
1234957334876741643
1234832454034153472
1234955603770036229
1234941875888492544
1234860687828148227
1234748041145405440
1234860127838187531
1234901654643888130
1234809218135445505
1234979984109780992
1234848819201953792
1234912141347631106
1234897455004647424
1234896355857879040
1234773697787039745
1234941050793447426
1234738878122283009
1234955783386927104
1234871411862167557
1234964530897223680
1234930082524696577
1234961471127330816
1234744351739170817
1234704148093734913
1234894647467683841
1234802867149639683
1234907223257763845
1234892826871246850
1234962315457564673
1234739407795752965
1234670160641814528
1234887926041006087
1234924937099567105
1234820803117506560
1234916991238070272
1234824541022621696
1234959748296069120
1234931553089789953
1234947964688166912
1234652120940449794
1234960364774686721
1234785345373339648
1234917053670330368
1234847191417659399
1234984783614099456
1234974902110707712
1234773838237442050
1234876920036122624
1234912557237854208
1234985329330802689
1234855562824835074
1234878958358974475
1234877652382756864
1234863558548164609
1234847581244657664
1234806031730872320
1234878844663889921
1234894624340238336
1234844050353770502
1234727600527818752
1234876068584026112
1234889157148893184
1234854321604395008
1234847469298757634
1234977141336338434
1234881331256950785
1234765971300257792
1234733783833882624
1234847265472352258
1234833030776311808
1234758261519331333
1234945230224400384
1234832262589489154
1234854157519028225
1234836390959030272
1234907667384143874
1234737527145156608
1234921161504346113
1234991733923954692
1234657933608222722
1234850865569320961
1234951175142805509
1234888206077710336
1234646450048512001
1234913728711229442
1234680105709887488
1234756428730118144
1234882235792150529
1234908082028806144
1234830257326297096
1234744034817523712
1234991260466728961
1234823935964975106
1234782096041881602
1234944401291517955
1234749969589911552
1234890562592919552
1234843007133921281
1234835935977779205
1234916441498898432
1234865813271797761
1234828963375177732
1234849478324211712
1234956439405260800
1234931977800777731
1234880214062133249
1234938107994075136
1234941561072308224
1234965534652891138
1234779992078213120
1234979021361827843
1234750691580743680
1234915403819814919
1234936401608577026
1234917582345555968
1234898428498530304
1234746680681123840
1234936321799528450
1234955880698982403
1234957660010602496
1234808592013750273
1234990525666619392
1234912306280054784
1234991281790566402
1234969540301410310
1234905887644536832
1234984733248901122
1234788529152151552
1234929236307316745
1234727830875000832
1234906099549118465
1234938977184075777
1234873216100950018
1234691590217555969
1234749637178855424
1234786744106536963
1234744994650415104
1234877699547652097
1234874747097206784
1234943494336270336
1234870256046354446
1234959450932379651
1234850898620207104
1234924794266734592
1234815911208595456
1234856449010028544
1234985662681477120
1234947206362386434
1234807184057196544
1234792052929499136
1234763960269733888
1234971321987002369
1234850815527071755
1234834921274957825
1234709583098187776
1234841000541028354
1234903837414248449
1234979918989021184
1234950672124121088
1234762624996298753
1234918114711621632
1234884666383052800
1234969826780598272
1234817627412946945
1234960998458626049
1234900930694242304
1234862698531258370
1234888470096683009
1234991237578379265
1234860572295999488
1234823892427890689
1234928813622075392
1234903335976697857
1234924860448681986
1234915381090902017
1234880467574435841
1234978081451823104
1234920778250031108
1234955216900042753
1234984892858957824
1234787646481879040
1234866769128574976
1234889399026028546
1234887372942139392
1234803853046034432
1234946583982157824
1234907637025837056
1234794842942623748
1234756487588741120
1234982292994420736
1234668791901999104
1234886171492118528
1234985041685442560
1234870423793393664
1234721285613092864
1234885352004804609
1234977291735711747
1234879780878782465
1234743267939487744
1234973463065944064
1234873644964339714
1234849130058416128
1234885280244600833
1234953450309529602
1234931724859002881
1234953453421678592
1234837575296151554
1234837386133168128
1234780187549548545
1234969464464171008
1234899287915585536
1234788419051458560
1234938869432377346
1234876346100322307
1234750235873726465
1234826723503591424
1234709319838466048
1234973992248737793
1234944576558780422
1234942629395255296
1234909928869056515
1234953634653364231
1234750094424985600
1234843439730020353
1234901456987262979
1234821018847498240
1234657431537561600
1234865540323303426
1234911592858497024
1234955645285208070
1234899166351912961
1234976117087326208
1234963609794465793
1234978254370398208
1234904761109012485
1234710085789720576
1234863056523612168
1234812297064992768
1234779786838499328
1234906135498383361
1234973840725303297
1234870039121219587
1234838338047299585
1234892340659183617
1234691140772741120
1234845897982267392
1234853809593159680
1234750172057329664
1234826115782451202
1234981370109120512
1234745245830647809
1234888328090132483
1234927696007663616
1234898491505332224
1234808299465342976
1234919654084075520
1234768304708784128
1234935053106368512
1234862648333885442
1234774356875563009
1234925153420816388
1234934241504395269
1234773966620778496
1234733019350519808
1234984297070657539
1234819840986288128
1234703382553792512
1234929155063664640
1234839434756931584
1234960445997568003
1234944085951045632
1234911150200020992
1234721574625927173
1234985112116154368
1234951195967533057
1234866172493017090
1234807947479470082
1234874888948576256
1234924486488662016
1234840954848202752
1234843488723726336
1234727072205066241
1234896225498890241
1234908967790370816
1234927440549601285
1234889303613788160
1234906089428340737
1234858092434804736
1234774398315397120
1234952113177972738
1234669170114957312
1234911325119221767
1234780944843890689
1234964513990074368
1234756908021452800
1234949507227570178
1234947328466964482
1234791766651363329
1234962330410274817
1234640468354297856
1234892080473919489
1234968955590148096
1234946482437885952
1234950580155510784
1234929113116397568
1234896916837785602
1234963303853678593
1234843222008115203
1234929627149324294
1234936050058956800
1234831622744297473
1234877141226930176
1234941393224646656
1234732760109125632
1234829696065470464
1234796928317169664
1234789424694800384
1234966783993532416
1234899826812293120
1234640724156506112
1234916110497132545
1234876036111880193
1234981187229081601
1234815644983582720
1234883588073508864
1234903764970229761
1234727364078080000
1234980141056479233
1234958748579500032
1234939584225710084
1234951147510812676
1234751228753727489
1234803821089476608
1234952695750025218
1234863514306650113
1234840907184300032
1234866385823641606
1234739810394365952
1234959630612209666
1234832799955345408
1234903964266778625
1234987600403812352
1234985505160220672
1234936015376265219
1234945049525272579
1234755407035367424
1234963711493885953
1234955494823006209
1234763086722105344
1234938317516529668
1234679782660399106
1234955470110150656
1234908171409543168
1234703336613535744
1234880492626960385
1234704034226814977
1234882440910512132
1234657320883363842
1234831924901941256
1234964011680178184
1234905511545507843
1234958637807828992
1234969453269372928
1234703316187148288
1234703378401218564
1234860596111257602
1234876613436813312
1234879140559540225
1234859203824668673
1234863574272675840
1234771954109796352
1234950835089526789
1234787959804768256
1234770716127444992
1234855401746763776
1234979929587978241
1234981859995484160
1234831760212594689
1234755649285873664
1234884552214097920
1234857785407528961
1234853279777120256
1234923982970707968
1234768923045724160
1234988553592901632
1234866343486349312
1234864025797787655
1234887378168270848
1234686716360974336
1234871110711283713
1234760569007284225
1234958235951681536
1234857319852314625
1234763075909124098
1234984198655496198
1234943302950170625
1234989031118606337
1234875365115355141
1234969912914796546
1234872911657197570
1234875333683417090
1234846603761967104
1234714612173594624
1234668743529099266
1234702846097944581
1234786200877056002
1234774331017846784
1234847981771382785
1234821276029640706
1234812923442323458
1234850521820778497
1234920263806017539
1234983358242807809
1234803169043066881
1234792628882989056
1234937147318104064
1234972691129458688
1234978964692557824
1234849591536881664
1234894494362996736
1234757439163006976
1234915935141625856
1234757079786639360
1234895108149071872
1234639911648497666
1234844198739808256
1234893594290421760
1234786621289050113
1234984413613547521
1234826283000815617
1234769581262213120
1234948703598915586
1234933576778403840
1234979133463003137
1234742498599239682
1234811472737259521
1234858354150924291
1234893489063677952
1234933625562554369
1234786259987357696
1234979154392543235
1234766021996818432
1234964475591241730
1234934245858123777
1234924783080484864
1234744710012506113
1234929487143292928
1234932021803323392
1234845690334863361
1234832336199540741
1234641043913629696
1234751150517211136
1234912230304632839
1234675394894127104
1234674731833364482
1234761819555651584
1234799435915374594
1234940968895315969
1234838141841870848
1234955977562054656
1234751780770254849
1234803115834138624
1234855121923825666
1234842692821143558
1234876216840052738
1234839941902950400
1234842871049736192
1234951958277980160
1234979385737793536
1234797488546230272
1234780772671705090
1234896146092482561
1234743790440570880
1234831719569772545
1234937782365114368
1234968478529929216
1234832966553133056
1234855227402203139
1234754422938492929
1234807380581289984
1234691286281539584
1234849126279413764
1234924485997887488
1234674576363098112
1234916634344722432
1234929900303286272
1234971270472589313
1234899310640279553
1234897002758053888
1234982909280276480
1234948649660157954
1234872062939926528
1234855079028699137
1234685597031243782
1234969606839685121
1234889911683178498
1234915169467129856
1234966172493320194
1234959161861058566
1234989507499347970
1234805401658331137
1234890395328352257
1234949792217825285
1234904417930887168
1234990477507616768
1234936998223339521
1234856433583304706
1234921733632581634
1234913647580864520
1234953795408257025
1234930642825207809
1234808975616626688
1234974348311592962
1234944593377943552
1234792466487947264
1234769420205121538
1234909721209004032
1234674845826158595
1234834107957420032
1234839374501752837
1234943769411063810
1234976205272567808
1234947626631663618
1234952346293039104
1234816419172438016
1234928395915382784
1234900493798912000
1234812293780844544
1234782323805229056
1234943926865473536
1234892656720928769
1234890174166945795
1234880739520339968
1234912983119224833
1234893573604069376
1234911740522979329
1234858127763353605
1234985244563927046
1234964435103625216
1234664129115217921
1234814635020365824
1234761832004538368
1234844225117806595
1234853197862330370
1234772520483655680
1234936590885171200
1234885766355931136
1234763912882671616
1234826402001604609
1234888859319590912
1234888443483873282
1234804114023993344
1234968531772608512
1234776958673641472
1234892072450170880
1234888250751361024
1234985711066968064
1234633925265326080
1234766715105366016
1234878934501777408
1234967960361611264
1234903090375069697
1234966803996082176
1234917032489033728
1234847528090263553
1234839814022799363
1234887940528115712
1234795140600025089
1234640931154014210
1234879888340983808
1234714741785821184
1234917662578229248
1234974895005519872
1234927579037143044
1234906285449019392
1234845850918150144
1234972680534679553
1234942366315941888
1234972614868664321
1234852079815913472
1234910937221562368
1234953810092576769
1234989312984285184
1234946682716147712
1234852531123081216
1234765721428643841
1234847463795830789
1234849686990860290
1234854649473183746
1234709309793144832
1234931551290478592
1234871028800684032
1234933004029460480
1234917740864917504
1234929809324511233
1234912409430528000
1234921769179459584
1234880861515857921
1234972272852529153
1234714977501495296
1234950374882250753
1234896110403100674
1234900323099193345
1234784446479466496
1234838655522525184
1234822109349605381
1234742097841881088
1234785361206882305
1234715501835603969
1234641009365176320
1234954257620664320
1234774857126236160
1234831657540182016
1234973069166309376
1234933828046729227
1234872303617560576
1234839735195099138
1234938620982677505
1234937750304034817
1234870941823324160
1234744588427857920
1234845874108403719
1234692331078668289
1234938472298897411
1234933291905638403
1234779054772977664
1234733893695111168
1234851319094972417
1234859133498798082
1234922331484672000
1234849320496705536
1234974432201863168
1234991326258614273
1234779940538736640
1234692250795466752
1234936516918427648
1234785345406935042
1234848104073105409
1234821897990352897
1234947314969608192
1234837851264647168
1234806095262212096
1234921616116604928
1234824074137829376
1234891772070789120
1234720790328700928
