1236014488740073475
1235820779008167936
1236038651370524674
1236020407267987457
1235828208525668352
1235900048837193729
1236014792663433217
1235979948562792450
1235928309424361474
1235785343997263872
1236032118494552065
1235899456182046720
1235773057794560005
1235840634302287873
1236020251525107713
1235973292583944194
1236014225346179072
1235969347274846209
1235967882279911426
1235845156005265409
1236037910736101376
1235737555691282432
1235985128054087680
1235882368478539777
1235940760777879553
1235726415867162624
1235732226068774913
1235796468327383042
1235827462740692997
1235979663572455425
1236062564787933185
1235796798272417792
1235973921763201026
1235773270034731013
1235973715969683457
1235876286473609216
1235815498605969408
1236015413080752131
1235882965479174144
1236015023350337537
1235845179686285313
1235749798696939520
1235785861415014401
1235985559476146179
1235974585163689984
1235943804550643712
1236027370655621126
1235968193237311488
1235961368269819905
1235905336713900038
1235997162405650433
1235997964440612866
1235956155291250693
1235815210507624448
1235797844247764992
1235832974966272001
1235797750094147584
1235732306142179329
1236055961778913282
1236055928614473728
1235951344042663936
1235922184633278464
1235919464090046464
1235968369486106626
1235726222035845120
1236032842288844804
1235927633625571328
1235979349175742465
1235910765527183367
1236014809038102530
1235821613922148357
1235755113693605893
1235957035705012224
1235928845452300288
1235796716537831425
1235808946285207552
1235808654269374464
1236021179347058689
1236062232460615681
1236033174125326336
1235833313413050369
1236062592629706754
1235815208645320709
1235910739946160130
1236068427237744640
1235997776325963776
1235839214630998017
1236045530939240451
1235979932301438979
1235904581084704768
1235761305589555200
1235750140415070208
1235887272513474560
1235973556485451776
1235809069958459394
1235899511777697792
1235767839858061313
1236050954241413120
1235996978120740866
1235922986454208512
1235991730392109057
1235791789027733504
1236044530186678279
1235916761775685634
1235720726096662530
1236021070307758080
1235784932569608197
1235916152620138497
1236008622544519170
1235939569868169218
1235951302204628994
1235944884193935362
1235881669430775808
1235803592134725632
1236009238704656387
1235766745740251137
1236038288160456707
1235928691546263552
1236044881426026496
1235828213433024514
1235749594878730242
1235992317032620032
1235939209631821825
1235887390016692224
1235827561575223297
1235737623164899328
1235899691579162625
1235882727003455491
1235946091763417088
1235803756471529472
1235840389006782464
1235882548980363264
1235796507330310144
1235851740936720386
1235957302404018180
1235779117930426370
1235827131449401344
1235922751283748867
1236025982445907968
1235827473335504896
1235738127349829634
1235779831779987457
1235957203191750662
1235961980269326337
1235815211468124162
1235761735388274696
1235720317655375872
1235815117201141761
1235814791223992322
1235910922562084865
1235779633926287362
1235997770437332992
1235820835547430913
1235940177954172928
1235797301056221185
1236032365643935745
1235750108815384577
1235846495510777859
1235858721307123713
1235979717808918528
1235816008515895300
1235791025483984896
1235852483647266818
1235851855495696386
1235956386212786176
1236008767709421569
1236007909894402048
1235907790939525120
1235839657654378496
1235870961888444416
1235876153824612353
1235731651122081793
1235755621527343108
1236032511974592512
1235839105008676865
1235773812744077313
1235737570421731330
1236045107062878213
1235936901397245952
1236068691411898368
1236051255769927681
1236044394752610310
1235737347406299138
1235802571534512128
1235839377961435136
1235767268241530880
1235887301445771265
1235809812065091585
1235887718237790208
1235962487926927360
1235922234658754562
1235803905226731528
1235905601911304192
1236056474197143552
1235893891179712512
1235951482719084544
1235900227594289152
1235828157803974656
1235968905241399298
1235785735636004864
1235863816086274050
1235979467996254208
1235826911122604032
1235815967898267650
1235767498106167296
1235899591267995648
1235754634553237512
1236062287695417344
1235767829867171846
1235726870165020673
1236057215540346880
1235833760634957825
1236044503401848833
1235833900087144448
1235720740516872194
1235928152595206154
1236014041312759809
1235962531203518464
1235939385427873792
1235956960299630593
1236032213394702336
1235933573175283713
1235721248942043136
1236014678981124096
1235858581817135105
1235870093063544832
1235863581893091329
1236062543044644865
1235726147804991488
1235721412129648641
1235917312168845313
1235785719722979329
1235991512007225345
1236051247683301389
1236038086435524608
1235828178259591168
1236008822512156673
1235876228621643776
1235726407910731776
1235839879990226945
1235871131246026752
1235840377732517909
1236037919657189376
1235738688564453377
1235749964199780354
1236062173576802311
1235785629222518784
1235876588333527050
1235857978214895618
1235797215060226049
1235967953268547584
1235786027148558336
1235803670777749505
1235821230239825925
1236039483126157314
1235852351505760256
1235785898744320002
1236056260924981249
1235893520742957056
1235845502320570374
1235956512272441344
1236050525818417155
1235796712314335233
1235940577407049731
1235998096590598146
1235852602379620355
1235743339015573504
1235839061786382336
1236044474045927424
1235748947588677632
1235951663682400257
1235992227626676226
1235768005939916808
1235785518849429505
1235743601268834305
1235997331100745729
1235888385144872961
1235928131975905280
1235738499225194498
1235827997644427264
1236074341319798789
1235802964557783040
1235876213467615234
1235809984002187274
1236050868061040642
1235726844122423296
1235992012068990977
1235797889693040641
1235899476910338048
1235773584989175809
1236050426287591425
1235785339568087046
1235816037636960266
1235796706060570624
1235962186624884736
1235917130953928705
1235845190780243971
1235857313581256710
1235839388904345603
1235950639298932736
1235996827356405766
1236025130968428544
1235962106379259905
1235974484890394633
1236043995073003521
1235821637703852034
1235828003998859264
1235738299395760128
1236027062932123649
1235826876498636800
1235833074199322625
1235956474301616129
1236020734935302144
1235824995621679104
1236002703156949056
1236055908322627586
1236055776755699712
1235870171522166796
1235827941742800897
1235979492998426627
1235945929729085443
1236051268210221058
1235761728887103488
1236038999791321088
1236047554816675841
1236031130643632128
1235887587010785280
1235927670585688067
1235934821895061504
1235980385961439233
1235911485215342594
1235779364752683008
1235858440653647873
1235980070361186306
1235934062381912069
1235905189820985345
1236033028658429952
1235773568870477827
1236002492900462592
1235916644280438784
1235840476084764673
1235934297556529153
1236026421941661696
1235827171966377984
1235934188408315904
1235875928368189442
1235962912826683394
1236038770413236224
1235864918655512576
1235721378101248000
1235748947873927169
1235871142188990465
1236014643589586946
1235956640958078983
1235923162870636544
1235785750378995712
1236027297901277185
1235928996937900032
1236020939592171520
1235791815145594880
1235720405526220801
1236068793769738240
1236044183888171010
1235924342355226627
1236073901790236672
1236044034323464199
1235845527498928133
1235888015563722752
1236062455056433153
1236039159938191360
1236003172423995392
1235834113979904001
1235828293783310336
1235971037637951490
1235951563459506176
1235911096315363335
1235816074056052736
1235933732126830594
1235779876684214273
1235821456610570241
1235902362205765633
1235839743482400769
1236033337921282058
1235778873255694336
1236056931468562432
1235863902065315845
1235910364652584962
1235962579907985409
1235796351193165824
1236039391258136576
1235985036756819968
1235959098228817921
1235973267086770178
1235737836894093312
1235926123491602437
1236033304014487552
1235846257173598209
1235922570186231808
1235939394688880646
1236062295069003776
1235827371002875907
1235996911506788352
1235910335212773376
1235749612016697345
1236026614410096641
1235957076662370305
1235845586869309442
1235917119318970371
1235761027951796225
1235875842384949248
1235797341778542594
1235945229800411137
1235827773714780160
1235916177081331713
1236003215616937990
1235760601454043136
1235945631438512128
1235875813540708356
1235767327377014784
1236073188636921856
1235737360114958337
1235968192436150273
1235916782705180672
1235821848488603648
1235755122149466113
1235956297146798080
1235967919349104640
1235939839255724033
1235827285610999808
1235772907349069830
1235833559438356480
1235755558013108224
1235809569495896070
1235980417821483008
1235832704735662080
1235962087974858753
1235991386098479105
1235979043499016192
1235852426541854720
1235869900293328896
1235968678862020609
1235928800229240832
1235894171480797185
1235963856696029185
1235910818736287746
1236062497477705733
1235846129608097792
1236014107863678984
1235887302393712640
1235974587730493441
1236002606528557062
1236008877755453447
1235815963213225984
1236044285499367425
1235876790817763328
1235887959779315713
1236061734437179392
1235979895030730752
1235833584788762626
1236055818996535300
1236067882339045377
1235851386908061696
1235743813521395712
1235881587797094400
1235876016918351873
1235773985167683584
1236020189914787840
1235772865653469184
1235737816551903238
1236062518646366208
1236038471803965445
1235992301031260165
1235984805000433664
1235760861488300032
1235749110394875904
1235720606433214467
1236038119599878146
1235893558214905857
1235852442186596353
1236014363162693633
1235755986758983680
1236056676022857730
1235821303250092038
1235726202503036930
1235773334731853824
1235888682017730561
1235845643425337344
1235839323129278464
1235917030932516865
1235899610843041793
1236006556703043584
1235840231191883777
1236045245051068416
1235726387711000576
1235731493500182528
1236014534487244800
1235986040315314177
1235797898618691586
1235773619122458624
1235864794508300290
1235858024566108160
1235762001139224577
1236008750391099393
1236056327048310785
1235737368335769600
1235827442410901504
1236026724770631693
1235876535061622785
1236033085076115457
1235742415496966145
1235940116285145088
1236074485687730177
1236050366451437568
1235945014980681728
1235779887052582912
1236015180703830016
1235809418974912513
1235862901312782337
1236039419334987777
1236045973182271488
1236073812460007429
1236003723396161537
1236033337770356736
1236050623952572416
1235755322188238849
1235743613042204681
1236044062542761989
1236039500050108416
1235959449812168706
1235814804385705984
1235870981090131970
1235928393616633857
1235802989685702657
1236068556992917504
1235956993401270272
1235726194299015169
1236050618533502979
1235916967577559041
1235738470309494784
1235827382172266504
1235927800797958144
1235991189171683330
1235940341359865858
1235996810566606850
1235820939775901697
1235882695743291392
1235827585923203073
1235950823441436672
1235828178473463808
1235755998410952705
1236014824401838080
1236026685415469056
1236026598077407234
1235846509331009538
1235967868669489154
1236061006750720000
1235888131511070720
1235796343836364801
1236039130837966848
1236032621332885509
1236057133239529473
1235767022077820928
1235738263798726656
1235928581261398016
1236015236395778049
1236020336233246720
1235876737956921345
1235833971784572929
1235791170904690689
1235721164229472257
1235858120481488897
1235808543711711233
1235773381204676608
1235839099052802049
1235967961833369611
1235928542535454720
1235881206862004224
1235857805061443586
1235876543563522059
1235773383498964994
1236068582871699457
1235991399897710592
1235950660681478148
1236068641227051009
1235738516648161284
1235939990309203970
1236040554690932736
1235748998448910337
1235957219302105089
1235968694842298368
1235858884197093377
1236032719546511361
1235933928579641345
1235951717138784257
1235864353397551104
1236032460476964864
1235916444212305922
1235773744183992326
1236025901227429889
1235732748637220865
1235852141740224512
1235939209883480064
1236019971467210753
1236038710816276480
1236057279730003969
1235997263895425026
1235956871107764226
1236074123702517760
1235755884334198784
1235934695726043138
1235997547317035008
1236051432031256577
1236038241620504576
1235766615498731524
1236050199849521152
1235905193306398720
1235962407555493888
1235833771573694468
1236050660753387526
1235833697770717184
1235766654266679301
1236038810976337920
1236057002528387077
1235820703691108356
1235773458392535042
1235979579438829570
1235858585969520644
1235916577050169344
1236003788521078784
1236031978694197248
1235980070046568449
1235982131589009413
1235963038194417665
1235791496462417921
1235790887591927809
1236052077576511488
1235726740552466439
1235991156246417408
1235809858143662081
1236019584102215683
1236002794915721228
1236003659294662656
1235743423170150401
1235916029332787201
1235755907092488193
1235979810226294784
1235754701783576576
1236070567188533248
1235828148840751105
1235815090525360130
1235951670921555968
1235894313470570507
1235974395505541121
1235809085657767936
1235876608801746946
1235785175608549376
1236062765422448642
1235814937408057349
1235928891870580737
1235827522182328322
1235804022159945728
1235919838364790785
1235984948198363136
1236020406219419650
1235894473797832706
1235734553999728640
1235833460436029440
1236027184692826112
1235934494668054528
1235737675505770496
1235968657169186816
1236056289349861377
1235916908307701760
1235957195142909952
1235790708675620864
1235968930159550464
1235968094868250624
1235846231319957505
1235737828752932864
1235750143837827072
1235758824155299841
1235982732934643713
1235945765605978112
1236032607474851848
1235737388959162369
1235760518650105856
1235738365321809920
1235965358756032512
1235927350342279168
1235833610223009792
1235767506876456960
1235809903177953280
1236021459375489026
1235846587856728066
1235743666167111680
1235802605286068225
1236003818900353025
1235882834042085377
1235821473467469824
1236073717668737025
1235962270082981889
1235979042941067266
1236044491217387521
1235939292809236481
1235836619237675008
1235876554615304193
1235968607558959116
1235827471460651010
1235921954584047616
1235839854207881216
1235809739784642561
1236027568979152896
1235797197049884672
1235767298746654720
1236062689304006656
1235803924067741696
1235973619345473536
1235950601311264769
1235839885421862920
1235870726999035904
1235973329967673344
1235997786895781895
1236062808070111232
1235815099840905219
1235755643060883457
1235870452821581825
1235779961291788288
1235973548147081216
1235905315687796739
1235743898376581120
1235985836832940032
1235827514817175552
1236068101256548352
1235996811610984449
1235875856356163589
1235864769938092039
1235939813259448323
1235846241881174016
1235934604248285186
1235974459170918400
1235851860583436294
1236068645450715138
1235803981965856769
1235767676632469507
1235945651797712901
1235881961320636416
1235845155220934658
1235812036908421121
1235928830650585088
1235737489186250757
1235814615444901890
1235858798398427137
1235732259203768320
1235755298402467841
1236051109074133000
1235950471099097090
1235809636755714048
1235737565241589760
1235858745231421441
1235803671268478979
1235761397658726407
1235899996215504896
1235791696484601856
1235922577329029120
1235888231968841731
1235957546671734785
1235893660153245703
1235979251947470848
1235767894031634433
1235916921444487169
1235997027818967046
1235979484236582913
1235980251437633540
1235950944900300801
1235945807360081920
1235765253771849734
1236062567409336320
1235905027975401473
1235905261593858049
1236003847887130624
1235985980156342273
1236074265453133824
1235815470390898688
1235905755884240898
1235973539079106560
1235910584249585666
1236020464763449346
1235863590516568065
1236026904425029632
1235840071909048325
1236055677958643712
1235928086677319682
1236057182837198848
1235904718452461568
1236068280152002560
1236020890334265345
1235905897576255490
1235863570073522176
1236062283610062848
1236039077956390914
1235888072862183425
1235870495796535296
1235911052849750018
1236038815116124161
1235767048778760192
1235749682938331136
1235750310653489152
1236038070102896640
1235985535740624896
1236055773970681856
1235978981180084224
1235934017205092352
1235748959542484992
1235738429410828288
1235950676062109696
1236044451866464256
1235748928445976581
1235962262491484160
1235968574281285633
1235900228982566912
1235910517660749825
1235761479829393410
1235808863166664705
1236015236416770048
1235870158108766211
1235951250878889984
1235937210001551361
1235815174176526339
1235910851376353280
1235767157474168834
1235973417465192449
1235809840724758529
1235997637834403849
1235916308425986051
1236024554541088768
1235991901930692608
1235726097343483908
1236062371107475466
1235956285054447617
1235845686899310592
1235785539594395648
1235794152983597057
1235864754645655552
1236009295839285248
1235784671948140548
1236067794862645249
1235997244215750659
1235851957631238144
1235721135154585600
1235996772654354434
1236038127304794112
1235820544760500225
1235821773150511110
1235922948021719041
1235791316145106944
1235876341204975618
1236032834277707778
1235965194247041026
1235904671505690626
1236027162060177409
1235832477861572608
1236026043493945344
1235910956955455490
1235738255808540672
1235979520668315649
1235840298472767488
1236043033432535041
1236011319142346752
1235864184924958720
1236032324040560641
1235743163634954240
1235726315061272577
1235737350161838080
1235998000549433348
1235820990099120132
1235968703159812102
1235773817894703107
1235979874633953280
1235888646814916608
1235933525934825473
1236056390986129408
1235797528219537408
1235973367662026752
1235905278446469121
1235888581572509696
1235791422269403136
1235797450582937601
1236039100857270274
1235827104681299969
1235743181775556615
1235857308669767680
1235875637518311424
1236068812866363394
1236073235185270786
1235905358268375041
1236045494003982342
1235881571435020288
1235904853890785280
1235839473612500992
1235725813963788288
1236033048900063233
1236062895844274178
1235899943715581952
1235743005186740224
1235839760884629511
1235761098852352000
1236062527005396992
1235987370685722626
1236020223293218816
1235986387746394112
1236068050375491588
1235991438606905344
1236002686195163136
1235808898180771840
1236033769544372224
1235986110830055424
1235928649129394176
1235904933834170368
1235732770950746114
1235974118882848769
1235785185624567811
1235870788751941632
1235773966880514048
1236073771674619904
1235899485420761088
1235917276752293890
1235985228793098241
1235992267179151365
1235808571423477760
1235857572130779136
1235749798361341954
1235772947228393472
1235761240703672320
1235809060361887745
1235720158267744257
1235979991835242496
1235852575963926529
1235985992756211713
1235779662443433988
1235876552736456705
1235809421466292227
1235720446860881920
1236056151860670465
1236032129890267136
1236021936611823617
1235721428340592640
1235784546462859265
1236067798838804482
1236038949694513152
1235914144647348224
1235975672968998913
1236067861191409664
1235881449666097159
1235934541409390592
1236008830024077312
1235973732742529024
1236056092473544704
1235968506287378434
1235967894799826944
1235940455264784389
1235916763272867843
1236032414666768385
1236032700831670272
1235840020746911744
1235727100956508160
1235748877694885889
1235814642850521088
1235985096018194438
1235991067977306112
1235933783142129664
1235749845148807170
1235869723989905410
1235957127455399936
1235821917308768258
1235927600603820032
1236003810130214912
1235809389308608512
1235726105476239369
1235916744058904587
1235927859518222337
1236068713369133056
1235888396838592512
1235864011616309248
1235727000058421248
1235973905388630018
1235956943476232193
1235767821998714881
1236056151613157377
1235761089469648898
1236032767013478401
1235985212535955456
1235876938574512128
1235721317019574272
1236068867346227200
1236057275011395589
1235870492197871616
1235882254582165504
1235922004391403520
1235974286252236801
1235809711800246272
1236061941510045696
1235797594896359424
1235939965227413506
1235991823287545857
1236038342287831040
1235918417921585152
1235968905665011712
1235922877515304961
1235951130108018688
1235940286846488576
1235973485178097665
1236008957132632072
1235964668008632321
1235749433653903361
1235899070830514177
1235828018737635329
1235881998486351873
1236038853535969280
1235852363971219459
1236062936839356417
1236056453070368770
1235875760013000704
1235882759941390336
1235797169736577029
1235809932236058624
1236068318970179584
1235997992248893441
1235877470462590976
1236050921513267200
1235863957388181506
1235814669996027905
1235887610876305408
1235772596114898946
1235922147626885120
1235743393864708096
1235749107613839360
1235870771601223680
1235727040113815552
1235741025202606080
1235980226481524741
1235973531608940544
1236044490369982464
1235809818864046090
1235804011921641472
1235905564024147968
1236026812716769280
1235863960814944257
1236055952966791173
1236055949410004992
1235927559230984192
1236067916690477057
1236061372397441026
1235991810821980160
1235997532288880641
1235986219877773312
1235863399419924480
1235790596540755969
1235833695476441088
1235985091584811009
1235870016060493824
1235876878549991425
1235737371896713216
1236068545630531588
1235797417586540544
1236002505143857153
1236056277089947648
1235828126711574529
1235962539357454340
1235827254405378049
1235851985892462592
1235899338733359109
1235991650930917384
1235957496084336640
1235785777675677697
1236035625301749764
1235927897388584968
1235962032517779456
1235784834267648000
1235738532972355584
1235852346615197699
1235875729943875584
1235991818623275008
1235923203706548225
1236031835978829824
1236020220533194752
1236056767458676736
1235852039499866112
1235921946388205576
1235857384670552066
1236067719637872641
1235910406755020808
1235939298882605056
1236033241032708096
1235985692368531456
1235803057801146368
1235761848609370112
1235870280234434563
1235749447780319232
1235785552332550145
1235737935187709952
1235957031649017857
1235794878602162176
1235749388867301377
1235894281103175684
1235880902447656963
1235934802546544641
1235962979125886977
1236066257507622912
1235945642876338179
1235979550112313344
1235803421447503873
1235760666847387648
1236026530976993282
1236020114736242693
1235822061844496384
1235749980629020672
1235821406601895941
1235743183713079297
1235790688593166336
1235808576238571523
1235961930025664513
1235967986571214848
1236055921366896640
1235802670494965767
1235851359456358401
1235743982086479872
1235910249120436225
1236009685876162560
1235779868618641409
1235761870193209347
1235834265998200832
1235985826015858689
1235956599874822145
1236060486237478912
1236016251744522247
1236018483747524609
1236031827674005504
1235951440100651014
1235826946958745601
1235743452899532800
1235743135822540800
1236045451415171074
1235863827859648519
1235738717458845697
1235940569899307009
1235732446441807873
1235973459542409217
1236026083218083845
1235833102158577664
1235851916191514625
1236050602536382464
1236057286780628993
1235922264752893953
1235802915001991168
1235888528489435138
1235815705469050880
1235899879752425473
1235840355821481985
1235899578920194048
1235761707731038208
1236074044132397061
1235933458528112642
1235986246549360640
1235720199648706561
1236063072315416577
1235967936743051264
1235840474046332928
1236044617641938944
1235985372858978304
1235737529992859648
1235949767504601088
1235785140640665600
1235950455647281152
1235738060085702656
1236068708289630208
1235887240615731201
1235820680181993472
1235731553466097664
1236002405462028288
1235802610273144832
1235893766101159937
1235852048949600257
1235727048355786753
1235928681295593472
1235773549698310146
1235820783055720449
1236038334666940416
1236026450555400194
1235773244709523456
1235876261945368576
1235899800660447235
1235939817650704384
1235726520737554437
1235814597874970624
1235951461470818304
