1236147835961303040
1236253550944169984
1236126200784760837
1236332886141231104
1236096630585163779
1236090880559378433
1236213557009813504
1236148341001662464
1236414672309489668
1236114682408251392
1236085900779696129
1236153039225884673
1236293523999043584
1236102531077541888
1236315575162482688
1236252475390414850
1236335341558169603
1236276490607702016
1236207731159076864
1236281959632027653
1236161784425451520
1236276294238834688
1236413852939624449
1236265007417036800
1236252707968737280
1236310228653805568
1236137339384184834
1236298775490187265
1236373376517668864
1236219476833718274
1236108177956941826
1236276808867348480
1236432473044598785
1236113634771841026
1236367603263852544
1236137864594960384
1236137641269174273
1236426588884959234
1236350986542698497
1236373379218698240
1236114434931617792
1236108366721830913
1236201787675127809
1236420136627822592
1236096468047589387
1236168022651367425
1236381204808638464
1236419960676716544
1236202712867524608
1236333202391937027
1236344879694770176
1236426120968404997
1236137196865941505
1236390474400673793
1236184777251672064
1236270321352634368
1236161876280606720
1236438072130015233
1236224506856976384
1236155678864994304
1236201384753729536
1236414109018701824
1236305078249758720
1236270131254374400
1236355763179679744
1236213860157149184
1236174070242250752
1236316419924647938
1236119627287195648
1236373060602810368
1236414659558866945
1236425920505942016
1236356778411114501
1236213518870999040
1236168916310818817
1236235413490040832
1236391494220570624
1236224449298477056
1236344380333662215
1236414823698706432
1236419575819968517
1236114146061512704
1236179438158692355
1236241646070554624
1236113806771748866
1236213336510877696
1236356509887533059
1236421106577399808
1236174158234435584
1236230462793814016
1236126598903910401
1236180503100887040
1236396472167358465
1236344924158734340
1236167784243122176
1236148337776226304
1236179826278465536
1236126213195743235
1236397433149628416
1236310254377250817
1236148342385545216
1236414437445246976
1236207405937184769
1236125936061423618
1236356656616943616
1236184895598325760
1236396237001297920
1236253760667758592
1236408874191794177
1236207665727995905
1236414541032013827
1236413950528495617
1236322259712856065
1236249806231736320
1236125521391452160
1236338691204722688
1236258932370407431
1236361554200875009
1236327723913617408
1236385285228965889
1236367486045638657
1236362020833951744
1236315551384793089
1236156388142809089
1236322380131078150
1236338666269626368
1236339451665604608
1236097256786472960
1236174084104388608
1236120375676661761
1236087698697355265
1236191329618706432
1236179129021562881
1236437409279234059
1236102917846962176
1236338760268361729
1236362277143666688
1236142726049128449
1236085502043971584
1236286963193282560
1236287243670695938
1236096823619497989
1236236350229303297
1236391279279443968
1236379145329754112
1236276553572593671
1236431533969412096
1236327694628843522
1236344589939695616
1236136732296429568
1236148027129122816
1236264063702884354
1236096384195006465
1236230656323182593
1236218542816727041
1236403527125262336
1236379279652540418
1236113657697886208
1236105703447613442
1236201344320430081
1236161311517663232
1236246859036811264
1236241395834384384
1236126329906528256
1236333901208928256
1236380055665696771
1236258371218616320
1236419847409602560
1236096772956618752
1236097717484519424
1236345344633581569
1236402232737890304
1236385005716123648
1236356409509412868
1236276041246740481
1236122918376992768
1236420833972760576
1236397696556109828
1236432510164189185
1236333160197058560
1236338922361245697
1236108189050888193
1236293686708916225
1236374242423443456
1236368189627535360
1236305138614181893
1236437387812749312
1236120780473327618
1236159604892913664
1236090917422919681
1236114951477092359
1236203600654651392
1236349861240463360
1236332630234345472
1236241560783802369
1236109017421922304
1236297604293709825
1236120386984701952
1236142362176323584
1236316823265726466
1236137596532568064
1236356726531575808
1236287865790722054
1236091920939716608
1236173638786625536
1236315950674251776
1236338280452567042
1236253077759332352
1236131677166014465
1236408015235854336
1236086139414511617
1236414545138192389
1236132040157822976
1236125927307960321
1236142554867011584
1236350931916197889
1236185483920760833
1236120446128418816
1236120412456726530
1236281603246022656
1236321856149323777
1236417187700760577
1236368396591169537
1236196563128438789
1236304567345664000
1236396456011071490
1236230620587556866
1236225210904268800
1236191018560753664
1236293884348526595
1236345415479459841
1236338636993544194
1236102238617157634
1236108027008188416
1236432153572970502
1236362175318495233
1236167032762073089
1236326947325530113
1236148673324646400
1236235729375723520
1236338797517783046
1236119781734051841
1236384775578902528
1236143132422459399
1236184529225867267
1236326801623916549
1236162187623874560
1236437559531589634
1236224829990158336
1236275915639926786
1236420057732911111
1236247121113858048
1236419830808526851
1236258565410689024
1236333457116192769
1236276238454525953
1236286967047954432
1236344778968584192
1236113839659331586
1236156139118657542
1236356798673817600
1236208038744293377
1236169163586105344
1236148890346323968
1236333221694103559
1236271079255150592
1236355585760731141
1236102272813326336
1236332816683728896
1236148577287565312
1236288201746251784
1236236273834172416
1236275688979775490
1236247630608396288
1236322296484302848
1236293338153791493
1236143468008869888
1236391863109681157
1236156023142002688
1236208257162719234
1236201714270658561
1236398654535032834
1236379199776026624
1236156648097378305
1236247683708395521
1236371148214095872
1236425916970143751
1236161647024238592
1236333662758531072
1236339613951758338
1236173601478283265
1236282244722872320
1236293302045081602
1236368248528162816
1236385671566299136
1236185328840577024
1236190204664242177
1236333198344196101
1236356064070811655
1236376204430602240
1236212874932113408
1236298431435542528
1236188631162732545
1236247474542645248
1236184509009129473
1236304999627382785
1236148829553954816
1236224685664350212
1236097384691773447
1236142846601621504
1236086110339678208
1236426307082153985
1236408233587343360
1236298799011827713
1236119660510265344
1236201618053316608
1236356841170333696
1236097086761902080
1236224019558350848
1236156822077296640
1236247919487053824
1236355671026794496
1236349789295566849
1236362678395973633
1236173682189291520
1236184488125829120
1236345247203864576
1236271463243476993
1236202093238562816
1236174418562420736
1236195818589138945
1236259222200791041
1236243562381160448
1236402704383201281
1236379154502819840
1236253249105264640
1236131599009398784
1236102959634804737
1236339455444860929
1236420270816210944
1236408740951269376
1236401570629083136
1236362603724767238
1236213027738968064
1236242227640152064
1236212867449397248
1236276237909118977
1236305234017660928
1236178939179130880
1236421010024312832
1236324773040447489
1236299073122115592
1236247600082440192
1236425979406487554
1236282388612669440
1236425464308269056
1236310144876765184
1236362393757691904
1236246933930299393
1236218446309781504
1236193415953412096
1236151246194606080
1236213153559543808
1236241166116454401
1236219864127324160
1236408640321585153
1236247847839752192
1236137427791577088
1236148318255935489
1236385241092292609
1236244677432619009
1236374192079208450
1236380235836293123
1236259452833148931
1236332728527790082
1236324847107571712
1236322351614013440
1236385159991173120
1236351128708820998
1236362226010734592
1236277884731281410
1236173371039072256
1236326957270392834
1236270916956499969
1236174531091296256
1236247767783272449
1236253333196808193
1236271032396386305
1236361294854283264
1236202559200690176
1236096576520511488
1236148552801402882
1236425673989898240
1236334103357767681
1236362132976848896
1236275742918483968
1236091336954204167
1236218946618966016
1236148246965256192
1236362008255016965
1236208078191804416
1236231048566013952
1236085854340288512
1236356031812448256
1236097347173715968
1236431805106073601
1236287455525056513
1236196374342963200
1236275940814213120
1236130868013514752
1236341695098175488
1236201963047530496
1236368017732313088
1236421075841568770
1236148810109333504
1236132077277306880
1236385513281650700
1236292943981486081
1236212832544460801
1236147857410818048
1236185333588516865
1236120391975948288
1236281334814965760
1236185588111265792
1236271465932025863
1236108705323724800
1236125446447738881
1236174334474874885
1236264971954249730
1236131148633260033
1236113630103388161
1236114614791921664
1236299675998683136
1236282401258639360
1236253731605434368
1236373467299221507
1236168750279217152
1236258232957415424
1236108459294277632
1236287395101884418
1236287458024833024
1236090977301000193
1236391208416501760
1236091650843308032
1236293015922249728
1236246899209850880
1236085902306238464
1236207296843300864
1236426592198352896
1236142347215179778
1236084907832758272
1236172684989353985
1236097086694649856
1236413828604272647
1236156927878385664
1236356371584598016
1236090686534864897
1236397097697644548
1236178292614606849
1236293683269578752
1236419842925686784
1236196552626053120
1236322044905754625
1236259364337410048
1236322111729344513
1236147918676955136
1236142843498041344
1236432393625407488
1236218881238118400
1236403645345943553
1236147827677356032
1236293520157290496
1236102318766030849
1236241379426275329
1236270060471308295
1236356656729968640
1236207410118877184
1236270160840994817
1236275728427220992
1236414394084593671
1236299772572635136
1236120445520187393
1236426847757484035
1236304395291115520
1236316222150582274
1236356966542381060
1236309998755409921
1236190473192161281
1236402864227934208
1236281732514476032
1236131594064105473
1236270421374369797
1236402512862863360
1236079194129543168
1236136708174946304
1236270280403804160
1236213391330402304
1236415002879209472
1236147928512618496
1236390851669975040
1236396238142164992
1236136851712487425
1236397345383694336
1236219388337852416
1236173491612745729
1236142433743835136
1236333549935923200
1236253585869950978
1236408107963682817
1236370145813151746
1236219138583994373
1236438446161477637
1236230925232599040
1236120500306210816
1236408712622899201
1236310997335511047
1236114023554285568
1236084877608525832
1236420249555275776
1236390777296732162
1236258702761562112
1236246257468944384
1236402555078533122
1236212914966716416
1236246796311171075
1236372875881439232
1236207881197727744
1236207955235803137
1236191345141633025
1236125437626970112
1236126509619871746
1236413984451858432
1236338733001015296
1236161814494396416
1236348668401205248
1236153090643906561
1236114035663237121
1236356275140808704
1236190893880700928
1236096748432523266
1236385721746767872
1236096650499600384
1236344617836187651
1236080470259052544
1236379116133404672
1236264754538262529
1236434511602343936
1236092246195388418
1236264302174187520
1236235854441517061
1236119438275088385
1236190129108086784
1236356060572598272
1236131400660717568
1236403020575002625
1236107837237080064
1236305016295698435
1236212734368182273
1236408476143955969
1236379757727473665
1236178914872930304
1236270105803124738
1236396400788869121
1236151966935506945
1236196040690356224
1236148665766428672
1236355629238935552
1236378060452245504
1236420027189997573
1236310157237223424
1236432800456364032
1236385786133647361
1236270827596849152
1236414074667388928
1236361350407950340
1236185666616266753
1236270661200478209
1236390508513169410
1236103328930705409
1236143103389679618
1236355964007301121
1236152829376487424
1236368357416480769
1236316381462880260
1236190341461684224
1236156044000149509
1236333889871925253
1236327907510771713
1236310410136940546
1236113738236743680
1236264389256216577
1236253384207937536
1236420858022952965
1236156626115190784
1236309889049296897
1236079219186294784
1236136694975512577
1236219232410578944
1236097356363370497
1236420284334387200
1236391749528047618
1236282438747226113
1236207945169408000
1236152885077069826
1236120679478591489
1236173486025920513
1236113648218759170
1236379925789257728
1236281304984870912
1236253749003329536
1236373424362192896
1236396379787931650
1236402168229494786
1236264374060429312
1236168244874162176
1236355469180092416
1236349793519030272
1236184776140378113
1236344953829240838
1236432651948642308
1236367627586584576
1236173503474348032
1236344711415128064
1236356644210200576
1236096609957658625
1236276007281348609
1236083621804617730
1236090824741408768
1236214806190972930
1236288196796796928
1236102389897334784
1236397273778708481
1236292927594221568
1236079476292763648
1236326985397305347
1236321835144413184
1236196836513374208
1236108446107344897
1236131364249972736
1236102281025601536
1236348809552125952
1236196428705189890
1236114837555556352
1236350267744018433
1236148393119895552
1236374419817107456
1236345046888321031
1236230295944409088
1236225036098441218
1236152767875551232
1236339111222534145
1236385663014129665
1236298590290612226
1236126486974824448
1236408598869278724
1236086216430321670
1236236644027715586
1236202347287597056
1236402831009120259
1236253439887376389
1236108122030313472
1236292970145595392
1236292613290033152
1236091055134724097
1236152713089404929
1236173838750109696
1236321810251120640
1236167937741844481
1236397604499591168
1236432519001595904
1236108492945215491
1236230445244846080
1236333972398972931
1236269821924343808
1236120629645946885
1236168068298047488
1236391020247613441
1236326959816163329
1236131165943156736
1236213420552155142
1236321688368775168
1236367892255514624
1236085888368680960
1236379779449978885
1236321525000810497
1236355762332602368
1236109015089696768
1236178930714869761
1236338327185326080
1236200306607902721
1236258781618675712
1236361273111121922
1236408300893331456
1236148328674582529
1236102121310781442
1236265161427767297
1236094715944202240
1236137176217370624
1236091047719006209
1236113986699046913
1236080048949559298
1236207024431665153
1236438059501191171
1236185186657685504
1236298489971314688
1236293401500237826
1236119838143041536
1236196401677135872
1236178851224580096
1236385789765918720
1236385517266186242
1236091367094398977
1236090555345428480
1236213206982500352
1236391724974510080
1236142306736181248
1236174361117118470
1236119526401544192
1236236607964889089
1236276255445540864
1236252674758230016
1236385929268547585
1236195808107581442
1236269412853964801
1236369022914039808
1236259298503778305
1236156507751731200
1236384942902243331
1236267149129220096
1236125956600934400
1236315501263028224
1236390720476532736
1236179958122217473
1236327270417084419
1236287668054560770
1236179714571526144
1236304290790150145
1236230887597056000
1236161382292258817
1236415012173787136
1236402701996642304
1236322389295632384
1236241330319298562
1236190714347827200
1236362779977801729
1236432328337117184
1236315531579457538
1236431720725073925
1236212895974715394
1236080498738221056
1236421047169110017
1236396396586110977
1236402835610361857
1236309868140789761
1236280695468720128
1236253263491731456
1236224939633586182
1236390566679674881
1236137269271990273
1236120336887943175
1236356593635274752
1236156322795728897
1236242231209553920
1236219159547125761
1236426939616751616
1236378760246673408
1236196173767208961
1236315560394309634
1236298392780881920
1236276462132563968
1236276659348819968
1236339684684390401
1236338964719480833
1236288021097590786
1236108717344600064
1236162121106419712
1236321996327149568
1236321629556391937
1236095258200600578
1236287874938494977
1236356769548570627
1236327334728400896
1236113824085753858
1236091382856650754
1236275776460210177
1236155937280290817
1236288122071195651
1236304589063958530
1236271095617073157
1236115043860836352
1236247675949010945
1236097121029246976
1236236574804701184
1236213747057750016
1236275722341298177
1236173630490329089
1236096319367852033
1236321517128036352
1236162362819960833
1236437538098700288
1236168572700770305
1236374456622370816
1236156248187265024
1236085397764976640
1236148311784120320
1236091043369582593
1236143467648012288
1236390657737936902
1236426081038675969
1236368232598159360
1236332572478713857
1236207814646722560
1236179748365180928
1236327921624780800
1236339664006586368
1236378861232939008
1236183487998091265
1236276263486185474
1236201394438393856
1236402579413839881
1236414326866673664
1236299316307755008
1236252948180721664
1236339137738952705
1236119526946639872
1236137798631075840
1236085036497219586
1236367839210147841
1236196332920061954
1236131372772679680
1236332823885287426
1236218881498210304
1236316692612931584
1236379170722152449
1236333989700538373
1236356321215217665
1236345046124744704
1236137624944795649
1236201584893104128
1236426587345752065
1236236686180241409
1236125617508110336
1236293193420980226
1236390542990344192
1236264177242693633
1236125314771640322
1236195708987981825
1236109147386626049
1236426834314694657
1236119921404399616
1236090641328869381
1236202009495126016
1236414476078858240
1236090740817698817
1236166974167638016
1236207147308011522
1236230979511083008
1236419536372539394
1236247980912586754
1236265241333436416
1236246870642458624
1236304697478148103
1236384715684413440
1236224101225656321
1236413816230932480
1236355830037057536
1236126222326759429
1236384703067889664
1236408641324015622
1236409054790144000
1236408517935992833
1236321994607484929
1236368571032354816
1236373286617047041
1236161891153534976
1236102721045794817
1236299164620861440
1236305267941408770
1236345934591733762
1236344044328046593
1236265341506015233
1236196840355164162
1236402709370191875
1236391041109856256
1236196901105483776
1236385630965379072
1236344799898329088
1236097537259388929
1236090597934587906
1236356266231881728
1236368035142828032
1236162594966253568
1236207671738372097
1236402579049000960
1236155875687051265
1236367279467704320
1236173746328801281
1236207412014546944
1236148925553414144
1236161103530307584
1236224713212325888
1236327510322720768
1236426096154828801
1236285961211990017
1236225194630369280
1236246756268085248
1236293708389154820
1236356127333335041
1236390436245291008
1236344764477272064
1236229731374321665
1236229871480844288
1236298996571942912
1236168801932251136
1236298682032521218
1236368404140957696
1236184654018998272
1236207795973783552
1236229786005106688
1236132026371190785
1236344600748572672
1236327492828487682
1236438645617410049
1236391410221207552
1236085968597209088
1236367410942312448
1236178972649484289
1236247545002651648
1236315739918749697
1236327384330231815
1236275929946583041
1236086060121235456
1236426129906548741
1236241316347916290
1236173901182484480
1236276145684918272
1236085427167047680
1236258564689313792
1236322418823700480
1236109019984650242
1236414193449885696
1236351173424222208
1236403412016803843
1236403007270670337
1236419780309061636
1236264911115862016
1236079353185873920
1236343404885233666
1236396523950182401
1236408464513159176
1236252554171805696
1236195708354494465
1236339090515206144
1236184901571039232
1236289987655749632
1236182070423982081
1236333768606199810
1236293717536825346
1236185062040727553
1236161796752453632
1236102477352710144
1236086249175334913
1236351069543903232
1236356161546354689
1236432811973701632
1236190596878000129
1236085283508060161
1236152680302723072
1236201755723075584
1236224266531676162
1236332727676239874
1236350650700697602
1236201529457012737
1236415032533147650
1236259101954408448
1236179643700412416
1236431394097844226
1236420044810334213
1236287185361547264
1236091714252742656
1236260024818810880
1236355942381469697
1236426147145166853
1236431453119901697
1236339061566119936
1236091617154461696
1236263962330660864
1236327433781026817
1236174025107243008
1236276340111953927
1236168647804141568
1236287454732333056
1236162477114572801
1236173803698483200
1236281414695489538
1236344538572128256
1236293938312630272
1236109170648195072
1236166959454175237
1236190992971137024
1236367191890464768
1236196501962936331
1236368273782067201
1236420719426273280
1236142513301282819
1236173584340602881
1236213827726741505
1236219045130747906
1236286896847781890
1236432498130903041
1236137477984800771
1236292912511700992
1236338481305018368
1236350674784464900
1236315769882935298
1236242293759315968
1236432317243162626
1236119798733369344
1236402789346996224
1236338944146636802
1236397027430477832
1236275807628255232
1236093851460423687
1236368538618728451
1236246899797225472
1236179173888180224
1236102958523260928
1236367631952773121
1236356567873851394
1236084921971683328
1236420107385044993
1236182075369115648
1236131909207339015
1236213114778955776
1236179588922740737
1236196505888817152
1236402646107525123
1236310758339854336
1236356849131192321
1236322439568789504
1236397797785681922
1236298909154070529
1236299222867038209
1236438424036532224
1236190288294617089
1236293220587278336
1236085410440392705
1236236182704361472
1236131229726056450
1236259574010843136
1236167655809261568
1236201732910141441
1236374401618268162
1236310837490528259
1236168555407626240
1236191220805840897
1236247960712876032
1236379859074465792
1236213098131972098
1236368375175151616
1236156834421096449
1236336294613012480
1236339316386922497
1236415129765515265
1236179460740825089
1236298832721444865
1236168805643988992
1236108274774261760
1236137210694385664
1236421025543397377
1236155871056584704
1236241895589908480
1236315925974048771
1236167686733926400
1236224582605930496
1236156149097000960
1236233823001759744
1236252618302926849
1236431670896623616
1236108851574960128
1236258894877462533
1236179775393337344
1236350591263076352
1236374134809972736
1236120789461553152
1236315996341899265
1236195683989893121
1236235587499237376
1236310514223001601
1236396408959315968
1236321214588686337
1236219339608645632
1236316369395859457
1236119379437391872
1236281724369338369
1236246955010994176
1236349776616206336
1236409290484862976
1236431461881954305
1236313556892692480
1236201705609576449
1236091212697870337
1236403535178235905
1236142961362178048
1236362498196082695
1236264232129347585
1236408518007312385
1236202478489743360
1236316412001558528
1236236318012772353
1236385923379662850
1236269988962598913
1236396532628414464
1236200393132171265
1236362301315432448
1236155909459578880
1236230589151350784
1236362087624052736
1236155644836601857
1236344433127362560
1236108662831304706
1236333205130817542
1236207051002359809
1236379535152680961
1236174246012841984
1236167003603263488
1236391154293379074
1236213199080280064
1236224241328152576
1236207873870438400
1236373248591515648
1236114229611999232
1236207644412698624
1236241871468281856
1236091139158994945
1236207918510456832
1236350326736916480
1236321486929092609
1236108630677733376
1236130310452121601
1236298656464109569
1236438831940931584
1236162317655642112
1236196295360098305
1236379012714373123
1236409974915575808
1236338427500482561
1236219166278836224
1236390894800179202
1236265237638270976
1236103253911355392
1236085256588890113
1236403505734324226
1236137524684181505
1236287831904940035
1236131833202475010
1236125492526362624
1236322054107889664
1236350498728534017
1236241040979267585
1236338506567278592
1236425820228464645
1236426676420173826
1236187932299587585
1236409240698458112
1236350055478632450
1236270694423498753
1236079740055846912
1236148513060331522
1236132131006550016
1236213245456691200
1236162187271364608
1236361277078794240
1236142784366563328
1236142722765017088
1236298850060599296
1236350024264699905
1236355825385590787
1236130855044681728
1236367717374009344
1236168126246432768
1236426914790887430
