1236968633596891138
1236875270650335233
1236908957643485185
1237079187820883969
1237119787777626112
1236886081603239936
1236985915224068098
1236921649326366720
1236974301011759104
1237044485139423232
1237108203319672832
1236812496608145409
1236968643029696512
1237067753749483520
1237032673220190209
1236933047754334211
1237004062890946565
1236921775784636416
1236979892354457601
1236943899924377601
1236863349595529216
1236926932085661697
1236828791814553600
1236956887473479682
1237149257284464640
1236968152312860673
1236950456514957313
1237049165164810245
1237032643516129285
1236868353500864513
1237142789424590850
1236968143391723521
1236851575777308677
1237149857258840065
1237044253752053760
1236933147864059904
1236851885807632384
1236897306252726272
1237101938182729733
1237037919581302784
1236817722983530497
1236868898995216385
1237155536925270016
1236868402427211776
1236829114650128385
1236840948094640128
1236812614476259329
1236852149654556672
1237021880898301953
1236944199804579842
1237084514377064448
1236956445318537217
1237038036300505088
1237038913983778818
1236949819660402688
1236846785064128512
1236834854064586752
1236892641368801280
1236945104734019584
1236979459015634944
1237049100824203269
1237055686955188224
1236985840531800064
1237056245120610305
1237102457601306624
1236920526263611392
1236817198309498880
1236897127802028034
1236874211882422272
1236926411279081472
1237165892053667841
1236805900767092736
1236961918767661057
1236979560446439424
1236818147702747136
1236818267886563334
1237073495688916993
1236835746134159361
1237043791472836609
1236962821575004161
1237102214767874050
1236909650496368640
1236840086467219457
1237031577986662400
1236862983348850688
1236909533366308865
1236950002536042498
1237107402367029250
1237107939640578049
1237160661907582976
1236968563107344385
1236903061068509185
1236880823598624773
1237038410302402561
1236852691176796160
1237060702600388613
1236903280472739840
1236824103815974913
1236932707940290560
1236932908042129408
1236886134841462785
1237056186001874948
1237108710813700098
1236997118268768258
1237049571542331394
1237049151759605762
1237165841231360001
1237131959886897158
1237126440732090368
1237137102510477314
1236979711068102656
1236986310059085824
1237050276898656256
1237120287034028033
1236846739627409408
1236915384944558080
1237010019247407106
1236933217288171520
1237015916556292096
1236939161887821830
1236834667665526785
1237033079342092288
1236997817840701440
1236996849464037376
1236869540350484480
1236863621495271424
1237084933673250816
1237066537808416769
1237101324682084352
1236910089715449856
1236927774243373059
1237061622285271041
1236937970416005121
1236817145087983616
1236939395120259072
1236979611059265537
1237031641194749960
1237096345833369600
1236927548308606976
1236949689536114688
1236962447761735680
1236897829513093121
1236881105032228864
1236862826343321600
1236874493399687169
1236824249303777281
1236897419922530306
1236904275269337088
1236933544951283717
1236875323976777729
1236962703215923201
1236991031956197377
1237038514836996096
1237003732208029696
1236921313463328769
1237096303961800706
1236862987539005440
1237108350569111552
1236967422722297856
1236817538903728128
1236973580467888128
1237143406775881729
1236927473561952257
1237125308026929154
1237003194909241348
1237126658202705923
1236956090039844864
1236939278598303744
1237120081827631104
1237032613883318274
1237113454575652865
1236938384473546752
1237154910979801090
1236985126833328128
1236879865749680128
1236874890764050432
1236920634837368832
1236985931607015426
1237143956313571330
1236835646850949121
1237102138347708416
1237142802825428993
1236950452891197440
1237142773071036418
1236938569580548096
1237004046587830274
1237137349911416833
1236806347880046592
1236915542549770241
1237085353430958080
1236991928912076800
1236927771026157568
1236991962428801024
1236915337351835648
1237055112436219904
1237020379258015746
1237131817758720001
1237088261945929729
1237032047954313220
1237021209834983424
1237131414887444482
1237020790379311104
1236915408592134145
1237113656116158464
1237149824073564160
1236962133155307522
1237003938496471040
1237114708517421058
1237055368179724290
1236979910041907201
1237055262776864768
1237120031735140352
1237132245611302917
1236938138024652800
1237149777147674628
1236915271752876033
1236823418491801601
1236926443696926720
1236874761327828992
1237049822986866688
1237055275334619136
1237067397678403584
1237037764886949889
1237149819669487616
1236834387502592001
1236968482702573569
1236829672635109377
1237096043919138816
1237155574090956805
1237067447301111810
1237060753942818817
1236933370287992837
1237120170201677825
1236806747102367745
1236997026484826112
1237160079419465728
1237143867545333760
1237160451877855233
1236926956471533568
1236840942084243457
1236835263348969473
1236880425974468609
1237079300911833090
1237108287302139904
1236840095447232512
1236851847979204608
1237125891051806721
1236880136051580928
1236938439435698176
1236967988303147008
1237061605348777984
1237073344924614656
1236938185462239233
1236875155491569664
1237020711333421056
1236857938427461634
1236939434240557056
1236985264364453888
1237102561410396161
1236823510908989440
1236874555399917568
1237143595477610496
1237004302146850817
1237149257427300352
1237120379333861377
1236857812531077120
1236829555056312321
1237138133709447176
1236817815354540032
1236920715221270528
1237026125362184193
1237137442576248832
1237102322779435011
1236932865151074304
1237138247983214592
1237131427851927553
1237138192978993154
1237049453774876674
1237131804718571524
1236932920922824704
1236979074905649152
1236835598838743046
1236991535771762688
1236974316962676738
1237049596217606145
1236968806276308992
1237078730478096387
1237015886747361282
1237136939326869504
1236885922668408832
1236875371514978304
1237044656262672386
1236985558766776320
1237043364064833536
1236991846334599176
1236869343960391680
1237079427105898498
1236868449781067776
1237009134089678849
1237067905432420353
1237160439605276675
1236875327151853568
1236811599358222336
1237165938694184960
1236846467303776262
1237061860265988097
1237067657813331969
1236991216060776448
1236921910778163200
1236926864888705024
1236944279022505985
1237021516191215616
1236903599122325506
1237015900387250178
1236818130619576321
1237137634918576131
1237067762318671872
1236945038464241664
1237027161506107394
1237108463983042562
1237102599624691713
1237149450017148930
1237067146137677826
1237073105371217921
1237101322601709570
1236898054235492352
1236863677183201281
1236973609404395520
1236852424083755014
1237038746358300673
1237066672323923977
1236932274026950657
1236909091244478464
1237037676966051842
1237049232441425921
1237038049755672576
1236974182983970817
1237084422450679810
1237054797473251341
1237154118025781255
1236932650985828352
1236932551111061504
1236921836006305793
1236886876293926913
1236991950097543168
1237060916610400257
1237003321120116736
1236932580349378560
1236938697204850688
1237120430567284736
1236944500733304834
1236897436192440326
1236927283648180225
1236997335508496387
1236880131827908609
1236968357263323136
1237137882625826828
1236858459146117120
1237102017560162306
1236973746721820679
1236933420481163269
1237088090390499328
1237096178468061184
1236927034426658817
1236851605686763520
1236880899230306309
1236857595337617408
1236868809073385472
1236968529737342976
1236811470224134144
1237067342590251008
1237044257350987776
1236979111756566528
1236996702751653891
1237149689394466818
1237120555230334976
1237003886927413249
1236961752019079169
1237079133638852610
1237066571450892289
1237113392088875009
1237015522119647232
1236880883661058048
1237066725910339591
1236949910626304000
1236991095050883072
1236909910585012226
1237043917780025347
1237143805461233665
1237137262304997376
1236897828363894784
1237079024137940992
1237085319532552194
1237166084660363266
1236973730309472258
1236921351190876160
1237067119977811968
1237101732431310849
1236874854768545792
1237032676340555778
1237126155188219907
1237142676216086528
1237120580756713472
1236979419123781636
1236823397482598401
1236956253554757632
1237073399911981056
1237132480320176128
1236932189297803266
1236812715995410433
1237003132019732480
1237050381756071936
1236892446694551552
1236926344526622720
1237043985010417664
1236869308510134272
1237044261226504192
1237165724444979200
1236834403629834242
1236817496558178307
1236933026132766721
1236997968533819394
1236920853914361856
1237050267637612546
1237015249905242112
1236927342892724224
1237096330117423105
1236997898472017922
1237078125755822080
1236868855328387072
1236862854483058688
1236857574089035777
1236852176581849090
1236980268889559042
1236955704315064321
1237055565429342209
1236897925168394245
1236806232050003968
1237066860891459592
1237060904883294210
1237026222573527041
1236874560353402880
1237008655976980480
1236973185104515074
1237067708539305984
1237021482213048321
1237014511086964736
1237008735454838784
1236880679259930625
1236986170245963779
1236805934099378176
1237078856437313537
1237113307930255363
1236817572781228032
1237107881503268866
1236909566098657283
1236823859128668160
1236858148272537600
1237114725441376257
1236811394294538240
1236921592086769666
1237160099640152066
1236835708880338944
1237085252188811266
1237143510626828288
1236880148026327047
1237089647752331271
1237131742219325443
1237108011497402368
1237107725823287299
1237107658005643268
1237108463513329669
1237096014621708289
1237090226910232577
1236824291401924609
1236932615292301313
1237078512412000257
1237079346994499586
1237008727493840896
1236874869934919680
1237016016950984704
1237154550856941569
1236835065985982464
1236858249519005696
1237095788347568128
1237125215710216196
1236903482382331905
1236857787503673344
1236949985784221696
1237084581683171328
1236920936948883457
1236979178886565889
1237096988400930816
1236945192621654019
1237078977992409093
1237025982923583491
1237043552888242182
1237037592819798017
1236979324839956481
1236834697944104966
1236886406628356103
1236986066072145920
1237132555335413763
1237089866313273347
1236880797350498304
1236980509118529537
1237090239522525190
1236968517649432589
1237021444124491776
1237126671632871425
1236979656584241152
1236881108609822726
1236840099964469248
1237143318913527809
1237108120347906053
1236898015308386304
1237078558293581824
1236846253322973184
1237096685676957697
1237148460446617600
1237067255025893378
1237038389800534018
1236835336682115074
1237114562182295552
1236921394358710272
1236857522377506817
1236973868532805638
1237009445202341891
1236974287808073730
1236806281144324096
1236956194041970688
1236955770597457920
1236835372417589250
1237160581691510787
1236892344839884800
1237160331102826503
1236851843801722886
1237149420824727560
1237154122815553537
1236823080972009472
1236829664171065344
1236904307821174785
1236875239121768448
1237008580106223617
1237067905411538944
1236956960873943041
1237015560132714498
1236834823278395393
1237165825167106055
1236950724518567936
1237014712266690562
1236927135534723072
1237014741773500416
1237027153415290881
1236968462628651008
1237101648637341699
1236880924899291136
1236915361154568192
1237101828036161536
1237009096651542530
1237031783004323840
1236828674315485185
1237136984637874176
1236921217002745856
1237073327635730438
1237014872384208896
1236829430372335617
1237044199003848705
1237131171949088768
1237088298784325632
1237148850235867136
1237095763899043840
1237015413906685952
1236857348611858432
1236897726438260737
1236892078103318529
1236898175740309504
1236957060258021376
1237101585056116737
1236891517794562048
1236944365999624192
1237067569183539206
1236968525983440897
1237113442227625985
1237166160866574337
1236921969821372416
1236834697117925377
1236851996134522880
1236805995516563456
1237132119165427712
1236991992577413121
1236886922045333506
1236909735355592705
1237084623487807489
1236817258313175040
1237160230431014913
1237032085472161792
1237137513694838784
1237026078969004032
1236845883230162950
1236956605578698753
1236973458111606784
1236961595550511106
1237038666612199425
1237090202604032000
1236812609770274816
1237073286326091777
1237055762352005127
1236892303186366464
1236915836851326976
1236892590848475137
1237090826137645061
1236967338198646791
1236891485196304384
1236910145059291138
1237096070074826759
1236910035017420800
1236892205274615808
1236927077477122048
1237096044451823616
1236897125209763846
1237078968949489664
1237021893745672193
1236932459335475201
1237131343206760448
1236909885796823040
1236909197993947136
1236997540937154561
1236886615215267842
1236840829622370304
1237143494214348801
1237049336644567041
1236961701070766080
1236979375855169539
1236985588215095302
1236915205029888001
1236863957819785217
1236967893159612416
1237079167205814274
1236846676926750721
1236898237207871490
1236886610886574080
1236944521914695680
1237096941642711042
1236944282805604352
1236926402198491136
1236926558427918341
1236858408692678658
1236938430938038272
1237073482627809281
1237096938253795328
1237143980694962176
1236805908425916416
1236841374986776576
1236857318089818116
1237067413759225856
1237032790077706241
1236891542511443969
1236828711879618566
1236944229512785921
1236950889916596224
1236962935680970754
1237056132008407041
1236817316194578433
1237154475430813697
1236874850670653442
1237020513786040325
1236846068345823234
1236834579530407937
1236892189621473280
1237108123879563265
1236875090039418882
1236997646549757952
1237026346557210625
1237055237929795591
1236885659022848002
1236869051944755201
1236897156033732609
1236909498956165123
1236914976419459072
1237038850943275008
1237055967566561281
1237161068595761152
1236992173360345088
1237067129125572608
1237067220879998978
1236823275952463873
1236886207566475265
1236857304458248197
1236892547215065089
1236857242181349376
1236811674490789888
1236806529447313414
1236904419159146498
1236938179598417921
1236927630101929984
1237125433352732673
1236840250535809024
1237056114514067456
1237078105795301378
1237038255322705921
1236897746692362241
1236897412918231040
1237143905440862209
1236840727964876800
1236927700029366272
1236910137056489472
1237126201505964033
1236898324583571456
1237031993398853635
1237054797368475652
1236834501822574592
1236851960818610176
1237102356359196679
1237067725802889216
1236897357675089922
1236926717064810496
1236920741121179655
1237055091535945730
1237107985379401729
1236974096002486272
1237004000777711618
1237119381731229698
1236823939445403648
1237032908369481729
1236862849105960960
1236823171967455239
1236812308178964481
1236869254646861824
1237060694585028617
1236852650630475780
1237015959510167554
1236886548655689730
1237137296085913601
1236886869817692160
1237032504877555713
1236997008088535047
1236921252758994945
1236880965777022978
1236817501251485697
1236846991948148736
1237054893577261057
1236939111115583488
1237010136566243328
1236974397665116160
1236886833729908742
1236898383870283776
1236997075281293315
1237044177499815936
1236903871219449856
1237154386612084736
1236980110282063873
1236840410179350528
1236829920854044672
1236874350793502720
1236996854295875586
1236951190954483712
1236846856186908672
1236926324507389952
1236915687358181376
1237066377611141120
1236863018681720832
1236920823081992192
1236967494159667201
1237119897894817792
1236921032646295552
1236985834777096193
1237066679898669065
1236991526518935552
1237125262111723521
1236932233413328899
1236868744032317440
1237120329652277252
1236874906492530689
1236892588789006337
1237131368280346625
1236949740488519680
1236857652723908608
1236973763964461062
1237067288538423297
1236817258888024066
1237050213451235330
1237107407630864390
1237067711647305728
1237066847192825859
1236962166277726209
1237154969666482176
1237160959476563968
1236926872253919234
1236956530718773248
1236885918893723648
1237078991040843777
1237038863089938433
1236915048468992000
1236852658993909760
1237142995327221761
1237003752625672192
1237120677456556033
1237026812791681026
1237149215542968325
1236892367224856576
1236991254438785024
1236823805001113600
1236841353205579776
1236926386264100864
1237131285379854336
1237166059775549442
1236927405756796929
1236950921629884416
1236851613303574529
1236863504075931648
1237061629814046720
1236812035905601536
1236962980526424064
1236926671422255104
1237038112343236608
1236846890542661633
1237125500625182720
1236858442381320192
1236985675276333057
1236979958867611648
1237143574522867713
1236938573137543168
1236968814257946626
1237009487287832576
1237114293860151298
1236956978724761600
1237096807487987714
1237166249416802310
1236921441377026049
1237072950861406209
1237038922632433664
1236903813983830016
1237088990571962368
1237137202775314433
1236968605243314178
1236823250874904576
1237049718540206080
1237002943204855808
1237067258654048258
1236979144594010113
1237160943240597515
1236823122545795072
1237142953166069761
1237160712130232321
1237038553147867136
1236968528462450689
1237031884682448897
1236986175681974273
1236961700823400449
1236926834291376128
1236933436692021248
1237107314806710274
1237137740262760454
1236857758084825088
1237131951229853696
1236910175249764352
1236938908652298241
1237027249293004800
1236811957086404608
1236915374404313089
1236980227047292935
1237119872330498051
1236904081265954817
1237056261583015936
1237072283212156930
1236990951580672001
1236835447747141634
1236968731521232897
1236962611553583104
1237101333284622336
1236926876108677120
1237120237067264002
1237015476154351616
1236961492404031488
1237032466659106816
1236805992698052608
1237143909743988737
1237073416567558144
1236956912144412672
1236897940012019712
1236927517669249025
1237107398227173379
1237078490916294659
1237021687486582785
1236858310856507393
1237078403280515072
1236897277152645121
1236885826962747394
1236880989743230978
1237050364072988672
1236950648492605442
1236920718496894977
1237137912711479296
1236949751796510720
1237055342552453120
1237032072734220288
1237003283501207563
1236846198331527169
1236817560080957440
1237055108137070599
1236932133001846784
1237066398922391565
1237021864423305216
1236973986988404736
1236921527112740865
1237032005444857856
1236990846777638912
1236950883486711809
1236950428341788673
1236897247205433345
1236973965744263168
1237015366892568578
1237049185121308674
1237026326852194304
1236933153203400704
1236822912419717124
1237015593728892928
1236978993838133249
1237031741992382464
1236915928664694785
1236879941855109120
1236932794304958464
1236862807662112769
1236834416925777922
1236962834027864072
1236921046114217985
1236869446905413633
1236863621554044929
1237072733445349376
1236915764906487809
1236824141220610048
1236926321994813440
1236968764480126980
1236968444718796806
1236817536160849921
1237102280886943746
1237108464205418498
1236920513240449024
1236992264309821446
1237120199360499714
1237149718481899520
1236944206792462336
1236985600844144640
1236903439038373888
1236869577054683137
1237089079331663872
1237149547475984384
1237119279989997568
1237002969259769857
1236997583182213122
1236846870414209025
1237165946508320768
1236979464438829057
1236874586320330752
1237131553005854721
1236829865803829249
1237160582001942528
1236951190832918528
1236892255279026176
1237120266754547713
1237095993977405441
1237085378898731009
1236852275814871040
1237055959681425408
1236812165769768961
1237126629002022915
1236852506744901633
1236834852294365184
1236920694304374784
1237027056296382465
1237073135599525889
1237002867774574592
1237161236346949632
1237015203914502144
1236891626867314688
1236904448883974146
1236840442983067648
1236868927780581376
1237131649751691264
1236840348401336321
1237166114498424832
1237072870788018179
1236950155179380736
1236892222039240704
1236891591559839744
1236835616119238656
1236806609034252289
1237067045021220876
1236932585592213504
1237015119235866625
1237108745345183745
1236841467877916672
1237073738803433472
1237008840232763393
1236991116378910722
1236852032511725569
1236828935268241408
1237120022700601349
1236817442401333248
1236840712211238912
1236806432005079040
1236933385072914433
1237160786998579203
1236933524508327936
1236974430502490112
1236968592425582592
1236921041349308418
1236997444895997952
1237009087658971136
1237119360638103553
1236949927575470081
1237038797122146307
1236950561473380353
1237038171294236673
1236858412459319297
1236851897845395457
1237043519879032833
1236868503996489728
1236938264478486528
1236909075037704192
1236956198508941313
1237132542777667589
1237137924145188864
1236807010579968000
1237066433198096390
1237049165244518400
1236852276259622918
1236862870543048705
1236846286449438720
1237148590478409728
1236805938520129538
1236938964776431616
1236886820668899329
1236874652741513216
1236997684172595205
1237009767354306560
1237113896109879296
1236891680894259201
1236932074122051586
1236974648388026369
1236817428878970881
1237015396617613312
1236829748799705088
1236950011994390529
1236818448187039749
1237136879704817666
1237049047287988226
1237009540802998273
1237050079275560964
1237056147850440705
1236991723932225536
1237054776577265666
1237061018066485249
1237066607714762752
1236829571401404416
1237004213936205824
1236962871994712065
1236835537027321856
1237078449304432640
1236955814100979712
1236880995321708544
1236886901367296000
1237049450247393282
1236868645625540608
1236932567934193665
1236985889080786950
1236967347052740610
1236846618550235138
1237165938803224576
1236885743412359168
1236857224506626048
1237090080881291264
1237154240629530624
1236828726102458369
1237089895233060868
1236979543057072129
1236979450849476608
1236891897366368256
1236828885091856384
1236985986934079489
1237160032648802305
1237066339971301376
1237154228453421059
1237049340360826886
1237102086006980608
1236824122996461569
1237014934489268225
1236973755630419968
1236944475848617984
1237090357462040579
1236840393041416192
1236996987859472385
1236979810922094593
1237160699933032448
1236962711654653953
1236880407238410240
1236986133218766851
1237072400661065730
1237155226190254081
1237131817796481026
1236863652197732352
1236903864109953030
1236829442816655363
1237108200165519366
1236840586801487873
1237032752869969921
1236949709098373122
1237072631351795712
1237096975402745861
1236955954698047488
1237004239521452033
1237125702467674112
1236991992091021312
1237026100020228097
1236921280374415361
1237026582574891008
1236857707690373120
1237096275557974016
1237131599717773314
1237055175266897922
1236944329601622017
1236840448473382914
1237061721971253248
1236903127242231808
1236840264188084225
1237144044087717889
1237137450243416064
1237090252923289601
1236903577538277376
1236812044260782080
1237108236978970624
1237137874191089664
1237066985709670400
1236939279764463616
1237155099899596801
1236979438870564864
