1240771415881601024
1240777020096819206
1240788499399204865
1240700138219163648
1240593120817004554
1240760641016803334
1240598287679397890
1240609386105577474
1240776608715288582
1240748733161181185
1240788340061827072
1240638083466313728
1240547541260931072
1240514012141572096
1240582140213039104
1240603819546984448
1240699139693789184
1240469560312172545
1240498295530827776
1240670979308879875
1240682249365778437
1240559859923218433
1240632714580996096
1240457811785666561
1240677426172178433
1240530939953979392
1240525676639408128
1240660002890633216
1240683327188799488
1240548656614215681
1240699752024387584
1240693502805069830
1240759885714857987
1240654411774509066
1240788491413282816
1240649416681213952
1240648816576958465
1240716961668972545
1240463986153394176
1240626138176606215
1240537289970704384
1240553908386164736
1240503219924525056
1240721789271097345
1240575416764596224
1240626196741791744
1240710187851419650
1240542122211553287
1240519695133966336
1240548384005435393
1240480528790253568
1240564410915192833
1240728215355875328
1240458193727148033
1240671302177959938
1240435654078668800
1240731708422569984
1240760628509315072
1240570572133806082
1240469736531595266
1240788537408176140
1240598866879082497
1240626142408826886
1240497687788548096
1240683143012782083
1240637940591497216
1240699509027393536
1240514028591624195
1240771714100977664
1240429853050048512
1240530969192476672
1240548359129071616
1240564574170025984
1240520382790041600
1240754454481137665
1240771311372087296
1240481267138920454
1240782904088760321
1240754534017884165
1240463759988142093
1240771310931849216
1240748674889723905
1240626154962178049
1240722430609498116
1240531224667533312
1240771160343744513
1240430758965039105
1240631632538808322
1240771118119649281
1240564725097713665
1240570106779963392
1240525164334456832
1240782325715214336
1240435880378150917
1240643339017285633
1240631678969634816
1240743499055673351
1240637068457299970
1240620198903926784
1240682706339586053
1240770308765818880
1240670941421674505
1240687861470359552
1240582127445557248
1240788549806493700
1240514464652419075
1240531418612195329
1240648590130925573
1240558651611525120
1240787543442014209
1240536941919006721
1240464623654113285
1240604243905531905
1240492171834339335
1240749110896087046
1240726230779015178
1240564934934581248
1240659717770354688
1240610124504297473
1240457669699424256
1240654776406343680
1240621159386939393
1240436069067370497
1240559029279059968
1240721734828949506
1240475340427816960
1240497817841315841
1240548023681376256
1240576624204144641
1240525982651613184
1240643150139572224
1240631577769541633
1240604465847103490
1240676939460943872
1240693825921675270
1240548098713292800
1240754857017069572
1240755230347792384
1240760082712887296
1240559713294725120
1240480574877208588
1240609558051127296
1240587772823506946
1240564414782345219
1240776336031039495
1240614460739510272
1240654479147450368
1240513755311509506
1240469828890132482
1240475617138638857
1240542247981993985
1240441806707359745
1240742949471821825
1240771223270780928
1240659927326171138
1240625814900748291
1240525391175077888
1240777170684973056
1240458932004552704
1240648313453469697
1240699295080173570
1240457946405801985
1240564364219998208
1240481413704671233
1240615220399296513
1240487239555207168
1240626188495630338
1240447619932905472
1240498098570514432
1240464686665138178
1240564591127486464
1240637097658245120
1240531040608739329
1240604382422601729
1240497594855456768
1240575404076756992
1240760842498510848
1240632416919638017
1240452963753025537
1240470156121272321
1240781881253277698
1240659621414666250
1240453047505035265
1240614532294119424
1240582261927342082
1240699932459167744
1240502821281091584
1240759898520137730
1240699043346395136
1240436345866240000
1240632546972614657
1240548232456896513
1240486430247436288
1240581510765445121
1240771399343583232
1240660183283466240
1240548338107183104
1240632559677169664
1240587756218265603
1240514662300598272
1240558651141754885
1240519686292254720
1240598216493666304
1240486576687321089
1240486823857655809
1240765804066426880
1240609142982750208
1240576452224929792
1240508856897167361
1240570345641381889
1240486170016002048
1240581003187494912
1240519716113915904
1240677706955620353
1240564389780037633
1240469397208059904
1240481132434452480
1240693389521080320
1240687873940062208
1240754961920733185
1240597918752690179
1240771109945053186
1240435238771273731
1240760590659960832
1240626909987377153
1240497247051276288
1240726643322298371
1240570618443182081
1240621029791133698
1240788419867029505
1240626775828373504
1240487218390740993
1240660187066834950
1240581481602232320
1240469896070234114
1240503802865889280
1240441408445534208
1240716265121026048
1240435368626982912
1240700155021557760
1240737920010649606
1240553820285022211
1240643544613781505
1240788596107296768
1240430448683163649
1240593141629100033
1240693934633828356
1240565165344555010
1240765988762578945
1240742836242432001
1240464435023577090
1240705568936882176
1240604445458739201
1240536405626859522
1240470047132282882
1240609918740127744
1240694224271499264
1240665774370455552
1240776356935471106
1240447036815704064
1240597873009590274
1240693909551865861
1240492133959663616
1240586871333359621
1240614746493198336
1240497263928963072
1240765917312811011
1240749148523110402
1240603513895497728
1240575558938963969
1240705414397743104
1240491777569808385
1240469975804100614
1240554222673776641
1240672073980223491
1240765250397487104
1240677187012812800
1240458575606099973
1240430759162400772
1240520537987674112
1240485972917260288
1240525894487343104
1240637143875117064
1240586888035086337
1240492231238152193
1240452200293253125
1240603874995720192
1240788822708772864
1240699219658174464
1240519367890276353
1240447389388828673
1240699685142056960
1240766219436900352
1240771688536686594
1240531233685323776
1240558958156406784
1240464670059708416
1240710619764047874
1240429605766529024
1240592965338267649
1240737739798126593
1240625810920189952
1240671490816827394
1240609570512351234
1240781947808501768
1240625785590943744
1240542537703657472
1240452628145979397
1240737752670445568
1240770267158392833
1240632077055377409
1240614780039282688
1240732685389180937
1240580969716781063
1240621331483447297
1240608882906607618
1240603342121959424
1240430675095957505
1240782468426412034
1240559733645275136
1240687735658053638
1240592866759585792
1240553530349563904
1240452179368071168
1240475051066974208
1240787853770186752
1240615488759218177
1240716718231543809
1240441748121321472
1240565320655310850
1240441634816434176
1240491563861475328
1240676574619369473
1240587743253737479
1240475986292080640
1240694475887796224
1240776688646139906
1240531087102578688
1240743024751194122
1240716453885730821
1240503274224017409
1240731754903646210
1240593225385197569
1240788143067918336
1240559688300650496
1240470084499505153
1240575517134331905
1240699848732491776
1240429571784224768
1240508722809466880
1240700121123131394
1240447389451739139
1240615103021514752
1240486341961322496
1240487130390020097
1240654495790530561
1240682341552529408
1240699916025880576
1240486325196906496
1240765653373472768
1240565136039043074
1240721944288407555
1240531011538059268
1240782124036141056
1240604462030499841
1240593267407720448
1240760506887155712
1240638012314148864
1240497465444491264
1240453211108061184
1240508378931232768
1240626826197839876
1240609151237206016
1240771068027195393
1240486547276718081
1240565194977394688
1240648493628186624
1240587055698190336
1240699697586561025
1240699982665011200
1240464556532609024
1240754701953642498
1240771373989072896
1240653925247856640
1240609356393197573
1240531376685961216
1240458177155661826
1240570341736550400
1240508274027438080
1240576372977917952
1240447678661754883
1240441366380830720
1240677304113795072
1240632320358592517
1240464539948404743
1240447691454205953
1240582042162573312
1240435556749840388
1240754047616987136
1240615258252812291
1240737727777255436
1240463348707127297
1240725441054466051
1240519577911599104
1240672044695592960
1240558790367277056
1240464334427508738
1240771311460208641
1240660426406473733
1240711185881690116
1240553170054656000
1240492633551708160
1240700045999013888
1240766181604114432
1240537030075039745
1240677237323493377
1240519875665289216
1240609922955366401
1240542344358789120
1240771588083023872
1240771877397647360
1240559549657931777
1240464288113885186
1240453215482605570
1240509372536696832
1240548438690934784
1240452028268044289
1240699177597726720
1240531401675505665
1240497482020216833
1240704819003715584
1240497566170701824
1240553069164654592
1240722397428363265
1240748905177985024
1240721516431577090
1240771135089901570
1240694404651741184
1240637509014630400
1240430163562725377
1240637919766802439
1240441781772103680
1240442033396998144
1240497930718642176
1240430045862248450
1240575647233314816
1240536598413901824
1240503576188923906
1240519569023754240
1240480516253429760
1240682547345936386
1240508886185938944
1240770200028446721
1240671012993134592
1240564553173393409
1240481568705175560
1240604369600593922
1240687693547200515
1240497037566607361
1240458646732996608
1240654273635106818
1240721495657271301
1240530700895485954
1240463436687060993
1240526099861266434
1240782480870797312
1240699643362566144
1240782048945561600
1240570450603696128
1240536527022600192
1240788185187319809
1240570182046748678
1240587638538633216
1240631506843795457
1240671650338799619
1240565077457190914
1240559528237764609
1240693682799382533
1240441463051358210
1240788654986891265
1240788025485012992
1240430746709512192
1240598854505910272
1240782367456989185
1240586896209858560
1240598270960951297
1240648934013296642
1240677128141766658
1240637609535291393
1240721474589282307
1240597780332253186
1240480557709979648
1240722133011103748
1240638150382358528
1240699886393110528
1240509309798113282
1240603426104508416
1240508592186429442
1240559558109659136
1240687827886559232
1240716848536190976
1240770241879257089
1240441014348918790
1240508508786876417
1240464711780413441
1240782317062365187
1240620719161122818
1240430536805531649
1240452833092276227
1240632345574735874
1240782094667780099
1240503924475326465
1240515001825157126
1240782719690272768
1240776969479786496
1240571088070823937
1240446588083998721
1240458739200806912
1240570308161146880
1240542772232249344
1240615597752360961
1240731859648163841
1240536782342467586
1240788356629397505
1240609587360825344
1240715786991349761
1240699651650506752
1240458710146633729
1240705657394720768
1240694316336476161
1240514892911820800
1240643221513998336
1240676893105491968
1240441064089104384
1240457958833688576
1240429861161893890
1240581405752676352
1240760259104342022
1240649402856935425
1240654915292323841
1240760834034298880
1240536321535266816
1240737253388886017
1240642965246222336
1240643502318530560
1240671595808636929
1240615295619743744
1240643079024959488
1240592344883302402
1240711287719501825
1240497192772591617
1240626267805716480
1240648506379026438
1240648791700549632
1240446798143111173
1240592856290660353
1240788302313201666
1240542994337533952
1240748796138655744
1240441932565880832
1240776604353277959
1240487155534872586
1240620232353464322
1240665367237799936
1240564515747573760
1240654382406021121
1240486073316151296
1240542562353655809
1240565266121142272
1240558718678454272
1240598493703680001
1240788444659568649
1240670999923675136
1240603283342766080
1240642642331013120
1240732169028468742
1240788705029304321
1240592394837352449
1240620505197154304
1240710565296836608
1240508605268295680
1240519992837165058
1240537277782265856
1240497301463994370
1240737819670097921
1240700209291620352
1240642877413351425
1240554298280419328
1240699945109221381
1240666118060154882
1240737278550556672
1240464367885443072
1240486866408869888
1240770854230691840
1240782254600671232
1240777359558496256
1240737987031425026
1240676503039299584
1240571066998820864
1240765854247194627
1240654474902937601
1240693830132748288
1240446571591983109
1240547927170232320
1240759995064414210
1240576578175696896
1240582123284598786
1240722292377878529
1240430473899171840
1240770820919767040
1240721998847840256
1240592768298295297
1240470038647373830
1240514980417605632
1240497654104121344
1240553426066403328
1240492327371563008
1240592159767576577
1240553400925696000
1240458961633107968
1240548522711306240
1240598208130187264
1240688909907947520
1240642768696836096
1240486182695272448
1240716424697352192
1240581758267142144
1240486275095953408
1240770979971977216
1240570824081506304
1240463885582438405
1240648501999964160
1240765535668723714
1240531040462147584
1240453017859756032
1240564570210455555
1240643337998254080
1240660866673999873
1240430733925199876
1240598225003974656
1240541773811920896
1240609553932103680
1240541840916398081
1240553777683296257
1240666395051880448
1240637110543056896
1240575810508959744
1240497721452224512
1240683063111114752
1240782128092254214
1240480654673887233
1240682433927950337
1240480637573722112
1240525407608332288
1240558849280675844
1240486073475588097
1240536426128781312
1240693502561775618
1240726063359164417
1240429953549770753
1240677161733959681
1240637441674866689
1240759999296458752
1240677405179760641
1240435334715850752
1240670836651995136
1240608937474285568
1240452544196993024
1240682178075385863
1240559633091067904
1240470122885722112
1240732480442978306
1240519388635099136
1240575437572538368
1240598267164897280
1240498249615761410
1240620538302783495
1240716009033654272
1240677253836660738
1240509129812303872
1240475235549396992
1240430322732412929
1240715828942651392
1240469929578635264
1240610015150571520
1240721982087294977
1240710418525343744
1240531254518386690
1240609167368499205
1240677682032984066
1240447351556321280
1240581188051521536
1240765284337803266
1240765271461298177
1240514733549080578
1240771038436261893
1240760234152538112
1240536388300234753
1240469736611340293
1240632190293196801
1240682152678903809
1240497783934783488
1240653941941075973
1240770975307792384
1240683029619716098
1240576486031028224
1240787836967759872
1240665585316270085
1240603837179756545
1240638205092933632
1240559683708076032
1240710481234534401
1240716370226163718
1240526246401863680
1240716248448503809
1240771269412429834
1240548585801998336
1240771395270791168
1240705485738819585
1240648858473918464
1240704672047837190
1240765226057756672
1240710502386294786
1240604470133678080
1240475784940306432
1240688989977202692
1240722606996828163
1240749157083680771
1240722032532295681
1240536367265796096
1240587105941753856
1240721705091432448
1240699861160177665
1240632156696776705
1240446977571033088
1240502876109074433
1240564625122430977
1240727973520707589
1240748695559139328
1240581532001026049
1240749245323530242
1240525273776427008
1240446961653821442
1240721331987103752
1240716240160583680
1240737345919422465
1240732769547890689
1240603517833883649
1240649252692516865
1240430532510564355
1240531640612503553
1240722212539301889
1240626108577517569
1240759705611522050
1240677698529353730
1240598472748744704
1240575622226812928
1240704915443314689
1240497934954725376
1240513949138706432
1240459041245138947
1240771374345605122
1240781964778618883
1240515060268662785
1240520055533629441
1240547423484862464
1240626637357580289
1240447443843588096
1240575655449788417
1240654219167830017
1240547939778310144
1240666055191732224
1240626326786228225
1240731708531580928
1240530847624724480
1240682572365082625
1240743243291095040
1240486178199146497
1240642675650580480
1240666353020948481
1240743553317384197
1240671587633737728
1240776994662514689
1240542713746821122
1240665241786122240
1240559184522903552
1240626570013945860
1240727948598161408
1240547616879865858
1240687731514044416
1240453286697873413
1240469425767227394
1240565157144563712
1240592823050801163
1240610128237195265
1240430494862409729
1240722544111435776
1240525898648096775
1240481031750328320
1240480935352696838
1240788654978629633
1240609759323095042
1240452733087481857
1240782325819949056
1240765376419381248
1240700200286425090
1240541803083857922
1240565396291362817
1240513894348660736
1240609633544409089
1240655216921513984
1240508689116610561
1240441953566838785
1240754395500904448
1240537046713872385
1240642676380188673
1240564376840650752
1240777526986919936
1240525701297647616
1240665635715244033
1240447167103250433
1240760728866426880
1240665975466401794
1240604436663119872
1240513860693405701
1240530822559682565
1240440904969867270
1240637001268785153
1240470399349133312
1240782572923338755
1240469950826975233
1240458584045035522
1240654558637903872
1240683293936238592
1240470391270912004
1240642814721118209
1240480872748310530
1240781969006485504
1240598129071853568
1240452057821114369
1240436127829385217
1240542625247232000
1240699852465401856
1240782061377482752
1240547897722040322
1240441739778732033
1240632337249042436
1240776843483119616
1240542705450614784
1240693909728006144
1240463445197115392
1240771109940801536
1240569917625131010
1240677719546966018
1240671251795935232
1240452175089803270
1240721512404942848
1240446915486965761
1240553153235308544
1240737316643037184
1240559541386989570
1240442100694413312
1240631884209459200
1240716932103327745
1240682781992247296
1240508441833152518
1240469959156908033
1240770245687574528
1240526167293284352
1240603585219457024
1240721373992849408
1240486459326582784
1240671264106258434
1240475788903923712
1240660493590622209
1240782740800319488
1240565346068615169
1240497221809963008
1240554058810720256
1240609486731083776
1240693422895194112
1240508396023025665
1240743499093422080
1240648199913631745
1240571029271056384
1240548422047809536
1240536988056522752
1240498019260198912
1240492134102208513
1240470315299418112
1240542575150366720
1240782795313733633
1240765233507045381
1240509456904945664
1240711307675996166
1240710191718395904
1240486077762277376
1240665761548505090
1240470340612079616
1240722095270768641
1240754240299163651
1240755053809545216
1240671906002501635
1240587055979257856
1240475332022419456
1240771713937199104
1240748796218310656
1240441328745537536
1240677275093229569
1240452061931634688
1240491517745270784
1240581607112593408
1240727331620171777
1240520572200800257
1240435863332388864
1240586674028990465
1240503660225933312
1240603899729502212
1240671990219931648
1240458097732263936
1240781855676301312
1240732732260483072
1240655070397685761
1240716164705079296
1240598648624300035
1240536334139142144
1240776449390514177
1240463545558544384
1240436312450064384
1240648678328713223
1240760267925008385
1240666374030196738
1240626440271548419
1240666231398514692
1240726683457662976
1240722607135232001
1240765770575028226
1240513764610342913
1240682312192479233
1240727048248852480
1240642721976594432
1240463889642512385
1240648422597840897
1240677266574569474
1240754404132716544
1240677245527535617
1240570286640070656
1240711450374680584
1240513824681127936
1240631435620466688
1240458688906825733
1240721751526555651
1240631838139277312
1240737941296726017
1240553723778211840
1240682966545846273
1240765757992157185
1240677321046024197
1240743779759460361
1240502859193438213
1240660841390903296
1240665459655147525
1240787975115608064
1240732153064894465
1240503253898391552
1240604017467830273
1240716563231076352
1240770194655424513
1240648753578729472
1240530705005887488
1240447527813394432
1240597683745591298
1240548372035112960
1240637894592692229
1240503551291535366
1240576393542619136
1240643573831303170
1240643070334394369
1240698967832186881
1240520290938966016
1240699232312365061
1240429593124728835
1240475436548677633
1240771667909128194
1240597805837631490
1240625936770498561
1240531388841037824
1240688880392650752
1240587625842511879
1240430473882619917
1240429634749169668
1240704626044710913
1240570974484996097
1240625806927429632
1240513827084677125
1240649462038626304
1240486178580770817
1240587764690604033
1240593338459291648
1240765988590825474
1240705032619622400
1240688377327837184
1240498001824681984
1240598094783213573
1240508483373580289
1240615723501830152
1240452821004062720
1240543115196448769
1240743276531068929
1240682253262491650
1240642957226790914
1240582165324345345
1240447263614349313
1240440863001432064
1240480528479944709
1240586678361903104
1240430226200506368
1240665249960861697
1240570504752386049
1240430897742204928
1240547612190785536
1240531212789301249
1240677291925090305
1240638071009206272
1240564700464676865
1240531498081456130
1240732299978817536
1240453219597160448
1240429769205993472
1240564762775130112
1240782350860107776
1240503903365586945
1240699320329895936
1240760338011873282
1240665258638770177
1240782958627299329
1240654336264470530
1240648714395451395
