1237223580498182144
1237183910917763072
1237524366386069504
1237464308663140354
1237234539883356161
1237400312190775297
1237366455743565824
1237166348851011584
1237371551068106753
1237411535611461632
1237500890711568384
1237435598404825088
1237523758736261120
1237343122386018305
1237195210708451333
1237337208337518592
1237212080991866880
1237314571980898304
1237506540996788224
1237394892441014272
1237211883121389568
1237314849274843136
1237308620565610496
1237269244976529408
1237308713477816321
1237189761376432129
1237464434609655811
1237500521931583495
1237518158744911872
1237200449507295233
1237406196086312961
1237320318290550784
1237228899500621824
1237257752256237569
1237481966146125826
1237411707363844096
1237447317340504065
1237371123790209025
1237320151164469248
1237251969254735872
1237417256650448898
1237459421615267840
1237178374331617281
1237268552840663042
1237371236918927361
1237430334490370051
1237366189602615296
1237394083003297798
1237505181622796288
1237442008043552768
1237200847718711296
1237389146131329029
1237195554750267392
1237447095197433858
1237500693793181708
1237279599895117825
1237407052315725825
1237436067965308929
1237382629512617984
1237280492694704129
1237512114509475841
1237296981258539008
1237240333643026437
1237470071599108096
1237348856792264704
1237302874201358336
1237263191945752578
1237517307724754944
1237365767395573763
1237417839755177993
1237302665786384385
1237201154238484480
1237212851712020485
1237516930304454656
1237337010903240704
1237246298413244422
1237235589189120001
1237434847540531206
1237482931465093123
1237476291563134977
1237309115539443718
1237394226658152449
1237377691487285251
1237331974127341568
1237453138707300352
1237189598264152064
1237200210113134593
1237447460341112833
1237511854814973952
1237395011177594881
1237411959500201984
1237228731099303936
1237291632606789632
1237465088644145152
1237440656756183040
1237171759763390464
1237257509129162752
1237309556662796294
1237405743503958017
1237441734474371078
1237505604941316101
1237406615633969152
1237188776964784138
1237325481973821440
1237518247076954112
1237285589365526529
1237320683547504641
1237240626028126208
1237388630093467648
1237189582019420161
1237166344774144000
1237500446253756416
1237303641859596295
1237229361406894080
1237383358369263616
1237371006043512832
1237246729742843904
1237430364345417728
1237452748657963015
1237325637490278400
1237223145125203969
1237412860763889664
1237423355642499073
1237471103443857408
1237342787034656770
1237172754660679680
1237441122156392448
1237360729939992580
1237297446885228545
1237218262750035969
1237400441870266368
1237488869827895296
1237500090496974852
1237257973698879488
1237423065832751104
1237268371525251072
1237320187856089088
1237331298718486529
1237511251351105538
1237241311356313602
1237423812649652225
1237177937868271616
1237458524717961216
1237337695367692288
1237331161229283328
1237315105391620096
1237269004999262208
1237512110441185280
1237493496245862405
1237401204780654593
1237309173936852992
1237217691322081281
1237523544373751808
1237458247746875393
1237429311319224320
1237493332315643906
1237428874604154880
1237435376152629248
1237200667846029313
1237506763252998144
1237406146069016583
1237523510945132545
1237217549730959362
1237511939116261376
1237325719874629639
1237458801554599939
1237257995844755456
1237200617006747648
1237348911184056320
1237360810244165632
1237464966917046272
1237183999300128769
1237217721080614922
1237517089193091072
1237424252627955713
1237285681724096513
1237302890211016704
1237354556192968705
1237446817899577347
1237189518287044610
1237235481705734145
1237499259726987264
1237365306542231559
1237500094510858240
1237218165777711104
1237523406695751681
1237229775615377409
1237273891661205504
1237465260434522115
1237418527184871426
1237435354673807360
1237388399478280192
1237177577741017088
1237279864224272384
1237274843361374208
1237171990852599808
1237280900959866880
1237482478031568900
1237251448099893248
1237206757228806146
1237308659392282629
1237291923980746754
1237234562117316608
1237458839403888643
1237441730749894657
1237377662202654722
1237395115011760129
1237523120761655298
1237371962386722817
1237298017088057345
1237453214724820993
1237481656455479305
1237337158605623297
1237465336116625410
1237424400158191617
1237331958025408512
1237524463559659520
1237517492198637569
1237469773472112646
1237412698029273092
1237246234567507968
1237511577886171138
1237285819498369024
1237505370739724288
1237240164801318912
1237411854420492299
1237423502002708482
1237382444715655169
1237447208145833984
1237469970277285888
1237177883837120512
1237417734973030405
1237360650050994181
1237435602200649729
1237207151451521024
1237263145166680065
1237482997890211840
1237297140541636608
1237200407295856640
1237303247276134400
1237372130276204546
1237523683121328128
1237523233768792065
1237500127662747650
1237436072352600064
1237377582288404480
1237262797601300480
1237296896697196548
1237235307952644096
1237355021815238656
1237388655364157440
1237274852060512256
1237274629955153920
1237423460219002884
1237240635419066374
1237458750975422464
1237377913747640320
1237463876159115264
1237201258273964033
1237303063100026882
1237464433967808512
1237218337349865472
1237411719523287045
1237349422134067200
1237453709535334401
1237292325962944517
1237343592370155520
1237200310990327808
1237286214434201600
1237487909399232512
1237275271666909184
1237441084407586820
1237452799178350592
1237195618302324736
1237476278510510082
1237280686874091520
1237286252107444224
1237511586652327936
1237330912981012481
1237172397003821056
1237360406697574400
1237194837083987969
1237441973524594688
1237285518058061825
1237494750334398470
1237417764324868099
1237229847493165056
1237241159350652928
1237285993100664832
1237246834059304960
1237470822446575622
1237441189948710912
1237418217406181376
1237183562622869510
1237506565575507969
1237488207828332548
1237493664806506496
1237177204259389440
1237470352130871297
1237488366934994945
1237189455582298118
1237331638721404929
1237166328097542144
1237494511594401792
1237183941263724546
1237423846229258241
1237471124331663366
1237488278733021185
1237494360255664128
1237331354364198913
1237166329116766208
1237337187881975808
1237441059325607936
1237517055886110720
1237178534650687494
1237172737132675072
1237320431847247872
1237494176360681475
1237499217259757570
1237470906483642368
1237464438346678272
1237494402248888320
1237512114866016256
1237388621524566023
1237280351275401216
1237252195118088192
1237200671314608129
1237476752751984647
1237218422728953858
1237458532829724672
1237488820175552512
1237406607694278656
1237399930446254080
1237263141135953921
1237240529529823232
1237211933507325952
1237482158710755328
1237320485454729216
1237365159720620032
1237465226917883906
1237399976143138818
1237441097300955137
1237274604072140801
1237235522180993024
1237241113498419201
1237183201711468545
1237224033395097600
1237206162426097665
1237481718925471751
1237511833814065152
1237383345723629568
1237268259528822785
1237436227781120000
1237389050165653504
1237177590160359424
1237234594404913153
1237371727774187526
1237348495931011072
1237376823819776000
1237499229636931584
1237394565226614784
1237412336433893377
1237406163064537094
1237190051273920512
1237523623906136066
1237360608892370944
1237195571527585793
1237229003385135105
1237464048289136641
1237292439372566528
1237303599723659267
1237285917179535360
1237338114663895040
1237470662790348801
1237417747321102336
1237308436636934144
1237291046360485888
1237251821824954368
1237371275192029184
1237348659064438784
1237447015124078594
1237183964839731200
1237494196757561345
1237383496513081344
1237314106333560834
1237388789649035267
1237212986315608064
1237355218196672513
1237452874789117953
1237406049088528384
1237436311172251649
1237195750968373248
1237511276248489987
1237200461758857217
1237235077911740416
1237412898479079424
1237354149299265545
1237493432614035456
1237308440231448576
1237343797610233856
1237200427831222273
1237389222157287434
1237200587323838464
1237418015811141632
1237458209797033985
1237400126978699264
1237447619531739136
1237200235597828096
1237251326016245761
1237475859105226753
1237488471549390849
1237458893917257734
1237499716499386368
1237424109799251968
1237370834764906497
1237326555409457152
1237268699893182464
1237406431059390466
1237343252883308544
1237177720125063168
1237464548103184384
1237499443932512258
1237279888798814210
1237505383037464578
1237517530383572992
1237223082458152966
1237523775572168704
1237400051959435265
1237475855376494595
1237235446998073345
1237366064864002051
1237371069339537410
1237234582077882368
1237235438449872897
1237360322110820352
1237319710162792448
1237183047096766465
1237337493801848832
1237338122955915268
1237274419417853952
1237518012200022017
1237217407388864512
1237518268350390272
1237331542222856193
1237389495059861504
1237309363137716224
1237228852469886977
1237229676176633856
1237494243175718912
1237286068812222464
1237524358668488705
1237269576913747969
1237382595123580929
1237189309364449281
1237429991173914625
1237240537855508480
1237464330100244480
1237291696829784064
1237429549857726464
1237171742709288962
1237303340549079040
1237217662834364416
1237494302533734400
1237262652352708608
1237177334043750400
1237326466536181761
1237435543765598209
1237292192407924736
1237223274813239297
1237349107297107969
1237441880998252544
1237512370768900096
1237212437255835648
1237303381959618565
1237240424453922816
1237342447157628928
1237303578580201472
1237371018089508870
1237458541016989701
1237435112507179008
1237189460003037185
1237517018154143745
1237428849538928645
1237360767739006976
1237417256847540224
1237349011360821248
1237246989244530689
1237331248533602304
1237189028191121408
1237319617292328960
1237464296239452161
1237511850595622913
1237172532211523589
1237377620423127040
1237195131348025344
1237517102283509761
1237512589254381568
1237178097276874752
1237423426463322112
1237348222256984066
1237524073527283713
1237303252112166913
1237325427145764864
1237488555351474176
1237394170840354820
1237417269069778944
1237517106469457920
1237315041340190721
1237400437197848576
1237195436647051265
1237494511468793856
1237372172399599616
1237447107449171974
1237518309894926336
1237487712933793792
1237240818760421376
1237257667766337537
1237308816972267520
1237337582104649728
1237511410135023619
1237476841503498241
1237452430029344769
1237359946422984704
1237285949844799488
1237406540044414977
1237251985482510336
1237435300919590912
1237423731988779008
1237517823154454528
1237517961587380227
1237353989240430593
1237314778542100480
1237377993582018562
1237223467411337218
1237200453261307904
1237286283090759680
1237523003509882880
1237470096383188994
1237429197540392960
1237184208973352960
1237172212534251521
1237171789928824832
1237488673358217216
1237178517290450944
1237337875240218626
1237406938201231360
1237211825105592320
1237331341215010816
1237303356235730944
1237338081990266881
1237240471757389824
1237189660981506048
1237251741923659776
1237325544661884928
1237205990262464513
1237487485632090113
1237418103945998336
1237441097594474497
1237234993069424640
1237482075072212992
1237263104557191169
1237523166701867008
1237406573707829250
1237309047994372096
1237423643896025095
1237412227386408960
1237172267110387712
1237517337173114881
1237257106870452230
1237482112888057856
1237400798838943744
1237229483142209536
1237200155922874369
1237240660878491648
1237511091866877952
1237172668018749443
1237183986830630918
1237429914682494977
1237342556448600064
1237435094605889536
1237383840194162691
1237411489905930240
1237493719248633856
1237435388332916736
1237280326206009344
1237418590418149377
1237280410285080577
1237506012627841029
1237465176556929026
1237234704778252288
1237257315360751616
1237447720589299713
1237464665317355521
1237274398870159360
1237309015232831488
1237411993214054400
1237376819059396608
1237349472855707648
1237453261126467584
1237411828868808704
1237365838644047872
1237263783044755456
1237212177578094592
1237360046520008708
1237273912645308416
1237194732092219392
1237487611821858823
1237506364584443905
1237511817305288705
1237423879447932928
1237383576699547648
1237348780237819904
1237309174024978432
1237459384579563521
1237297678360481792
1237505672289247232
1237296969061670913
1237268958727856128
1237194723514888194
1237183168890851330
1237524509042683904
1237263753176993794
1237166496444448768
1237337590619156480
1237331262483939334
1237223840448761857
1237314043389464576
1237330955230048256
1237240655853821952
1237240480636661760
1237423904798519297
1237388248885780484
1237280628707598337
1237518075420905473
1237257558638964736
1237365821569028097
1237506398436630529
1237217507141976064
1237475850741616640
1237411455558766592
1237499280564379648
1237423493408378881
1237499360553906177
1237452929033998336
1237228782827655168
1237184146625032192
1237524106251087873
1237245681615552513
1237506561536225281
1237505945086750720
1237330985072701441
1237382871985221632
1237201019756404736
1237263263722766337
1237206110945378304
1237166618058383360
1237441734272880640
1237348739041439745
1237292324847325186
1237355223569629185
1237298073279139840
1237500492961517569
1237246418588504064
1237505861074878464
1237483023173550083
1237429046629339142
1237326391047344129
1237401079920427011
1237234792833286145
1237511540007411712
1237360025208840194
1237286651316953088
1237417579418980352
1237499762544345095
1237246699443281920
1237360293904371713
1237470603814281219
1237429387533996032
1237291931622834180
1237309329591750657
1237376856950743040
1237275162409607169
1237523322637651968
1237453059720085504
1237303549593337856
1237217864030904320
1237506746039414786
1237229729327067136
1237337006725681152
1237269353810350081
1237418258782982144
1237360415732047873
1237280850309496834
1237200814470344704
1237268455432294400
1237309078294220800
1237343223032446977
1237172431715995648
1237494180412358660
1237240929511247872
1237308477371854849
1237371165695455234
1237332117178236929
1237476510182727680
1237395039606599682
1237512471121928192
1237292216290168832
1237314040252301313
1237319748406435840
1237182975382519808
1237224054886563841
1237366502136975361
1237475833792491520
1237518368816508928
1237406888343547910
1237482910090919943
1237297522848268288
1237372259947417600
1237366035621216256
1237360760327671809
1237499263988441088
1237446721573191680
1237257768022638594
1237406116457467909
1237412630077353985
1237499297001660417
1237465080406708230
1237326512900186112
1237343055910494208
1237360662998908928
1237395146888499202
1237470826657710082
1237430196204195847
1237366098695278594
1237245894589743105
1237500634955472897
1237388361649668100
1237436181123600384
1237297803853844480
1237406955871797249
1237331932142276609
1237512391996387328
1237218233482014721
1237207151719956482
1237518566166949889
1237314614540500992
1237246419720863744
1237423522596687874
1237291481804595200
1237494402148454410
1237464282733953024
1237212847593213955
1237252614032510976
1237394213504835585
1237268929032024066
1237229877222408199
1237429629842931717
1237297459107430400
1237365994307239936
1237412022536437760
1237470184383950848
1237511158682116096
1237411829086814209
1237258159648960512
1237280368555970560
1237354082240733184
1237280082227412992
1237303037116497920
1237412898684665856
1237326516662317058
1237459581237956608
1237406708412055558
1237411800309813248
1237482642192375809
1237505618354855941
1237382942953025537
1237309400550977536
1237482804889468933
1237246747077836806
1237183307487399937
1237377868432375809
1237506758857428998
1237172569545023488
1237183520847659011
1237201295817224193
1237201107140648961
1237331738822692867
1237285828101050368
1237302745306202117
1237171944035778560
1237235224255385600
1237412349205716992
1237453608737820672
1237394229808095232
1237217800718082048
1237297655937712128
1237234998505283584
1237359891460825088
1237235156550893568
1237429990427426819
1237476970704834561
1237205889494462466
1237234632988545026
1237309409711120384
1237217330716905477
1237488496886992897
1237458772030865408
1237268490400260096
1237493953307578369
1237418577562656772
1237395148276789248
1237285283705454592
1237337426558935040
1237406968479875072
1237517417024294912
1237308234865602560
1237488014982430720
1237228681652621317
1237429503770664963
1237523120384135168
1237423464325283842
1237195534265393153
1237274957635256320
1237464471649615873
1237482717656186880
1237331919982845952
1237517706577862657
1237452438216544270
1237303814287310848
1237360142875791360
1237412852559949824
1237524270734950401
1237494741991862275
1237263233087614977
1237360667637829633
1237493643176534023
1237405688344662016
1237499208523014144
1237234443401580544
1237326324815015937
1237401271801430018
1237241059622576128
1237252034849628161
1237494738217062401
1237166802079297536
1237342832622325761
1237453680502345731
1237465134416699392
1237315154167115776
1237518213715382273
1237228878827061250
1237291440084041728
1237263472636735493
1237251656745652225
1237470704586670081
1237470540744491009
1237171961484267520
1237517333016408064
1237458994064736258
1237500291194511366
1237206316688396288
1237453156134662144
1237343206003671041
1237458196798865409
1237470247839510529
1237303692484923393
1237499821994508289
1237499582025732099
1237212788860346368
1237393949246906373
1237319903725707264
1237446512336044033
1237188964689293313
1237423552631992325
1237229092262400003
1237493698188972035
1237366543001976832
1237399938717360129
1237286403521884160
1237372209888235520
1237269526775021568
1237320469499396097
1237195029623590920
1237412236739698688
1237268586516713473
1237406736811577344
1237417185556881409
1237212964819742720
1237240497594392576
1237429491976339460
1237223055996452864
1237353977630437377
1237235043140956161
1237435115757654017
1237355025552343046
1237435975841841153
1237518126033625088
1237275246027132929
1237370897494753284
1237494327196225536
1237440597402750981
1237343189872381952
1237512232298106880
1237206887445041152
1237172313147277312
1237228798388699136
1237517458728050688
1237212410865483776
1237435816386809856
1237212247769747456
1237442099383021570
1237412160088813571
1237412072817741825
1237524462867603456
1237447635600105474
1237389323084808193
1237212206347046913
1237517672192954369
1237201058633375746
1237401180419964928
1237475905552842752
1237348247904980992
1237499275996729345
1237189958449889280
1237377641809920001
1237524538767716354
1237354027572244485
1237228681296134144
1237291022654160896
1237235274305933313
1237365633081167879
1237331806547894272
1237178005421686790
1237268602711158784
1237441651536257024
1237337522847408128
1237388449792978944
1237406800162500609
1237383496676630532
1237189065218416647
1237200847198543873
1237303330138992640
1237240407949484032
1237447224973557760
1237371404498153472
1237205872603873280
1237354631576997888
1237303850639515648
1237488610506653698
1237354182379700224
1237269508357840896
1237212537730580480
1237429721895297025
1237195432213786624
1237388349616209921
1237383827837931520
1237365444610310144
1237172732648972289
1237506787965898753
1237400513190248448
1237388450837430272
1237183391453327360
1237494360754831360
1237400013422170112
1237177623702196224
1237511632869359616
1237228915673821184
1237229826500636672
1237512274723528705
1237292262012272640
1237429797422125057
1237429554874068997
1237274164647661568
1237400034389311488
1237285590422487040
1237382524088864768
1237230010194366464
1237500374971346944
1237314814919102465
1237511268094771201
1237314592713277440
1237481781718384641
1237475968341680129
1237183017065615361
1237257747978125312
1237229822255955974
1237406322422886400
1237424026538184706
1237394821360177158
1237412399826841600
1237511867615940608
1237360700827357184
1237517940821385216
1237470771771060228
1237302525847576578
1237274646212460545
1237505236375195648
1237325929761910784
1237446755458965506
1237452773991632896
1237246339693662208
1237178282593980416
1237325720587776001
1237320872978976770
1237178189450887168
1237464866128003072
1237354866294558724
1237200905939955712
1237476798969118721
1237263460959805441
1237320640568463360
1237201166498496512
1237263397730697217
1237377851453775872
1237308771086372864
1237183495169921024
1237218379532034048
1237429097598341122
1237506469316067328
1237314266098696193
1237257358583238656
1237430368258662401
1237195420444643329
1237423288088920064
1237506628552802305
1237201049116643328
1237406397844897792
1237378014721212417
1237453697246003202
1237211686228107271
1237315163893702656
1237218665524649984
1237354313019686912
1237435816684605441
1237469907538841600
1237506398130405378
1237475708269551616
1237172431279853575
1237499418909302788
1237418515327602689
1237171911240626177
1237268489921900544
1237463885009084419
1237446902662279174
1237251582795730945
1237406729052266499
1237268862799732737
1237241096188674049
1237511687176982528
1237263004036526080
1237348209707679744
1237446894181285888
1237511125056417793
1237195663471005697
1237383283324960768
1237200856132521985
1237171545803497478
1237240753283141633
1237268283251773442
1237205879629340673
1237177418152128513
1237308213982347265
1237212935698542594
1237331854891442176
1237423250642173953
1237371891582566401
1237423263036440577
1237336935787528192
1237171713743282176
1237218095346958336
1237212944225767425
1237212515731472384
1237366056592773121
1237483010724896769
1237234686759276545
1237436080464396288
1237252638661423104
1237511582071975936
1237453713368743936
1237303701888315393
1237394691911368706
1237308482585591808
1237524445813596160
1237200717397602310
1237441923612205056
1237319580831428609
1237354098657243136
1237337653198172161
1237523091070189568
1237291134663176193
1237382511157706752
1237434978138537990
1237224114533916674
1237500047941566464
1237523649298489346
1237452661118697475
1237177216108281862
1237428815795814402
1237195072610938880
1237224013295792129
