1238053423120936961
1238234235393245184
1237926520494096389
1237932363184832512
1237926369037897728
1238178673813008389
1238184155655147521
1238245665022541827
1238035681575870467
1237966232525000705
1238052391276208129
1237978244890030080
1238184772221968385
1238122113493618688
1238133978856554496
1237914226900992000
1237949383662088195
1237919528635547650
1238053259803271170
1238116291589722113
1238046620752764928
1238001657826459648
1238065255277789187
1238156641016655872
1237949937498767362
1238210566591832064
1238001875561086976
1237931629261307904
1238110599915212802
1237955276935794688
1238168192276627456
1238052617957396480
1238024599905824768
1238006615745245184
1238156577833656320
1238229055507439617
1238082540294021121
1238099740866338816
1237961652168949762
1237943964831035392
1238246000667525120
1238145412659281922
1238146037610676232
1237920690323492866
1238196797027291136
1238098763408904192
1238157408456802304
1238162097885732865
1238036072036253697
1238088542519255046
1238216938066792453
1237995089210859521
1238223892197576705
1237949236932739073
1237972968803729410
1237926528668905472
1237943431923552257
1238046519762341889
1238241097249406982
1237938461664923648
1238082561106116612
1238123258408579072
1237944308596183040
1238076697708236801
1238197602417598464
1237954576201838592
1237925379425345537
1237920598480863239
1238235481302872071
1237954995921666048
1238047341866823680
1237932115616043008
1238069936569925632
1238071308153307136
1238150576208146432
1237989678709501953
1237989917277519874
1238094225671159808
1238173627608154114
1238216967435288581
1238076626103160833
1237960767468691457
1238105533376278529
1237926415363801088
1238217227364716545
1237937547256496128
1237943696257155072
1238029763974803456
1238012458171858948
1238082497952354304
1237913908062666753
1238128287148199936
1238001238546890753
1238035735879409664
1238007110220288001
1238088294648463360
1238173162430496774
1238007009187729408
1237932258411057157
1238002118427992064
1237978265794621441
1237920094795284481
1238059509609910273
1238235275576385538
1237932631590830080
1238223480946032641
1238012650996588544
1238156326192263168
1238036323472211968
1238023627787784192
1238007256676892673
1238030245871194112
1238059601683263489
1237989490117001217
1238012763794014208
1238000873646641152
1238241067960602625
1238046653560446978
1237896946850775041
1237989170796064768
1238077154635796481
1238173069526495232
1238156745735880704
1237926046277808128
1237907834941116416
1238184507649466368
1238070741658226695
1238052962016124928
1238134343765196801
1237942861896617984
1238052710177521666
1238116765575581697
1237972801002315777
1238139339261054978
1237920942082441219
1238013124135002112
1237919834119254017
1237960364404416512
1238248353600856064
1238087619088547841
1238105860305555457
1237995961923907584
1237931813592395777
1238064202616635393
1237914826845847552
1238157701819125761
1237913820242247685
1238094099846008832
1237955507467370497
1238222839683207170
1238223036693852162
1237972293596385281
1238151200928923648
1238110872402366470
1237902570875760640
1238195949962436608
1237949660343435264
1238047614026706944
1238035027272839169
1237978257431150592
1238122398508957696
1238041113820196864
1238030698738409472
1238070011585069056
1238223095468605440
1238047886715297793
1237995026875133952
1238047165169258496
1238151289005105153
1238082225649995778
1237932312777707520
1238076584411697154
1237966907283775489
1237937086050828289
1238162311661129729
1238223581793988613
1238121836384321536
1238211279988326401
1237984347300532226
1238076676459974659
1237937253915254784
1238007747498647552
1238070280314109953
1237961216108236800
1237902101306580992
1237954664223502338
1238184432273633280
1237949891441131526
1238144859011194882
1237932073773674498
1238024592200880128
1238094280083812352
1238110444700815360
1238081650971611136
1238070116635598848
1238145136002920450
1237973333078986752
1238122197115375617
1238006976287633408
1238162668244123648
1238139905710022656
1238019248330543105
1238212685428334593
1237967494943391745
1237932602000056320
1237972582227460096
1238223288746168321
1238248609231011840
1238162693309321216
1238234734540488712
1238059622482624512
1238012412068069378
1238195073185206273
1238247657379946498
1238093617383817216
1238133236435468288
1238140400864395265
1237920199820664834
1238150512824012801
1238240245772161026
1238239872713773056
1238196709035048961
1238030334115155969
1237989132862881792
1238025002835943424
1238184410849083395
1237984435342999552
1237960234423005184
1237937987553558528
1238018581771751426
1238042187209859073
1238156888346419200
1237972536182308864
1238157278244679681
1238041171844349953
1238018976212496384
1238173183305490432
1238173955023929346
1238110792635072512
1238184638058725376
1238064764498173954
1238140153270398976
1238245950000435200
1237995739344711680
1238023661291884544
1238064672391098368
1237926264876351489
1238196721735385091
1238173363429916678
1238058620509736962
1238235623963516929
1238070653846269953
1237944316724678656
1238150597024464902
1238193663869501440
1237914398766891010
1237902667445342208
1237973061086973953
1238122989905944576
1237966706502500353
1237896044442038278
1238211645043810304
1238104857908842496
1238202786803638273
1237919494800015360
1238047194889912320
1238240753295351808
1238116665239486464
1238013137254637568
1238081600283389952
1238081730830987265
1238134629095309312
1238173640673447941
1238240224737705990
1238024466023583749
1238145257595781120
1238064165199048705
1237901799215919105
1238047685468467200
1237931620503408641
1237914382262099968
1238162852663476224
1238234868661858305
1237978769035591680
1237949597605072897
1238193563504164864
1238082611404136448
1237983609652469761
1238099954855534593
1238122708896043008
1237919935298449410
1237920568642592776
1237960679157633025
1237914730477600769
1237955465348354048
1237972827162148864
1237983391150030848
1238099333914001409
1238150634571997187
1238053545053691904
1238052576408621056
1238110726016962560
1238240354840776711
1238196042178408450
1238012134811815938
1238052383629799424
1237902931648819200
1238013368046194690
1237907713142575109
1238211829421260802
1238099480760778758
1237931494967918592
1238150966119141379
1238110549575000064
1238167814546038785
1238099036395180034
1238162760304939010
1238111598448914433
1238053565719023616
1238150999665074176
1237926801462173703
1238248227641720833
1238099636226752518
1238053507137253377
1238144829714022402
1237978525933723648
1238209749398638592
1237977942543732738
1238211397470863360
1238253282314915840
1238197531122831361
1238047907913187329
1237943201337683969
1237978869468200960
1238052257591185409
1238184562670305284
1237896783172272130
1238040869682302978
1238210508441948160
1238083102142009346
1238117214374551552
1238184478289416193
1238199246672756738
1238173866968731648
1238222843625771009
1238077074268663808
1237926298040877058
1238111468366827522
1238145073189023744
1237926574651052039
1238139255488208896
1238151120960270341
1237943465675075584
1237902302855352320
1238167533464649729
1238121828574527489
1238082007655161856
1238064442027511809
1238117017200340992
1238133316592828416
1238173640387997696
1238006866971590658
1237926868461879300
1238134335611469824
1238093374038605825
1238211376570601479
1238195966756315136
1238076508922576897
1238139418998947843
1237966476029521920
1238156955572752387
1238098965066809346
1238001715745394688
1237966815621308417
1238023887222439936
1237948767023726592
1238001972764192768
1238127737992368128
1238168452168404992
1238001418071445504
1238156515011420161
1238059450696716288
1237931675033776129
1238070112277508097
1238105696895406082
1237925492914671616
1238007575750344704
1238087653305835520
1238123283507286016
1237903007339216896
1238001108217475073
1238041913984536576
1237944111241535493
1238116157057613825
1238077028731158528
1237961249872216065
1238167844057165824
1238046805033488384
1237902739247489024
1237948729404973056
1238218083455680512
1238167902563586051
1237908447535992833
1238040840632754178
1238000982509760512
1238035983192506369
1238207052331151360
1238240308724367365
1238122776189263873
1237984246637060098
1238178669463515137
1238168167131701248
1238145773193383936
1238024990143836160
1237971890725171200
1237897076823838726
1237920119688396807
1238234726428786690
1238150689509031938
1238110822255284225
1238156959532158978
1238197585606819847
1238087833681825792
1238065402607001600
1238099384484724736
1238223309101293570
1238075789213663234
1238247825252679684
1238023975831126016
1237942937125679107
1238002089697128449
1238024453331828738
1238064483739844610
1238000735209558016
1238024135365672960
1238184545746325506
1238162798124740609
1237984133772709889
1238099485089202176
1238099837335322626
1237896841879945225
1238229374526271488
1237972490158145536
1237901665036091394
1238208276959039494
1238053457183100928
1238064756004716544
1238212513407348736
1238041419224420352
1238075934428631047
1237984192258093056
1238052341728686080
1237914218495643648
1237983651062636544
1238133240914939904
1238128081656832000
1237914923096854529
1238105810225504259
1238093932023685124
1237961593205358593
1238047220466843654
1238052366794047488
1237994892053426176
1238018757940981761
1238087812475432966
1238001749845258241
1238024655006547969
1238206196877672448
1237896627932758016
1238228858224152576
1238070917579845632
1238041624753704962
1237914121900888065
1238173430467493888
1238223934358802432
1238076823545626625
1238168531952336900
1237902461937090560
1237914214598971393
1238030224601710593
1237926595874209792
1237978076790657024
1238082409989419008
1238047870407729154
1238116530912722947
1238167793373196288
1237943456821059584
1237920862273232900
1238024361786986497
1237961514075787265
1238076982610604032
1238229567208222720
1237902747640328192
1237983437455126528
1238081801798680577
1237983722357522432
1238151074998964224
1238046968166985728
1238110877083107332
1238059492857659392
1238012634361991168
1238047530505703424
1238064177442250754
1238162190064123904
1238247543898886146
1238017892937072640
1237995831690575872
1237891095368994816
1238228866688331777
1237907864372555776
1238223925949214722
1238053687819452416
1238093894048505856
1238030622871805952
1238168187801305088
1237919839165046785
1238042048147738630
1237989181357350912
1238098847756402689
1238018800013864963
1237989225519292417
1238145303758409731
1238248395460030471
1238024247722868741
1238064638497079296
1238162718345121792
1238150668071862272
1237932757482864646
1238030291471675392
1237920799333416960
1238179583821639680
1238217185635565570
1238184432537870336
1238207656021630976
1237913698544390144
1238047664563838979
1237932711383371776
1238007412407373827
1238150475502911489
1237955776154501120
1238189784465428480
1237995898128363520
1238013321774759936
1238167961254285312
1238246000445317122
1238184331509710848
1238122780257857536
1237913748481990657
1237983483609239552
1238076685217660928
1238253315244339200
1238023724034637826
1238000894727180290
1237978450473955329
1238122562066014212
1237966139734384640
1238023971414650880
1238082380818051072
1237908602830151680
1238023602018148354
1237937643981164544
1238105587814223872
1237967138263990272
1238240325472325633
1238139763313364997
1238241038881320960
1238006900744126465
1238223934161588225
1238071346011217921
1238140161210318848
1238240715752321026
1238234881483735041
1238024814406877184
1238082217185890304
1238023648159477761
1238133282685976576
1238093894199455745
1237960372935512064
1238111250275610625
1238133547195600899
1237984070866325504
1238093122317348866
1238081982187307010
1237943000174448642
1237919591482957824
1237907528807317504
1237960213522767872
1238151708427063296
1238122306553044992
1237961228372316160
1238071056142909442
1237896052952297472
1237990026627223557
1238134155470225409
1237943293335519233
1238093063937024001
1238024047214149632
1238133387480772608
1238117260574720002
1237996087627014144
1238076273597075457
1238076739315785729
1238240573074571268
1238128618720690179
1238228807716388865
1237961387801866241
1238030363278151680
1238193630445256706
1238002022231584768
1238064043644116995
1238205349607264256
1238012734895050753
1237949837011632130
1238179198008807425
1238007198648852480
1238082602927562755
1238199192058765314
1237972427373604865
1238058876202876929
1237972994137264128
1237978458447372292
1237994863217512448
1238134045898420225
1238139825401876482
1238099258512990209
1238076193854885888
1237989926509129735
1238224051975454721
1237897231698505729
1237926511975567365
1238081793393397761
1238110730328723456
1238217609281261568
1238173430576447488
1238167604830732288
1238190643962351616
1238035308870021122
1238162118781919232
1238104615746506754
1238235527373037575
1238065444826775552
1238053511688073216
1237978915827781633
1238064470955524096
1238248252828459011
1238212471091052545
1238070938987626496
1238059006058475524
1238128526533910528
1237920539433459713
1238012361463791616
1238071077047238657
1238217869604708352
1237937148730499072
1238151935049400321
1238110524350451712
1238168557013393411
1238029801681752064
1238240476823609344
1238121903358988289
1238162638762369027
1238157530087542787
1237937274584584192
1238240153543598081
1237949513874034688
1238139448342315008
1238093348864475137
1238168208366022658
1238059006498951168
1238024882019094529
1237942865432625152
1238245841149800449
1238018015918202881
1238151838366646273
1238245643136774146
1237914885268406274
1237984544701194240
1237972670483959808
1238203667037278210
1237983613511020544
1238212622190862337
1238012667882803200
1238052215581020160
1238197568947081216
1237919813642698752
1238059219846389761
1238168221297106949
1238017894124072960
1238248743742386176
1238052978570989568
1237989850206232576
1238248571566161921
1237954815378030592
1238239918993879043
1237984548790689794
1238156900551794690
1237907503716995077
1237902575850024960
1237955654389817344
1238111061167026176
1238145719011139584
1238162915821121536
1238223988775694342
1238035941459140608
1237919960308965376
1238104518346276870
1238070326807924736
1237926398745952258
1238035828338651136
1238140144324169728
1237972138155372544
1238007433735196672
1237937115553566721
1238222839788064774
1238123166175723521
1238207605828452355
1237983840607645697
1237937077758590976
1238093261023002624
1238052618292744192
1237984514888085504
1238224051958689792
1237907734042836992
1238082422702518272
1237896615500713991
1238184713073934343
1238110461473808384
1238030183120039941
1238094246755758080
1238059517851701249
1237908644240424961
1238241147576889345
1238052878389927936
1238006795374866433
1237977599009316869
1238093021679194113
1238179386471387137
1238047899541336066
1238196042123935744
1238128530749370368
1238105084652916744
1238228858324869121
1238030518396104704
1237902713851129856
1238145756390924288
1238216975874056192
1238168195665735686
1237901929604362240
1238100172791578626
1238046549160136709
1238156884177231877
1238053431975145472
1238223125067726848
1237902289593139202
1238234801750118408
1238229089112272896
1238183962620702721
1237896011042836480
1238110595720908802
1237938235151659009
1238223267569102848
1237960238764089344
1238178543592304641
1238156178733088768
1237943712942088192
1238139452796657664
1238041670979108865
1238229684602589184
1237943452794589184
1238217164630437894
1238018275440762882
1238199305342717952
1238234793147609092
1238139007847952384
1238117075866071041
1238240518808756224
1238075883983781889
1237914298044817410
1238211799826288641
1237902290616381444
1238145156769107969
1238184738394910721
1237907600122867713
1238235137185218560
1238161938338713601
1237961178002993152
1238216971629584388
1238017977162874880
1238253319618990081
1238001233891405829
1237978592593797121
1237926289845059584
1237937895320756225
1238024382741712896
1238019206613880832
1238036344766595072
1237978714375442433
1237901635852144651
1237978110303318018
1238162474274189312
1238059190653837313
1238145135805960193
1238053519795425280
1237908187241574400
1238178862242168833
1237943427754582016
1238211980315459586
1238024717908488194
1238018380264878081
1237995957125603328
1238087498007339008
1238218171364057089
1238064852586954755
1238098956913192961
1238239914539585538
1238167927519674370
1238017986344206342
1237961182209851392
1237932312630878208
1238211737289142272
1238052554979737601
1238229382617075718
1238035161909825536
1238046577899560960
1238116199436820486
1238058557443944448
1238144896789340161
1238234898135220224
1237891103900090368
1237967318904459271
1237989984549908481
1238023878393204736
1238099988615397376
1238241084918005761
1237943645707403266
1238211473169682433
1238036310775996416
1238064672533774337
1237943843204608000
1238122998483177472
1238204502127362064
1237937111111778304
1238167957139668997
1238098734371803137
1238012805774786560
1238035069262090247
1238229026143186944
1238151247032659969
1238229131143319554
1237920220674580481
1238133794491727872
1238075909271420931
1238240006919127040
1238228657081991169
1238058645688061953
1238040848824176645
1238116509752360961
1238173992973934592
1238156448015814662
1238000680583008256
1237901753233944576
1238070426842128386
1237896179188289536
1238093890227445761
1238247606981210121
1238199242323361792
1238145580431523840
1238144863238885379
1238059446284083211
1238140329225793536
1238035067693228033
1238002001017024513
1238222642085343233
1238157538408964096
1238076647447953408
1237984327540953089
1238052727508340740
1238035568061222913
1238030149448282118
1238081810371874816
1238241089150222341
1237966282307309568
1237966051997921280
1238110700549091329
1238240791434276865
1237989187585896448
1238209090641448966
1238006983795585026
1238229516985798657
1238076571581210624
1237943662769778688
1238248450006884353
1237943289174806533
1238047719127748608
1237972523662356485
1238110931512672257
1238052387207684096
1238223602920677380
1238047262313345024
1238184172415365120
1238156309465378816
1237960972918067200
1238234948571746306
1238041960973242369
1238162034690273280
1238167776830742534
1238007475233787904
1238012558432501760
1237902525124116481
1238007345315184641
1237919507517190144
1238150978215518209
1238128211910963204
1238070989172420609
1238035148811259904
1238076689307045897
1237932266820493312
1238001024457195521
1238168082562105345
1238052496594964480
1238218171137564682
1237944254300712961
1238013430826553345
1237943612228268032
1237913853712891906
1238070557410840576
1238240254127112200
1237972431047802881
1238064018339831810
1237996028646866944
1238041780450254849
1238240099227361282
1237978840732852226
1238070150076796928
1238229638528335873
1238178531135434752
1238018207857983488
1238035744238768128
1238052232320425984
1238140392341508102
1237914381964341248
1238012303137701888
1238077129385848838
1238001577480327168
1238013099195518985
1238076944832331776
1238133794496004096
1238116283327094786
1237978861348032512
1238116497437974531
1238179097261596674
1237989493921271808
1238127700444950528
1237925366720868352
1238200739006201862
1238052538928312320
1237925916367556608
1238211552567799820
1237960951065759746
1238001296654741505
1237966903697530880
1238212072804057089
1238122474165985284
1238024533413527552
1237913409120845824
1238006787137253377
1238121937269915649
1237972775161204737
1237990420610609155
1238199250783064064
1238235535715569664
1237943947860770816
1237984758983880704
1238128702489333761
1238184147169968128
1238139679293296641
1238036076469551104
1238128685846114304
1238036151782404097
1238018384807092224
1237989292288479234
1238162357878022144
1238082292666503170
1237938381834706946
1237948792223170560
1238065058242015232
1238012257117798401
1238052299513176064
1238075951189118976
1238111015251910664
1237891191758184449
1238116576827768835
1237920224801939461
1237902193417691137
1237942924685578240
1237972527995072512
1237972620005515264
1237902621547077632
1237895990084018176
1237948930513666056
1238184839045496832
1238127641330364419
1238012608441208834
1238128350197157889
1237932379802685440
1238001413847830529
1237983315635785728
1238248584098824194
1237901862344540160
1238035433919066112
1238064148581429248
1238105508042739712
1238012931821969408
1237937539031289856
1238127759177560064
1238202698496909312
1237978173192548353
1238245803245912064
1238076517021880325
1238065524078260224
1238134566138806277
1238064307570724864
1238151196520710144
1238211376436457479
1237943624677175301
1237914356991561728
1237990236107440129
1238024420293296129
1238235430891462656
1238087430412087298
1238082447855824896
1238229604877438978
1237920694467538946
1238041134624112640
1238151641171279872
1238167734812389376
1237896871416233991
1237920068970983425
1238104820357029889
1238122146972364800
1238082623710195713
1238065108775034880
1237973019206664194
1237978781782085634
1238139578512543744
1238162751916130304
1237902231208251392
1238247879636115459
1237984389474246656
1238082527891525632
1238235498142982144
1238047375807123457
1238007847746777088
1238000868663885825
1238077289134465029
1238064403800559616
1237973157597736960
1237967394074746884
1238234327768600577
1238145840205770753
1238077263964340224
1237949744107999232
1237978290633277441
1238240447018958848
1238216946400854025
1238087699342426114
1238001540150919176
1238012629966340101
1238217940765413378
1237966312204390400
1237895947817869315
1237914222585094144
1238235372309622785
1238036453197676544
