1230850495453057025
1230852644471701504
1230849417122631680
1230845309216948225
1230851308489519104
1230845513836134400
1230848332836360192
1230844021158735875
1230850532517924864
1230844230207188992
1230845027993182208
1230849126268571650
1230845122050437126
1230852431094763521
1230843134784856065
1230849057628667905
1230846735150440460
1230852380515807233
1230842607586234369
1230849696349868032
1230843294235521024
1230845983136702464
1230846146253189120
1230844609418297344
1230850718095028225
1230847668600991744
1230853284383973377
1230842534932439040
1230849419895021568
1230846811616624640
1230845569360261120
1230849296360255490
1230849127111520262
1230845820842409985
1230850144578494464
1230843181891227649
1230843346295414790
1230849628578418690
1230851532335140867
1230844114641383425
1230854107977539585
1230850644212252674
1230845955571769345
1230854057276764160
1230845395590434816
1230851333114277888
1230854065938030592
1230845191218769921
1230848157052960768
1230853301723332612
1230842622362734592
1230852554604634113
1230850023975530496
1230843155752325120
1230843235301494785
1230843383150714882
1230847521536212992
1230843728639619075
1230847150612975617
1230852855629778947
1230843700302843905
1230852361490325504
1230843202258849792
