1225635342780227584
1225642158348103680
1225637182477488129
1225642992112828417
1225636153056841728
1225637805503574016
1225641576291954695
1225641761311055872
1225632437402624005
1225645091596861443
1225639484143747076
1225635430189547521
1225641196812242944
1225638902624448512
1225633584012087296
1225633573610381312
1225637364749357057
1225639829326577665
1225638953962721283
1225634797252276231
1225641374533292032
1225633900376006656
1225633672897810432
1225638121875767297
1225636850137628674
1225636070873694211
1225634889816399872
1225638143702917121
1225636888943312896
1225642567208824834
1225632195328397314
1225639505933160448
1225645181883469825
1225635986870173702
1225635295183306752
1225635852694372352
1225637011207290885
1225633401434042368
1225635458412990465
1225631771477172226
1225639559280463873
1225642779826458625
1225635432110546944
1225631294018613254
1225638891459248130
1225634994074243073
1225633901613158401
1225641952374210560
1225632351868211200
1225642224374837256
1225642775661531137
1225632996591591424
1225636404387966976
1225641337342451723
1225637984373886977
1225643445689020418
1225639122301177861
1225641469643354112
1225632837057089537
1225633463237107712
1225636305977012226
1225638966461792258
1225641941741629440
