1225591631404879872
1225587600359952384
1225589714641539073
1225586061822263296
1225588810450456578
1225591285333012480
1225587731817848832
1225587690021642240
1225591658391232513
1225586560885637121
1225585861921779713
1225586151110709249
1225588163613200386
1225585011031760896
1225591998955937792
1225593897432293376
1225590817739485185
1225591322247081984
1225588658285101056
1225588242554277889
1225585071433764864
1225590173821493253
1225592820070834177
1225592339361492992
1225588022864945153
1225585145152987142
1225593528975319040
1225589327884845057
1225593780008452096
1225587255076585472
1225585049216700416
1225588445952856069
1225588126971760640
1225593176481681408
1225588992797593600
1225585959758024705
1225586383483326469
1225588578723348480
1225591082508935168
1225592503136661504
1225590660922691585
1225591058769137664
1225587991634038784
1225588793744297984
1225587051459792896
1225591658634452992
1225590229458935813
