1225437147395743753
1225437473599258625
1225446578460274688
1225438010310684674
1225436175529279488
1225435600460898304
1225446964466257920
1225434264587489286
1225446594801061888
1225435450246139904
1225436197759180803
1225435401596395521
1225436428949184516
1225434024467816448
1225435130350596097
1225447039577681920
1225434170555428864
1225435073651961857
1225434594121482241
1225447508907872256
1225444998297993219
1225436343867715584
1225444929502990339
1225434513469108224
1225446714401808384
1225436930181128192
1225436677952417792
1225447375587512320
1225447195022888961
1225447304557211649
1225446308564979713
1225436954701058048
1225436457919078400
1225446241359798272
1225445305887444993
1225447035458863104
1225434648873967617
1225445923288805378
1225446477230563328
1225447008657453061
1225436473794498560
1225447215423864832
1225446683640815616
1225435365713969152
1225446165786681345
1225446533098684416
1225446247689048064
1225434606943526913
1225437519493222401
1225447599517208576
1225445818737389568
1225437279763750914
