1224115599846137856
1224119754824343556
1224117805613748224
1224117389945688064
1224118933562675201
1224119922931924994
1224114433515016193
1224116775899430913
1224116225694814208
1224118288277540864
1224112975109292041
1224114361540759554
1224117264716324879
1224113493948891139
1224116716843741185
1224116649529356288
1224117739863724032
1224115384179208196
1224115847960113154
1224114756614795264
1224119396664250371
1224114551441936391
1224117178766700545
1224118145507422208
1224114880929828864
1224114562246594562
1224113456770469888
1224112816170446853
1224118590577823745
1224119568731459584
1224118327674429442
1224115737142403073
1224118225140580353
1224113577616867328
1224114731121664000
1224114699488264192
1224114590419603456
1224118196451659777
1224115714572738560
1224116559074877441
1224119083639148551
1224116542373126144
1224115030523895813
1224114702567067648
1224116814336139265
