1231887028180176896
1231887379310317568
1231886951109689345
1231887754599862272
1231889548398952449
1231887459279134720
1231887487171084288
1231890014755147776
1231889057635946496
1231890431836905472
1231888136067801090
1231889613561769987
1231888621747093504
1231889322242080770
1231890632097984512
1231886860319744000
1231888314178953217
1231888654475329536
1231889562038865921
1231890606487736325
1231888517606694913
1231889926356074496
1231887112150056960
1231887951916761090
1231889657861787649
1231886855899090944
1231890542788739083
1231888970977554432
1231888820246806528
1231888899846307841
1231890173622988800
