1228004845027831809
1228008224751783936
1228010603903471616
1228014965199601668
1228014982085906433
1228007017601753088
1228010007171674113
1228002483416395776
1228012407504588800
1228005733456908288
1228008914387636226
1228003091024232449
1228013985926131718
1228010721658753024
1228006332239880193
1228011027612262400
1228004501061128192
1228001206548803584
1228002502760652803
1228006201545367552
1228003791838023682
1228010567484526598
1228014749130088454
1228005249782341639
1228015227532402694
1228008223753437184
1228008182871711745
1228003334881259520
1228004333888864258
1228006842728681475
1228009192838975488
1228001560766009344
1228002987265658880
1228010959127465984
1228002168176889857
1228012640007544832
1228001195031171072
1228006582245613570
1228014956693471232
1228002082365595648
1228002386763034625
1228001545486139392
1228004268613013505
1228003145424482305
1228013577681985537
1228006192582135810
1228007348821745664
1228015342028455937
1228010232552607744
1228013232847081473
1228001571344179200
1228001912357818369
1228010829850775552
1228006160147587075
1228012435187077122
1228008961497915392
1228012024476516352
1228003067724881920
1228004494446878720
1228002542170365954
1228001176924368897
1228004331011657730
1228004914577625088
1228007475066089473
1228011502805843974
1228010622140342275
1228012770110644225
1228001362937446401
1228011454336503809
1228011819152936962
1228014833821347840
1228008620928925697
