1226579193338769411
1226577823621668864
1226569853860925440
1226571327563321346
1226579773930917888
1226573759236042753
1226575610803302406
1226574238464692225
1226568556055318528
1226571298534494209
1226574045799501826
1226575962747240448
1226577818181607429
1226572309898711040
1226574015621300224
1226574631399829504
1226570269139066880
1226578139272433664
1226576199276777472
1226566794581872640
1226570317767725056
1226566674616389632
1226579258245599232
1226579658638077952
1226576037758279682
1226577013638479872
1226578597780942848
1226575936348356609
1226576901126459395
1226566696795824128
1226567920462987266
1226571291429351425
1226575504477696000
1226568899300384768
1226577474126925831
1226575998575050757
1226573125292306432
1226568651949649920
1226575524270673925
1226578250970722305
1226573505078034432
1226567487493459969
1226578064949137408
1226578682031964160
1226577551956566016
1226568598463930369
1226571817294467072
1226572335148339202
1226577602439237632
1226568045293760513
1226578875854966787
1226572736526417920
1226572571359031296
1226568032249663488
1226576159804096512
1226578269711093762
1226567664186818561
1226570739551174656
1226572199689060353
1226567182152273924
1226569836693725184
1226566800822984705
1226573543867125760
1226570730587992064
1226566970495160320
1226571539417427968
