1226914091241033730
1226928726794997761
1226926850305335296
1226914395650850816
1226915129092124678
1226915736393830401
1226927700608049152
1226915311577948161
1226927288115224576
1226928718347689989
1226916145783083008
1226914519609311240
1226913738667655178
1226914495752069125
1226926650622910464
1226925986798657542
1226915992279879681
1226927091381391360
1226913824210640896
1226925172927717377
1226915739434655745
1226915210767818761
1226915024993648641
1226915371468259336
1226925662147153922
1226915268422750211
1226914861013073922
1226925232671186946
1226914865710759936
1226915529245577222
1226914024513835010
1226926126213279744
1226928741982593028
1226914636815065088
1226927402430783493
1226914183440162818
1226915060125229062
