1225721173922549760
1225735112202977280
1225720879616872448
1225735462003699712
1225723027889041409
1225721482522677248
1225733693223735301
1225723627540221952
1225733667806334976
1225734211308605440
1225734293483331585
1225735655390695424
1225721764505845761
1225733583697956864
1225734360084680705
1225724021393641472
1225735341652561931
1225735787297333250
1225733382249648128
1225723979391995904
1225721989828087809
1225733548373508096
1225734228542771200
1225721847628517376
1225733601582436352
1225735615934656513
1225721627054419969
1225735487278612480
1225733425555890177
1225735699086925824
1225733927429476353
1225723001351614465
1225722263581941760
1225733813357162496
