1227666373184237570
1227663876919111685
1227667732285575170
1227666918674321409
1227667252515831812
1227664915147710465
1227665797994229765
1227667316604669952
1227665124971941895
1227666562859053061
1227666757361577986
1227664401185964032
1227665366953758720
1227666068623306755
1227665675474395138
1227667199495557120
1227668071701151744
1227668142761095168
1227667262955454472
1227663972033318913
1227664923578249216
1227665178717609984
1227664914870763520
1227666315625684993
1227666415941017602
1227664694233747456
1227667730993684480
1227665427758751747
1227665618347921408
1227666941210505219
1227667155438596096
