1229811821185388544
1229810582427013120
1229807944763682816
1229802084943482881
1229804029473062914
1229811450446852097
1229799473200627714
1229806662711558145
1229810430975107076
1229799365121839104
1229811779167014916
1229801862238355456
1229808202742685697
1229809368658567169
1229805760118493187
1229807645499912192
1229804217864458241
1229802586561220608
1229809725900017664
1229807607541620736
1229804516247142400
1229803937680809986
1229810053802270722
1229804964769234944
1229805450679537664
1229802522396647424
1229798349726941189
1229802866405265408
1229807814987612160
1229809655993356289
1229801237270286341
1229805215098032131
1229806424412315650
1229801306975592456
1229808402060238853
1229800923725058050
1229804439265038339
1229802132812918784
1229812008217907205
1229807985209364482
1229809014353154050
1229808451183874048
1229799085064032259
1229811702985871361
1229810824358719488
1229800743713959936
1229798293191839744
1229806291532468225
1229806648815828992
1229807578009370624
1229811924814192642
1229799486496608257
1229804213183504384
1229807570640080902
1229810309856100352
1229805069979267073
1229799836880457731
1229799656089169922
1229806595162300416
1229812274615013377
1229807860143386624
1229804427915165699
1229804084686880776
1229811172360294401
1229809850554519552
1229805164913029120
1229799889489416193
1229805276955496449
1229803433407938572
