1233099056878178304
1233100060935671808
1233099204530233345
1233094434985828353
1233093110839816193
1233098974636064769
1233098969984720898
1233098957703675904
1233099934770950144
1233098947813629952
1233100059291668486
1233100323524423686
1233099087437815808
1233093537425690625
1233093226476789762
1233093987055161344
1233094305478303744
1233093001179623424
1233093206511964163
1233094263400890370
1233099640196812802
1233100222869450753
1233099364815396864
1233099853808521231
1233093278276308993
1233099569765978114
1233100450100129792
1233093319434964994
1233094007523332096
1233099453004906505
1233099219516313600
1233094528636243968
1233094406712045568
1233092983660142592
1233093995171057670
1233098915215552512
1233093315890946048
1233099263711772672
1233092988273864704
1233093698075885568
