1232563944340021249
1232572268141776897
1232572067901472769
1232564205938728960
1232564876775587840
1232570818132992000
1232563930553356289
1232564637268422657
1232563731139219456
1232564199332761600
1232564576266272768
1232564732806279168
1232572212789407744
1232564659951026179
1232564224129454083
1232571102825607168
1232564000778379264
1232564508561829888
1232565098079772672
1232563869291339776
1232563826341621760
1232564115710738433
1232571632461332480
1232565517015109632
1232570735077408768
1232571628795633664
1232572371132911617
1232572147463344128
1232571655580459009
1232565003804446725
1232564862032785409
1232564540044386305
1232564753136005121
1232571149910851584
1232565158192525312
1232571380329107457
1232572355936952320
1232564397375184896
1232564138611630080
1232571155170545665
1232572177104265217
