1230795839448109056
1230802002755670021
1230799996611522560
1230801660194148353
1230798798454046721
1230797992912769024
1230794723717255168
1230799572705763328
1230796089319677952
1230801042687877120
1230794865052651521
1230796579218608129
1230794985219350534
1230797939489951747
1230798049493970944
1230800469255024640
1230799333538193410
1230801563951566848
1230801942634520576
1230796350591098880
1230794618746392579
1230799264999067648
1230799803866546176
1230797659419496448
1230796641537601536
1230795345153658880
1230799250080047105
1230802289494872066
1230801466287411200
1230799884011364352
1230798461345251328
