1232344448597549056
1232337542156079108
1232338608994078720
1232338706431909890
1232338295293648896
1232343734148198400
1232337476074733568
1232338435526086657
1232343610923847680
1232349401357701120
1232343711767461888
1232337753972629506
1232338058093244419
1232338885214187521
1232343283973550080
1232344297305001986
1232343578724184064
1232349381782855680
1232344515240960000
1232337584300314624
1232344293198778369
1232349122809618435
1232338153278758913
1232344691812769793
1232344481430568960
1232343807577882625
1232349078979256321
1232349162571780096
1232343446452486144
1232338784630591490
1232338697569341442
1232344061861933057
1232338303682138112
1232338382279380992
1232337737480593409
1232337733982597121
1232344300098379776
1232344192535474182
1232338630108229632
1232349494571864069
1232344474170384389
1232344619272286209
1232344797882593285
