1228736946823806976
1228736953811599361
1228736923822198784
1228737624338313218
1228739215585927168
1228738872193863680
1228727536206508033
1228736796650950656
1228738279429689344
1228737258464792576
1228737642692513793
1228740580630507520
1228737956673966081
1228727761537204224
1228736602651975681
1228727710211436545
1228726449626062853
1228727017547485185
1228739214230999040
1228737596450230272
1228727073704902657
1228737716688429056
1228740658543783938
1228737199530745856
1228727311979053056
