1226530065007034368
1226526533814247424
1226523663484231680
1226525947811237888
1226527669136785408
1226523263297302528
1226526165357256705
1226524790527320064
1226529949252816897
1226525254731927554
1226524862946127873
1226523244208910337
1226527734408478720
1226523075610435588
1226525305843716103
1226529032289865728
1226524475472121856
1226527228898398208
1226523206586109953
1226524423135604742
1226523603065286658
1226527543911571458
1226524961705250817
1226526509009166336
1226527215094861825
1226527301061500928
1226527437053480960
1226526600033787904
1226525099697876994
1226523675266027520
1226523621339914240
1226528246961000448
1226529571400372226
1226524854523965440
1226527763554852864
1226529146299248640
1226523717217464320
1226523169772584960
1226524000588881920
1226529935231078400
1226527096203284480
1226529309105500160
1226529267175100416
1226530244506652673
1226529941681995776
1226527892265287680
