1229657377743368194
1229647661365518337
1229660308064604160
1229651083061940229
1229649357936324608
1229654718357495809
1229655134130462721
1229647300269490176
1229660546770915328
1229655052148707329
1229657525420613632
1229655079608713216
1229656006189125632
1229646794243608576
1229654223882723342
1229659722489487360
1229649251103387649
1229647695884603392
1229648280105041920
1229656765832335360
1229658067966537728
1229652657398091776
1229655824529649664
1229656690775056385
1229657666613497856
1229661172011393024
1229655891428818946
1229654317889728512
1229651442098634753
1229657488754008064
1229657902752944131
1229647275745374209
1229649293449056256
1229647778445504512
1229648140850081792
1229655237339832320
1229655358601232385
1229657175712260096
1229647336235646979
1229653742825463809
1229651670071681024
1229654179033108480
1229659041565069313
1229651328953126912
1229661043267227648
1229659572908019714
1229650439374700544
1229654190349111296
1229661045645598721
