1229733578683977728
1229727696772571138
1229727024467476480
1229728841779662850
1229728065552470022
1229729444555657216
1229735391382691840
1229723589902917632
1229726123388555265
1229726215793205248
1229728664457293824
1229725731279843328
1229730003434106881
1229726608468082688
1229735272356728833
1229730070454882304
1229727258195058689
1229724729256431617
1229723583896805376
1229731758674808833
1229730017082585088
1229734129802993664
1229728214236323840
1229733332663095298
1229728095365582848
1229728739056963584
1229726708879593473
1229732728762961920
1229735767766786049
1229730754189393925
1229728009093107712
1229727824870813697
1229734304340594688
1229731776362250240
1229733971803680768
1229723384235331585
1229731735035883522
1229735762725363713
1229732584982302722
1229727846412754945
1229730508717928448
1229734753030541313
1229725870073335809
1229731065109065728
1229727097356156928
1229735722783035392
1229726740806799361
1229722940129894400
1229732168479408128
1229727140381429760
1229724121258315777
1229724292344008704
1229727636416536578
1229731289156030465
1229734363895455745
