1224925757631279108
1224922857475428353
1224925523677081601
1224922266510581760
1224924031813447681
1224924099501182976
1224922376363634688
1224921156085567488
1224925653008470016
1224925562591834112
1224924379018137601
1224920800278351872
1224925593189273600
1224925896454410241
1224921059360677888
1224921857263988742
1224924884058415104
1224922698993872896
1224925729055367169
1224921318224613377
1224922603954946049
1224920923494445057
1224923847037800448
1224921531765030912
1224920592186404864
1224923570406592513
