1225333371745849344
1225332810032046081
1225340509616361473
1225337800662409221
1225341607811133440
1225335194154143745
1225329505700466688
1225334175235919872
1225330847064059904
1225333092728164352
1225340067612258304
1225339428534546432
1225335987657531392
1225343239382654982
1225337227795816448
1225342987229704192
1225337167267811328
1225339836304936963
1225340670942105600
1225342157411815425
1225336313823416320
1225342333312307200
1225333373993922560
1225339193699659782
1225335804563603457
1225343148424978432
1225336457763721216
1225334556246630405
1225335906019762176
1225334046852431872
1225335462576959488
1225331817609191435
1225338346198773762
1225339397975027713
1225332001277825024
1225328952371273728
1225328616742895617
1225329327904038921
1225328517249781761
1225335424991682561
1225329081220292608
1225331588038352896
1225338961440202752
1225329600198135808
1225330654415597568
1225338880347402242
1225330895676043265
1225337446470041600
1225336828544176129
1225330708069130240
1225337238462095361
1225341655504560130
1225336333603921920
1225342411997687808
1225330709121753089
1225338587287347200
1225336320526028800
