1224531257700171777
1224529604590747650
1224529584147832832
1224532764910702592
1224532926873903106
1224534469085777920
1224528970240184322
1224532359006916608
1224529459153379330
1224528509122400256
1224529576140910592
1224530314833383424
1224528923830013952
1224531228000432128
1224528558787350529
1224533955912916992
1224528460124692481
1224530558602162176
1224531813093314562
1224529358154395648
1224532222180569089
1224530173158014977
1224533765323730944
1224534342493323265
1224534314576039936
1224528894511837184
1224532839829516288
1224534281298550791
1224532037807284225
1224533026140499968
1224533446904680448
1224531219741913088
1224529261081423873
1224530136483147776
1224533159854739458
1224531918252843008
1224529519916265472
1224532884096090112
1224534959127326720
