1232615584640258049
1232608781391015936
1232615494395494402
1232609487518867461
1232614910619738113
1232621090611986432
1232608749002657792
1232614790994038784
1232615009865388032
1232614949471391744
1232608725032153088
1232616088904462336
1232615118762016768
1232610123614433280
1232614803526406144
1232615389277802496
1232616128695996416
1232609861692616707
1232609867459751937
1232609789823328256
1232621129631559680
1232608924936761345
1232620714034774016
1232609478270472192
1232615883115200513
1232615089531953152
1232621012165984256
1232615224156442624
1232609781812269057
1232615911313543169
1232615546375503872
1232620855768813580
1232615895979216896
1232609895238651905
1232608674213961728
1232609066821672960
1232615874084900870
1232615428607754241
1232621255464873986
1232615349079695361
1232614646659633152
1232615207031017473
1232609113789673472
1232615837250605056
1232609694763667456
1232614722916245509
1232615331471986688
