1223965851864444928
1223966632088723458
1223957875115954181
1223966111072423936
1223966292522209280
1223966148305281024
1223966218303897600
1223965920084754433
1223959839010906115
1223959253284720641
1223966366316867584
1223959509468680195
1223957669800816640
1223958535051956224
1223959137383604224
1223958588923809796
1223966187131813889
1223957659495301120
1223966119112986628
1223957694609948672
1223958796155813888
1223967263700598784
1223966135063724033
1223959452283330573
1223958729516834816
1223967042023198725
1223959830269964289
1223959818664382467
1223958774026657792
1223965795534942208
1223965604404715521
1223967447633494019
1223965889994903556
1223966603018006529
1223965687451963395
1223959703010439169
1223967476335005697
1223965844604100608
1223966782765047808
1223967194125520896
1223966493106491394
1223965966872252417
1223957902039404545
1223966867934662658
1223959403361120256
1223965554160963584
