1226207170854866946
1226215098877927428
1226205326569017346
1226210676290588672
1226209620449841152
1226204787760390144
1226210088240717832
1226208954377699328
1226206836405276672
1226211114276376576
1226205747035484160
1226207574246199297
1226214562439008258
1226209838222364672
1226213366764535808
1226210875444469767
1226207124071403525
1226209933672112128
1226207608161423360
1226213799310581761
1226205786155692032
1226205140450852869
1226211711692050434
1226204201044320256
1226205713422307328
1226212801875763206
1226205027246780416
1226204378845122562
1226206339036217345
1226208478492086272
1226205030815920130
1226209815342370816
1226214958586875904
1226213734730870784
1226208180440567808
1226215213265018881
1226214867130032131
1226214011953467396
1226213115550814208
1226214921907601410
1226212513060130816
1226204429738659840
1226210232965136384
1226206832479305736
1226208996694077440
1226206503222366211
1226206521719169024
1226213155950546945
1226206874141216768
1226205198416318465
1226211607799324672
1226213368018673664
1226207020145135618
1226209618491252736
1226204255687761922
1226207216853639168
