1226703677781463040
1226702519222644736
1226713338710614017
1226702893685800960
1226711234432634880
1226704138903277568
1226712222379806721
1226714417301196800
1226713903494815744
1226715737152053248
1226704331988037632
1226712747590598656
1226715961971093504
1226703561121120256
1226713084607311873
1226702842657935360
1226713882850258946
1226712941573087232
1226715394787856385
1226715447929819136
1226706266271207424
1226716189163810816
1226706819919175681
1226708268942331904
1226704596707553281
1226703890499825665
1226703184170647552
1226716197401399296
1226715514963202048
1226703508256235521
1226708054395277313
1226715117695492096
1226707837998555136
1226702682179567618
1226712243506577408
1226716312690360320
1226707766175322114
1226714381196484608
1226712913311756292
1226710346796273664
1226714088245465088
1226709915596546048
1226710561062367232
1226702680153903104
1226710609334374400
1226702581545734144
1226703939401211904
1226715822342557696
1226714394152689665
1226706016735256577
1226716037694967808
1226715998994169858
1226703940730798081
1226715202386706433
1226704054648111104
1226710492745351169
1226709462917898242
1226706664767868931
1226705602144899073
1226715364920217601
1226703260758622208
1226708994674348033
