1226230492581781504
1226230345860833286
1226232639956410369
1226230221344583682
1226231075053195264
1226231191088619521
1226229982118240256
1226232036387672065
1226233840429129731
1226229138274562050
1226226876559040517
1226228050775420928
1226231323142041605
1226230532700352514
1226230885441105921
1226232694280880128
1226226980867145730
1226231006304358400
1226228296205111312
1226229632648826880
1226228681783283713
1226229395481931776
1226228235882651650
1226231113800179712
1226231995589681153
1226229599304069129
1226231187187744769
1226229587430060037
1226227066430984193
1226231967236186112
1226229071304110082
1226231293425352706
1226230702921977856
1226231999955750912
