1232700640192868353
1232707678461399040
1232701516517003269
1232707632051478529
1232707667149324290
1232707184015732736
1232707565047271424
1232707468729319424
1232707716252151808
1232701312933883905
1232707170212483074
1232701521340616707
1232707700758368258
1232701232558624768
1232706323394985986
1232701207292129282
1232706360820805633
1232706777495400449
1232700976190107650
1232700989221654529
1232707506977345538
1232707510768951296
1232701739456978948
1232701793680924672
1232706756079472640
1232701329761435649
1232707577391337479
1232706269007319041
1232700817611862017
1232706299114160128
1232700779301081088
1232707296494604289
1232707061663838208
1232706630199824384
1232700586874802176
1232700377197314049
1232707158300454917
1232707229721276416
