1233124881778110464
1233124438071181314
1233123828269821953
1233125187324960768
1233130158850297858
1233124887436226560
1233129839437152256
1233123837996412935
1233130845701013506
1233130854513283072
1233125398847901696
1233124264657739780
1233130993390891011
1233124589217050625
1233130640914042881
1233123913753923585
1233123951611535360
1233130531338039314
1233130339519868928
1233124701519695872
1233125234011779076
1233125330057154565
1233131059815931904
1233125269264723969
1233130241553506305
1233125435422035973
1233125158505918469
1233124643218894848
1233131031290503168
1233125002989301760
1233129859888689153
1233125134724149249
1233130544000643075
1233130503387144192
1233124597282877444
1233125141166592003
1233130996578627600
1233124242000154631
1233131369745846273
1233124081236631554
