1227061354902650880
1227054736987213824
1227055715056926720
1227057929653633024
1227056087930724352
1227063855953481728
1227062251481251840
1227061230881386496
1227057814327242754
1227058339059658753
1227056925902299136
1227060785785921536
1227059817400893442
1227059625557712898
1227062139388678145
1227056746860105728
1227061139160231936
1227064467760041985
1227060284658831360
1227060419686273024
1227063174442012677
1227061555939942400
1227063441925517313
1227060665057038340
1227058955937075201
1227061827009277957
1227059749025239040
1227064570633584640
1227056469641695232
1227057628297224193
1227059574080827393
1227053281895014401
1227054129136037888
1227054953627365377
1227064053886881792
1227063979442180096
1227064105564925953
1227057257222795264
1227062883806216192
1227053589593501698
1227055016986365952
1227056395771506688
1227063371087990784
1227054072538259456
1227054984207859712
1227053646610911232
1227057210271895554
1227060550728683520
1227055037764882433
1227061454769197056
1227056773477085184
1227056908051386372
1227056483579432963
1227056177399255040
1227063470606233602
1227063351550922753
1227061813428314118
1227054990591741952
1227057590363811841
