1230306079227228160
1230305478418276352
1230297380949544961
1230305183931875328
1230305058329247745
1230297220924219392
1230300605563863040
1230307552652451841
1230305732366491649
1230300928898560001
1230297030750138369
1230300903749672965
1230303962785632256
1230306806834114560
1230298141913563136
1230299282714001409
1230305392527388672
1230308850139463680
1230310314425638912
1230297888321933314
1230304155769565185
1230308107835719680
1230308298961887232
1230296740135194624
1230301286035148800
1230304524256120832
1230302079715074049
1230309907775180800
1230298678830813188
1230306129630068737
1230300399489486848
1230298254493048832
1230302108122898433
1230300486655455234
1230296079297601536
1230300021964361729
1230299138526339072
1230303068224442373
1230302237118943232
1230297120197885952
1230307009590853632
1230298958997659648
1230299262904201217
1230304363748433927
1230301840165572608
1230304469512019968
1230310070438621184
1230307687189164032
1230305661570842625
1230302330685415425
1230296071655559168
1230310360021946373
1230299720339382274
1230303293852790784
1230297325869789184
