1224407017965547520
1224401237849858050
1224406087434166273
1224393121921994757
1224401373128585216
1224403556683407361
1224406481992216581
1224392338459578369
1224404214497075213
1224404068388474887
1224402512209416195
1224405189211213824
1224392814903078912
1224392798717255680
1224402806418870273
1224406801690443776
1224392169265364992
1224392176022511619
1224403456523456513
1224403318161559552
1224402019668189186
1224392645117530113
1224392908549361664
1224403653865304064
1224402000424701959
1224405635481120775
1224392674628730882
1224405464257122309
1224404562049630212
1224392142879105025
1224403179808399361
1224403115971174401
1224401252378980352
1224403868651544583
1224392566839422976
1224403871289790464
1224404093189251072
1224403387707543552
1224406017750028290
1224402665586806785
1224403295596314624
1224405181112160257
1224401596341243906
1224402436787294215
1224401749433356290
