1228875116546854912
1228868434949222402
1228871506312056833
1228869852737265664
1228874151840165888
1228875532881653761
1228870650644836358
1228870161228345344
1228875890664173569
1228863822758367233
1228864520547815425
1228865635733721088
1228870379005005824
1228866605385424897
1228876386313605121
1228872245545594880
1228862580803940353
1228875007109013504
1228876422892048384
1228870748464222208
1228865709033213953
1228872685830037504
1228871881220116480
1228875450279030784
1228865892974460928
1228869297381896192
1228871306906460160
1228861767339642880
1228871642882818048
1228874928025411590
1228869240867844096
1228871532497248256
1228861703711932416
1228863878672658432
1228871152195387393
1228865697138257920
1228861967630159872
1228873310609403904
1228861804660609026
1228867437946384385
1228875256246554624
1228866181190180870
1228865627991027713
1228873834285162496
1228864882008715265
1228866316414533633
1228870013638995968
1228861890866089984
1228863512186736642
1228873232436035584
1228868955546308609
1228861859417219072
