1231229230505242624
1231231251333492736
1231231337786269698
1231217881578377216
1231218418889740288
1231230607428136962
1231231959684173825
1231218268712644610
1231218180325924864
1231229492019884033
1231217961018499074
1231229500274487296
1231231185591750657
1231232172322738182
1231218661001748480
1231231310011568130
1231229346037161984
1231230583650553863
1231229528204247040
1231229855993409539
1231219714363449346
1231217417575108610
1231231996325658625
1231231051583848448
1231217653223739393
1231229675420225536
1231219728477089793
1231217083662270467
1231230281991933953
1231229884510474240
1231229611691954179
1231230975952113664
