1228622769677463558
1228626703137693696
1228623895953051648
1228629094465724418
1228620247051030529
1228620812867002368
1228629110181781504
1228622411563663360
1228633161954930688
1228622976137842689
1228623964961824768
1228626541887639552
1228629999902756864
1228630874402410496
1228628836377604096
1228622235977408513
1228634290017140737
1228620761662816257
1228635059478880256
1228627783443566592
1228620256865734656
1228622833745420289
1228630617061052417
1228631823820951552
1228620600438071296
1228626604332421125
1228627091433742344
1228630537507524609
1228634631626481667
1228631369040961537
1228625753870393345
1228621307497111553
1228630622928687106
1228631341266161664
1228634845334528000
1228624718317662210
1228621447968350211
1228628463470415872
1228631674545721344
1228625827492851717
1228621930275713024
1228620440265986051
1228626814920253440
1228620263568203776
1228632358305304579
1228634712974823424
1228626624553242624
1228621409988907008
1228627154935545857
1228633675979378688
1228620207893041152
1228623508055437313
1228624854947110914
1228630004843466752
1228634273957048320
1228625425871458304
1228633109110743040
1228622658167685121
1228629264175529985
