1229637990659641345
1229635094249377793
1229633040957222912
1229632101089193985
1229644452530024449
1229635249535102976
1229637908052639744
1229636939008991232
1229646396090966016
1229638179625426944
1229646633496981510
1229635585012379652
1229645633805377536
1229634374431195137
1229635331026300930
1229646176720429056
1229638660884008960
1229643145954021376
1229643300237455360
1229638182687232001
1229635417101799424
1229631745957302272
1229637189849374720
1229646547664736257
1229636022096392192
1229640851002806273
1229635264810586112
1229644473539473408
1229641752883032064
1229634517062668288
1229641830993661952
1229639188103999489
1229646130792845312
1229634137746599936
1229640715266772993
1229642413783818242
1229636498967977986
1229640249447288832
1229644064909225984
1229638753032888320
1229644380174053376
1229634188044795904
1229646428940582912
1229641842360143873
1229641984337469442
1229631901196881920
1229633009462022144
1229632858505011201
