1232179271205941251
1232168849442770944
1232168684958949376
1232177352035196929
1232182259068764160
1232181206466215936
1232179837953101824
1232180867361116160
1232169375207231488
1232181154427465728
1232180437549756416
1232169083002441728
1232169008570327040
1232177845478285312
1232180033789149185
1232181908190060544
1232180711202803712
1232179867736825856
1232177926210084865
1232179768147292160
1232180953805729792
1232181933179719681
1232177806928277505
1232181994970324992
1232168456268632064
1232168691506110466
1232169452348870658
1232177235756449793
1232177472352944129
1232178039968038912
1232177432955957248
1232169266016731136
1232168710091280384
1232181226141818880
1232180243118473219
1232169286472351749
1232180601014276097
1232177131142221824
1232180354959708160
1232177709498781697
1232180012737908736
1232179999194656769
1232181740871069696
1232177950767734784
