1231265803124776961
1231265736896733184
1231269864326692864
1231264021397065734
1231268522975776770
1231262741802995713
1231268101758607360
1231265046912696321
1231270250357747712
1231264601104359428
1231265214911266816
1231267959752069121
1231268759119286273
1231268169798516736
1231264916880994305
1231265468972851200
1231262449954951168
1231267718621351937
1231263717477801984
1231264085507018752
1231268535189561360
1231268175137910785
1231263763703222272
1231265492435795968
1231265660979859456
1231266027268452358
1231266729415913474
1231267376500486145
1231268197522800641
1231265803737161728
1231264868491300864
1231264463862542336
1231269047448285185
1231265078378467334
1231268403932889088
1231265321358520321
1231268348924715009
1231268777649508352
1231267356497907712
