1233730629302390784
1233734999049932800
1233737028673638403
1233724793842614272
1233734894041300992
1233737255895863296
1233737323818487809
1233731947966455809
1233731433916751872
1233730472049553408
1233737678677393408
1233729685152043008
1233731134523088896
1233738312130682880
1233724389264429056
1233733304660058112
1233727477261971456
1233728301589508096
1233737145795457025
1233737346891296768
1233731234746028032
1233724769834536961
1233731310537105408
1233726635767140353
1233731805850820609
1233726863635185671
1233737646213672967
1233732026252922880
1233732358983110656
1233731355147632640
1233732700852363266
1233726244304244736
1233728492833038336
1233725191324413952
1233735733204131842
1233729118648311808
1233725942477967360
1233735249076596738
1233731528934465536
1233732656921227265
1233737820709228546
1233729359451688960
1233732038458368001
1233731958229946374
1233731831645843456
1233731315339386880
1233728532808949760
1233724073596813314
1233725908344868864
1233737026819592192
1233733827102748672
1233731386839851008
1233734502851235840
1233734363872804864
1233724125136478216
1233726759608233984
1233735266055213058
1233731420792725506
1233724758967144449
1233738462383235072
1233735667932389376
1233725777960722432
1233736948650532864
1233732074667773952
1233737288753876993
1233729295761186817
1233725867920064513
1233738482415263746
1233732248224124929
1233734660578070528
1233733512085286912
1233735703286206465
1233725688127148037
1233726563532845057
1233725239579807745
1233731800394084354
1233737787154681858
1233736019683332097
1233732598293073920
1233731983378911232
1233724810871615490
1233729659155763201
1233730009157767169
1233724395920560128
1233724479303376899
1233729653245988864
1233738490329747461
1233737465460031489
1233732473466556423
1233731775555260416
1233732040169861121
1233731819020967943
1233725597089697792
1233736994594926593
1233730172827971584
1233725859728691200
1233730434179256321
1233728768814002177
1233731126864359424
1233731324499898369
1233732526176395266
1233732445016428544
1233731436739514368
1233734141264437248
1233726880471277568
1233734369828884480
1233738009067040768
1233736276022571008
1233730947205328901
1233729765439352833
1233737306303062019
1233735136849678336
1233733658298789891
1233732600184889352
1233728104868253699
1233726994153529345
1233726308523356162
1233737527749677057
1233731628049952770
1233732281380065280
1233735323156275202
1233728989115498497
1233732375319846912
1233727688889729024
1233731332221493248
1233724633020497920
1233738081972506630
1233727520639508480
1233725803172634625
1233727237939007489
1233727409871917056
1233737048504311809
1233732982277640198
1233731658588749824
1233728832605216768
1233728674693894146
1233725856243052544
1233733791551758340
1233724324256919552
1233725499987415040
