1229846075047137281
1229852694334124032
1229848790695198722
1229856113945759744
1229857530609721344
1229857093093675015
1229854054442033152
1229850076631068672
1229847780644052996
1229845442827104258
1229845489249423360
1229856066927833094
1229843546791915521
1229846535439032322
1229843254155382784
1229851200914427914
1229845345292705792
1229855716837556231
1229843244026138624
1229857131328720897
1229844546911121408
1229849187510095872
1229851532402790400
1229849459867078658
1229851699646431232
1229846169779658752
1229852288015097858
1229846642880180224
1229847303843958785
1229850518123679745
1229853826708070401
1229847141817950209
1229848667592458240
1229856714117275650
1229850158147538947
1229855085259300865
1229844886599409666
1229845377051955206
1229845973003833344
1229849920565366784
1229858064037220352
1229847501911527425
1229855386372468736
1229848658583134212
1229854846435635200
1229843270345330698
1229843742883868673
1229848739239452672
1229851232036163584
1229851839698554882
1229849073680822278
1229845622431342592
1229854725341736960
1229850042833473536
1229847704991338498
1229854660443410433
