1230653672973008896
1230652222142214145
1230654513301856258
1230647528246435842
1230654463502770177
1230651271922647040
1230645223203561473
1230648344239841280
1230650289470025729
1230653688487632898
1230654014133612546
1230650912345116678
1230651302578810882
1230657129020715009
1230645068505088001
1230656483576008704
1230647371144425472
1230658265530257409
1230650478997970947
1230657782551990272
1230644167942066176
1230647254794502144
1230649656805224448
1230645178102407168
1230654171541626881
1230655366947434496
1230646720087941123
1230648084532625408
1230643456592220160
1230652307106418688
1230644566367330305
1230656395533484032
1230653816627957760
1230658168264380417
1230656477808988163
1230657617195864064
1230654679454867456
1230647605224493056
1230647121478504449
1230643687169941505
1230647971898896390
1230651126866776065
1230651658859839492
1230651325614088192
1230651214733422592
1230644295746457600
1230650009256742912
