1226100457917030406
1226104505315364864
1226110036549591041
1226107130861715457
1226100995408715776
1226103212643516416
1226109640859148288
1226104331021078528
1226100183521325056
1226098689296330752
1226106256676605953
1226104258631733248
1226098594861797376
1226102941456719872
1226100742198628352
1226100779947352064
1226104322787860480
1226101793270030337
1226104617236217856
1226110697932775425
1226106139781324800
1226107820740767744
1226106865945337856
1226103009584668672
1226109833125871616
1226107137618739202
1226108176669401088
1226098995019169792
1226104990298595328
1226108540122611712
1226101082712989697
1226110615091019777
1226100434726682625
1226101325076869120
1226103051901075456
1226108335801479168
1226105522572660736
1226103909967683584
1226106251051798529
1226106802942726144
1226098953499893762
1226102438433902592
1226099677919109120
1226108999948521473
1226104334770987008
1226108360967229440
1226098753188159489
1226099694658449409
1226105065632649218
1226099840435838976
1226099602404675585
1226103043424260096
1226108505872048128
1226109506570137600
1226104040674799616
1226106408883507200
1226108622628950018
1226110436606480389
1226108982340636672
1226099419076059136
1226107745050464256
1226104012165894144
