1225456595938824193
1225456457543344128
1225454075250008064
1225456891733692418
1225457270659702789
1225457390830616576
1225455216700444672
1225454663962648577
1225456640482250754
1225456636560629765
1225455849134579713
1225454714021711872
1225455932597063680
1225455012530262023
1225457822348918785
1225457247683170307
1225457324023853060
1225454204392747010
1225456162675527682
1225455605986578433
1225456373825253382
1225456782404988930
1225456440891998209
1225455057098944512
1225456504314056704
1225455664555864065
1225455326192902144
1225455447941033984
1225456425347846144
1225456060103872512
1225457726576193536
1225455534628753410
