1229838677251121154
1229841245406715904
1229835897086103561
1229834938855411712
1229833609227489281
1229837179930603521
1229832501553549317
1229833334026625024
1229838633009586190
1229841077751795712
1229841713008644098
1229840957576630272
1229840063938342912
1229836611216642048
1229839421429686272
1229835064546152448
1229832360079716352
1229839668968996864
1229837778265006081
1229842671667204096
1229841642674434049
1229834229447634951
1229841920144396288
1229833158062985217
1229832984209117185
1229837532638171136
1229838738806587393
1229842231554723840
1229842539248635904
1229833918372708352
1229833280796712962
1229838033236713472
1229837990463066114
1229834934539427840
1229834530388938752
1229837331328167936
1229835600049500160
1229841561665429510
1229838155257384961
1229833566445424640
1229837759239589892
1229835257895178240
1229836740761980932
