1225311861840601088
1225309793394528257
1225300575467819008
1225301301895938049
1225302140605722625
1225300624922857474
1225298482342305793
1225311742185611265
1225310202796265472
1225306858858020865
1225298220642754560
1225307424359215105
1225304336940642304
1225303428827697152
1225305956847931395
1225309803255418880
1225310699074859009
1225304227683037184
1225301641966051329
1225307967693578240
1225299285513768960
1225307351999287298
1225308023813550081
1225308599821488128
1225307489077530624
1225310907116355584
1225302463189671938
1225307704610021376
1225305977643094017
1225306946246447104
1225306010320900098
1225308735582531584
1225303367355904000
1225301318975270912
1225301508394188800
1225304523918299136
1225313043363586049
1225298326527959040
1225304240182063104
1225302893328093185
1225312781311696896
1225303656372809728
1225310283259793410
1225304521703903233
1225300981526626305
1225304912914829313
1225310645471629314
1225307981333565440
1225302326967074816
1225307732229492736
1225310350678999042
1225305302154665984
1225300615942664193
1225304460269891584
1225298835901014018
1225308030318759936
