1233489639438192643
1233494812428509185
1233489569150099456
1233489253612630016
1233483314486530050
1233495293641011203
1233483993192050688
1233489052403453953
1233495336045379584
1233495507353378817
1233495695102967809
1233483990205698048
1233483083816603648
1233490137922908161
1233494769147486208
1233494773111099392
1233490210572427264
1233490336716115968
1233489216136499202
1233496316245835784
1233483856021524481
1233495867308597248
1233483801021558784
1233482980292780040
1233489040118296581
1233495099847430144
1233483146580066309
1233495939995836416
1233495721266925568
1233489455127945218
1233489816664276993
1233489820250517505
1233483393742098434
1233489315998715904
1233495674362220545
1233489639798956034
1233483162757599234
1233483586860453888
1233483344513396736
1233495816880492545
1233489681712545794
1233496300450205699
1233494736360628225
1233495550361788430
1233489833831673863
1233489434550718464
1233495247881146371
1233496215444217858
1233490018091577345
1233483200917385219
1233490041692991490
1233489475206090752
1233489160989749249
1233482869978386437
1233488998636621824
1233484421199802369
1233489803980738560
1233495390240018432
1233483309453279232
1233483269833920513
