1233791461486931968
1233797991359582208
1233798962580279296
1233788774204821504
1233793669188075520
1233795772723933184
1233792414055198721
1233790504371810306
1233795606197329921
1233786533079080960
1233790924490248194
1233793478351609859
1233785311475400707
1233796540080250881
1233784538188394496
1233789025900589057
1233789704245366785
1233789782712557568
1233797931016347654
1233797817602318338
1233798867512156160
1233793994523430912
1233795283164770310
1233795383295463426
1233784105789218821
1233784663044288512
1233789830687006720
1233788085135118338
1233784085115478017
1233784958621114370
1233798599709990912
1233793132476551168
1233789642891071491
1233792741173317632
1233794747820584961
1233791843072008193
1233785045627949059
1233785151991242752
1233784223816978437
1233788977745932288
1233798276346007558
1233799026153328643
1233787585652236290
1233791857693323264
1233786588091555847
1233790510206214146
1233795546415951872
1233794463274635265
1233784557213753347
1233790050829103104
1233788291784134656
1233787166276431872
1233794283439874053
1233789723862294535
1233793244783370241
1233786491630948354
1233788027123617794
1233787936757424128
1233793270985084931
1233793022527033345
1233790739986944008
1233787343867346945
1233789406953246721
1233793609171898370
1233790541558665216
1233787182025830400
1233789443451936770
1233787792376856576
1233786644601417728
1233786235358978049
1233788832425938944
1233795563696594944
1233798377030275074
1233789016887250945
1233792214838513664
1233796805189668864
1233795716763406336
1233784090152669184
1233789863956287488
1233797088271642624
1233793421791420419
1233787810798280705
1233798131369816064
1233794599711277058
1233785807904731141
1233795383538659328
1233793653543489536
1233796795672793091
1233785987093889026
1233785320925061127
1233791415198638080
1233794742908903424
1233798550527578112
1233798627719385089
1233793353319403520
1233784015284367364
1233793735747624961
1233788819255812096
1233794296031174656
1233796134306402305
1233784434748465152
1233794027289333760
1233791870318399488
1233787997058949120
1233789486523396099
1233785945842802688
1233797366689517568
1233793792907431938
1233786309715492864
1233793299275747330
1233792194324000768
1233796144943124480
1233797220195094530
1233790681082142720
1233791259258449921
1233798204489129984
1233798855176708103
1233784934793433088
1233787126166089728
1233790901660471297
1233796132775583746
1233787370224394240
1233789721509154817
1233795102083973121
1233791659806273537
1233788730940567552
1233795335606001669
1233788190223409153
1233786954736709632
1233797824816566276
1233789397365067777
1233788642138771456
1233785922237476865
1233795597603393537
1233798373427335168
1233798276207366146
1233790416085897216
1233784653984813058
1233792174736670720
1233795237723746305
1233788902588084224
1233784108918231042
1233796198609211392
1233795258280038401
1233796522271096833
1233789687615152128
1233784588318789638
1233787606363566082
1233795952051458048
1233792296325439488
1233796963545468929
1233795886209101825
1233794491032707072
1233795480376635392
1233794348581638147
1233785429331251200
1233795942265933825
1233794182763823105
1233789463748337664
1233786086998106113
1233793230820372481
1233795431731208193
1233795128852189185
1233793311904849920
1233788970615689216
1233788960813518850
1233788021453074432
1233790840708812801
1233786439005065216
1233785645514010624
1233788252634611714
1233795559300923393
1233786973640282112
1233794447911116801
1233795270380408832
