1224656283464355840
1224657101445914627
1224660377037754368
1224663482462875649
1224663278145568770
1224656266363981824
1224660817821552641
1224657507777269760
1224662010362724352
1224661141420417024
1224657145372860416
1224657975434006528
1224660060229505026
1224657376654974982
1224655897378508800
1224661662516404224
1224658900210737153
1224658594328719361
1224661951718006785
1224661776274350080
1224659896672505856
1224655914336047104
1224659815718359040
1224659487379771392
1224662351258869760
1224663426040987650
1224663728169406464
1224655815736467456
1224656719411724289
1224661342029631488
1224656825729024000
1224663160247869442
1224655110317510656
1224661510783262721
1224661454231457792
1224660363561533440
1224660822489616384
1224660301267660805
1224658448073285632
1224656424971620352
1224662091388334081
1224656692798873602
1224659824551399424
1224660692004999169
1224660051526180866
1224656510514417665
1224659862258438146
1224657800954925057
1224659953639518214
1224662966945112064
1224657890646134784
1224659557936455681
1224655624559947776
1224657191426306048
