1224085846527303680
1224089769891848207
1224076271535058944
1224076157781450752
1224089575036981254
1224075395533889545
1224077073163128834
1224075290638475264
1224077642292436992
1224088079138463744
1224088831286267907
1224075240621342721
1224075135684153349
1224086480274051074
1224075857368637443
1224088456198082560
1224077219536015361
1224086149171503105
1224087142269423621
1224089575062233089
1224077157896458242
1224087842713849862
1224089283235078145
1224089203186647040
1224076411893440512
1224075749008629760
1224086716832796674
1224087101513388032
1224076077200482311
1224075336318701568
1224075747675033600
1224086025598898176
1224088248776982528
1224075625608011776
1224089886753423360
1224085728935796736
1224089702275461121
1224085594189357057
1224087962931146754
1224088672729030656
1224085942799163394
1224075878717698048
1224075444263309312
1224077518480781313
1224075578413703168
1224089193003016198
1224086114098651136
1224077436918358018
