1227243670820315142
1227241248567779328
1227241116644212737
1227242594293317635
1227240227330129925
1227240926755508225
1227238812956418049
1227242454476193792
1227241290846224387
1227243422454411267
1227239758398545922
1227244851663532035
1227240196707516420
1227238485834133504
1227239962371772421
1227245193054707712
1227245164969619456
1227239515401515009
1227242009083006976
1227242226771644418
1227238104194375683
1227243887292567552
1227244153068761089
1227243228363132928
1227242349081681921
1227241036512055297
1227245686376271872
1227239829764591616
1227243288786173955
1227245292472266753
1227242383093321730
1227243192744964099
1227238608140218368
1227238668936478720
1227238426266800128
1227245699013570560
1227245188696956928
1227239959066640395
1227239224421711872
1227238754114396161
1227243265088532480
1227240243885039618
1227240264017891328
1227242852104593414
1227239819371110400
1227239763666554880
1227239512146767875
