1230284837983944704
1230282530307411971
1230281632805879808
1230292338590674944
1230289009068388352
1230289518260940800
1230286312227229696
1230282798813986816
1230295579592282112
1230283761411121153
1230284641912971264
1230288804189073409
1230283788418080768
1230288335169605632
1230290105492856832
1230293846782701568
1230285980109639680
1230283767471734784
1230293576635965440
1230281900943540225
1230295909696557056
1230281193423134720
1230285161239064578
1230283334066016262
1230282366666575872
1230292660105175041
1230283664912719873
1230290626819739648
1230281569149050883
1230281542334701568
1230292451207737344
1230293407370706945
1230283734022115328
1230282457284366336
1230283278642339844
1230286558667755521
1230291535247200256
1230287227336310784
1230282162387243009
1230295824883687424
1230290500676210688
1230294760012812289
1230291854530187264
1230290520535994368
1230286555106938881
1230281824670060544
1230291723366076416
