1229671252798783488
1229670909906055168
1229672101189214208
1229672085967994880
1229665801654820870
1229675774728232962
1229663059905400834
1229672622679633922
1229666575223074817
1229667721282875393
1229662406533619712
1229667434971516928
1229665588328292352
1229666014591377411
1229666116865122306
1229665121477070848
1229674607474507777
1229667893224206337
1229670033954983936
1229671897362763776
1229664873505869824
1229665907028291584
1229673873982910464
1229673714045767680
1229668207092543489
1229671181998944256
1229675068071890944
1229663766628843520
1229672364444512256
1229675055476551680
1229672818134147074
1229668130911186945
1229663275203227648
1229672840066031616
1229673647410823168
1229667953601384448
1229672102120345600
1229673326739587072
1229666146514800640
1229662491518566400
1229667460300718080
1229669838076792832
1229674746889023488
1229666330686763008
1229665360707604481
1229671215024881664
1229667740845248513
1229666194501685250
1229673536559517696
1229674624734068740
