1224805620878102532
1224808558845362182
1224804285688492034
1224803176936660992
1224801737221070848
1224803766802833413
1224810331060477958
1224804141207130112
1224808570018988034
1224805852588187649
1224811602525876224
1224806979018854403
1224812480108478466
1224812598752956421
1224812188663189507
1224812025529950208
1224808182658281473
1224811717282226176
1224802522709331970
1224799934022438912
1224806273503449088
1224812344129310720
1224808638772121603
1224807398663249923
1224810092694003712
1224811034222874624
1224804397944729601
1224800806345396224
1224810137384374273
1224807433328971776
1224802675688181760
1224800868136038406
1224809324691820546
1224808826915954689
1224804915937148933
1224800439771844611
1224811111909707776
1224808510673653760
1224800267197173764
1224806630350622720
1224805528305635328
1224800063932829697
1224812015417380869
1224810905008918529
1224804677511995395
1224807838977077248
1224810086171738113
1224804695186853890
1224804607727218689
1224803628403306496
1224803041666355203
1224812562010836993
1224804776728256514
1224804379468783616
1224803855961075712
1224800317419806723
1224804639578587136
1224801829659131904
1224806518962446336
1224802723700334593
1224808611660161024
1224806884194037760
