1225506396868939776
1225504437487259651
1225496542901133326
1225499224739106818
1225495208449716224
1225501840466423810
1225498443952611332
1225499942728413185
1225503972997333000
1225496840746999809
1225497179797753861
1225503357844049922
1225499905445302275
1225497340804501504
1225498523812102148
1225503424847994881
1225499564607754240
1225500708415385600
1225506654155952128
1225496549590999046
1225506962097475588
1225502967966715904
1225496447476543488
1225502650835308545
1225501140571344897
1225501775811268611
1225502446887239681
1225496150981140485
1225504230854844424
1225498472339603456
1225497487315808257
1225504730681618440
1225499903331389447
1225496960364355591
1225503181934866433
1225506479232421891
1225505839710113793
1225496133746790400
1225500195657539587
1225500747124674560
1225506069864206338
1225504761258106880
1225504252539351040
1225502344680480768
1225495474251223041
1225500047175028736
1225506572924837890
1225497902790959104
1225502753474125830
1225506518063292418
1225503024195526657
1225495204058234885
1225497889348210688
1225505868818591756
1225496357454188545
1225502153072140301
1225502013712191493
1225502386166345729
1225506908154597376
1225506276941160449
1225503168823484417
1225507019626602496
1225495919241711620
1225496786405597185
