1226564838631059457
1226564963562446849
1226554348727132162
1226566026017546242
1226551645166866433
1226565917393506305
1226552699291865090
1226552560674361347
1226551714863603712
1226551884392980480
1226566164207165440
1226552337486925824
1226554555929890817
1226552429505925120
1226552729893572608
1226565236414722050
1226551538644066304
1226566115389853697
1226551846359179264
1226553437187387392
1226553983994605569
1226552188530384896
1226554327587794944
1226566046380941312
1226565838225854470
1226552114572341251
1226552538733760515
