1225181298681139201
1225189376147296258
1225188197224845316
1225190972566405121
1225183477298974720
1225183032849530882
1225185472210776065
1225183655548661761
1225177325031084033
1225190629216415744
1225189796232007681
1225192125710532608
1225182031002292224
1225180015429550080
1225184946710401024
1225189125839560704
1225182636961746944
1225178446378283009
1225184342948950018
1225190203368837123
1225186945233498112
1225181123887747072
1225183562305101825
1225180029551689728
1225185219520712711
1225184241002012672
1225182307956482048
1225191900312788992
1225191497903099905
1225179409235070976
1225186381724446721
1225180313493671936
1225181332642377729
1225186456433385472
1225191692220932096
1225180976063680512
1225190694358278146
1225185550262587393
1225183974701576195
1225178647910387718
1225178062402265089
1225178970636931072
1225180382259294208
1225180184279764992
1225190612372086784
1225186793030594561
1225177312464982016
1225184883426910208
1225188106921566208
1225186373230977025
1225188823983849472
1225180058492555266
1225183891268476929
1225192065874759680
1225191210060582914
1225180706650935296
1225191636948246528
1225177715424231425
1225185438404493314
1225189193346961409
1225188345107689472
1225181062961168385
