1229680645280083971
1229680219792932865
1229688200626610177
1229687849051508737
1229684564118949889
1229689698576195584
1229688446135832577
1229685742491725824
1229686475937263616
1229691340490973185
1229689395936190466
1229683470873628672
1229679182759641089
1229680819020558336
1229687960385261568
1229681131173244929
1229691003042398209
1229680489478459392
1229691510104309760
1229685413536645120
1229679766745362432
1229677496611659776
1229687841086681088
1229686204548943872
1229677989610156032
1229681081714003968
1229687801538461696
1229686067017572352
1229680658378706944
1229684055441936384
1229684440345042944
1229682000325423104
1229681223112503297
1229680766776307712
1229690653992374272
1229679370392031237
1229682638262296577
1229677558695727104
1229688179093069824
1229680246850572288
1229684500260642817
1229678462031613952
1229680265238323200
1229687703446253568
1229690064101421056
1229685619325931520
1229680178307194880
1229686748092874752
1229679629595791360
1229688953445474304
1229684765944504322
1229679523458736128
1229690309111681025
1229683684074082305
1229689196954161152
