1233112814409207808
1233112529360113665
1233112216011972608
1233118469471850498
1233105206558285824
1233118113257922565
1233105679767998464
1233118272309977088
1233118226101481477
1233113225962688512
1233113087353421825
1233104787383738368
1233105168989872128
1233118352932921344
1233118674002702336
1233113113165041665
1233118054877294592
1233106427192807424
1233106003412971520
1233118603299426304
1233112412682891266
1233118015073349633
1233119308831580160
1233118960364740614
1233105345058263040
1233113070186065920
1233118146673938432
1233118025798291458
1233112172324106240
1233113113333026816
1233106381089181701
1233113607224905729
1233118733754826755
1233119208373768192
1233112714769289218
1233112562407006208
1233113553789505536
1233113590585950208
1233106435158007810
1233104846007328769
1233106461716336641
1233112132432138242
1233105865223397376
1233106246569484293
1233106413594927104
1233118117662011392
1233111023370022916
1233118409740767233
1233104900990603270
1233105550537306112
1233105798101778432
1233119101612183552
1233119483490947072
1233111128147886083
1233106125517660162
1233118594239737856
1233113226637987840
1233112383356391426
1233113364102090753
1233112870474395657
1233111183793803264
1233106255348224002
1233119333347405824
