1229708961567236096
1229718933818789888
1229721101648875520
1229717588743114752
1229712246378389504
1229716318011584515
1229711911836626944
1229708909243490311
1229716971454967808
1229709452934307842
1229709041946906624
1229713176029167616
1229711166559092736
1229721461591404546
1229719977525227520
1229718180345647104
1229716290400473088
1229713694663135232
1229718517328596993
1229710387349803008
1229712178392924165
1229709322617098240
1229710201982291968
1229721321241743361
1229716110020210688
1229720788778905600
1229716615752757248
1229713172119949312
1229710049968185344
1229718068533723136
1229720001831153673
1229721688931090433
1229716742173274117
1229715458095374336
1229714063287971841
1229718861789958144
1229713956689895424
1229710736336789504
1229707701288099840
1229709033382260736
1229719666630811650
1229720635493904384
1229720777794125825
1229714096368517121
1229722042955685889
1229714655511293952
1229709645553393664
1229707797253648384
1229715652665073665
1229711654801141761
1229709172410707968
1229719542630191107
1229721097769275392
1229720434582618113
1229709129666715649
1229707839784005633
