1230934643739942914
1230942882548322305
1230933906834296839
1230945044791746560
1230933495368667136
1230937674057428999
1230943439275151363
1230944249140645894
1230933408878075904
1230937778755719168
1230940056631771136
1230932542213234690
1230934404077367298
1230941719870484482
1230931172416532482
1230938908986413056
1230939769904955395
1230936692120522753
1230933521050591232
1230938674818215936
1230943635979603971
1230938069991333888
1230943903060238336
1230930878773284864
1230931849515601920
1230934340512763904
1230935850784935936
1230936936082288643
1230935096275980288
1230935496831852544
1230943262669668355
1230934048677208064
1230934508314222593
1230942381966528514
1230930586438717442
1230944282338582528
1230931106062487552
1230938800051933189
1230937580516102145
1230938935435677696
1230939999950036994
1230938407758696455
1230944565437378567
1230936749007933443
1230945183375724548
1230933291336900614
1230942792299343872
1230942546517463040
1230935146192424960
1230931173012054020
1230944719448002560
1230937055498080257
1230931362422644736
1230932953368322048
1230930286629666817
1230931972039507969
1230939656692301824
1230935625827803136
1230941404496617472
1230940541233266688
1230931027322863616
1230931514000539648
1230938849926426626
1230942556411875329
1230944572856913920
1230942292900548608
1230942462052651009
1230942316422144002
1230933028450586632
1230932948498685952
1230938424644788224
1230934960003002368
