1224347908276965377
1224357254985465856
1224347368151105536
1224356138923094016
1224347572422078464
1224356923740286976
1224348107724546053
1224356982590623746
1224348816096276480
1224357995267510272
1224346828855894016
1224347052127277056
1224355410980659200
1224357143182073857
1224355010521096192
1224356631389052928
1224357461576093696
1224357734566584322
1224357954226356224
1224358341192884224
1224347947841871872
1224356266941640705
1224357216796512268
1224355993162780672
1224356712720846848
1224355612340912129
1224347805008961538
1224357651288473600
1224356608400072704
1224347183828422662
1224348199407640576
1224358180244742144
1224356559129661441
1224357664592932864
1224346945755525121
1224355163349057537
1224348009871233025
1224356982213238784
1224356091984629761
1224356290979172353
1224357952041226240
1224355344190713866
1224347900244844545
1224355461148766209
1224348743207661569
1224348455578955776
1224357578274168833
