1227800950728867841
1227798514257653760
1227798198749560832
1227798735729508352
1227803076347748353
1227798392014663680
1227803847063744512
1227803799126863872
1227799832032468993
1227803156622594048
1227797779096817664
1227803847541886976
1227799172276944896
1227800808441491456
1227801527777202176
1227803967834353664
1227801167876497409
1227800738580987905
1227804531976572928
1227798791492947968
1227803178344693762
1227803795851218945
1227801996943593472
1227798471270420481
1227802245535862784
1227801824582938626
1227799612372738054
1227803268761341958
1227800796391182337
