1225995361098928130
1225997202566385666
1225995016222343169
1225993498706481154
1225993608718766081
1225996362631786499
1225993152516898816
1225998367500754944
1225995256715411456
1225996785069543425
1225997201840603137
1225996641024364544
1225992672201994242
1225997532515512325
1225994914724564992
1225993146317692928
1225994309767286784
1225997471635079168
1225993642667470848
1225994402235133954
1225997914083938306
1225998952060915712
1225999306672336896
1225995267633082373
1225994070708957184
1225996493959696385
1225994083841146881
1225998652885344258
1225995436369965056
1225996826991419393
1225997641768722432
1225994050781827072
