1226055887015600128
1226059629496430594
1226065376263405568
1226055734170796032
1226063962174824448
1226063021635620865
1226056379409952769
1226061279342673920
1226063813729865728
1226065221493477376
1226067604856614912
1226062524803477505
1226062995710545920
1226055777485565952
1226060262844665856
1226059243096174593
1226062166698020864
1226058430164721667
1226058112794152961
1226066376831275008
1226058848248532992
1226057193943793664
1226057876151554048
1226060754727702529
1226067473402777600
1226057096845639680
1226063052287684617
1226066921038073865
1226066224192290817
1226057823982718976
1226062302891388928
1226065813741826048
1226064350454005760
1226058243153133572
1226066089475497994
1226055882393497600
1226059159327539200
1226060031986225153
1226059939245891586
1226064703023206400
1226063398464557056
1226063048600887296
1226055458307395586
1226066124678291456
1226063565729288192
1226056367795924993
1226057171441373186
1226063750068916230
1226062715174584325
1226060545452912641
1226061506233733122
1226064006571380736
