1230966449344258054
1230961980338364416
1230973031398305792
1230968800448851969
1230969531788558338
1230969981774508032
1230966950836264960
1230963998666915845
1230963055359660032
1230968044593217537
1230960916679790592
1230974603310354434
1230969903814991872
1230970379671351296
1230965554644758534
1230973571679375361
1230966827855073286
1230967669224099846
1230967819090702341
1230963097977937922
1230974647589580802
1230972238276415489
1230973091947405312
1230971720850427912
1230974718758576135
1230974695765241856
1230966524262916096
1230972316479361024
1230969193203404801
1230973646019055616
1230964978309574656
1230967100576919552
1230975171802095616
1230970782706290688
1230963274247626752
1230966192862568448
1230969007567704064
1230969475756908555
1230971048495079426
1230968482180816898
1230974472347422727
1230964906595192833
1230964757336739840
1230961692231786496
1230965907817746432
1230966604319592448
1230963135944810501
1230969608460435456
1230966562728955905
1230975221269749765
1230971315768758272
1230968678461706242
1230969307930202112
1230970724426407938
1230972082370023431
1230965443617148928
1230974120499843077
1230963811936612352
1230961474249601024
1230970421580849152
1230968686904774657
1230965128092319744
1230964945308782592
1230970395781718017
1230962102380052480
1230965975836766209
1230966811056902152
1230974897809170434
1230971193618051072
