1230262305297965056
1230264461593702400
1230252449912492034
1230253841574174723
1230259249072279553
1230253038738313218
1230263119735328771
1230259818100862976
1230260372407541760
1230260676133818368
1230257073583271938
1230255757175582722
1230261195841720320
1230265366640766976
1230262927871086594
1230254142796505093
1230260407283007488
1230265520324136961
1230254638517014530
1230261240813015041
1230265565249462274
1230258342418960386
1230260679388663808
1230256302884085760
1230259478622330880
1230265586879324161
1230261967442583558
1230265338643832832
1230256721656008710
1230255534164463616
1230265248361390080
1230263382416203777
1230263192544133120
1230252451690942466
1230252565276827651
1230252470485434368
1230252862007017474
1230254529322659840
1230254263579922433
1230254502999097349
1230261937843396609
1230264091781976064
1230254740572966913
1230252285726318592
1230261191651418112
1230256214602387456
1230265052768428032
