1228924461484670979
1228929420150198272
1228924976058847232
1228934482750660608
1228928634192384000
1228935797174202368
1228922247881953281
1228933098596782080
1228936879170605057
1228927008454914054
1228929719938113537
1228930500544196610
1228934450588741632
1228923776823263236
1228936300037844993
1228925935665041408
1228934743766355970
1228931791051874304
1228933820339998721
1228933678778089472
1228932495636172800
1228927244959043586
1228925753246404614
1228930465060417536
1228927234133676032
1228925482927710208
1228928790396407808
1228936262230278145
1228924468883361792
1228932897639264257
1228925468256034816
1228926162589503488
1228931200485646337
1228929889245462528
1228928112789983233
1228932448744099840
1228936022752464898
1228930770401669120
1228922534789341190
1228930291974066177
1228926809066135552
1228929939929305088
1228935596682313729
1228930918863081472
1228931983889223680
1228934879393480704
1228936500273766400
1228922419173261312
