1233851104854761472
1233845075957964801
1233846298350145536
1233859341670854661
1233858768460505088
1233857218002460675
1233845685792989184
1233845964886151168
1233846719055618053
1233854186917388290
1233853444659859456
1233849555227234305
1233845091665612800
1233851107450982413
1233853130875555841
1233856036819406849
1233847489553469443
1233859334280556549
1233853254544613386
1233857787404353536
1233850623319212032
1233853356294184960
1233849956915728384
1233845596462682112
1233853610733244418
1233851613946748928
1233855219450007552
1233858356483256320
1233850640503386112
1233857864562692096
1233858777281110016
1233858574037721088
1233849334468313088
1233848022221631488
1233851737238376449
1233858821891604481
1233847938914410497
1233851519503654913
1233849923369676800
1233854315544109056
1233844544103317506
1233849020449263616
1233847882358411265
1233852283894497281
1233853131798106112
1233847246589808641
1233849048588804099
1233859321273999369
1233848787707351040
1233858784642109441
1233851036328218626
1233846753704673280
1233845422264705024
1233848872000270336
1233844723330289664
1233858763741941760
1233851201092976640
1233858366427951104
1233847682990592008
1233858996290768896
1233858729357008896
1233847552501518336
1233851229949788160
1233849392475574273
1233845845142929408
1233855979881746432
1233847112095404034
1233845940504735745
1233847829409542146
1233844998254272515
1233851462540759042
1233849967032315904
1233853677259153411
1233847463183880195
1233848260365824001
1233858609240559616
1233851062412546053
1233851525585350659
1233845287355023360
1233853425206648834
1233845739459141632
1233855481531240449
1233856536973389826
1233853262748581888
1233853423830827008
1233855871991476224
1233845339817467907
1233850033008570368
1233852673075666944
1233857354166198273
1233846180892856321
1233846854732931072
1233855077456269312
1233857244644724736
1233857754307055616
1233853345070276614
1233854204223086595
1233850915527983104
1233851980566626305
1233858055567216640
1233848090064556036
1233856397554511872
1233858786554785793
1233857695838605313
1233845711055224833
1233853347205189633
1233844860139884544
1233853494702092289
1233852629215739905
1233846843878125576
1233857397069877249
1233855654001020929
1233851878968111105
1233854651574996992
1233846981820395520
1233855347464589313
1233849922195279873
1233846461374308352
1233857850105090048
1233859431743524864
1233857737190232064
1233857370998136834
1233847236309725185
1233855376774266881
1233847467730448384
1233851894663131138
1233848773484466178
1233847656620994560
1233851952183816193
1233858624948039681
1233854187877720065
1233848206666215426
1233853382898544640
1233850820808134656
1233846372203466760
1233853262266130432
1233848172608442368
1233852954840576001
1233853237364690944
1233853403568144385
1233844938258907137
1233853901482479618
1233851278448570368
1233845796250046469
1233852439796695040
1233853629116887041
1233855389000720390
1233853762067931136
1233852881952006147
1233848413969453056
1233853988476530688
1233858380021800969
1233847485291872257
1233853719348944897
1233851197456572418
1233857818014486528
1233850371728191489
1233857380854558720
1233848126110220288
1233855451348918273
1233859068894289925
1233854119661584384
1233847765769342982
1233845254916276224
1233855675450691593
1233845518494773250
1233857114323537920
1233848174479015938
1233849914372870145
1233845874607804416
1233855019709063168
1233856900120432640
1233855677145255936
1233855873996525573
1233858679608430594
1233858746360578048
1233845525746720768
1233852717744807936
1233857799395971074
1233855461931278337
1233850920015945733
1233853469875937283
1233848266577588225
1233846936295350277
1233844939856994305
1233844550696751104
1233847694147244032
1233849162464100359
1233857821881569280
1233847334821220352
1233853467451625473
1233855291017613315
1233852750934532096
1233850900416024576
1233857794295635968
1233849238582431749
1233854427238404096
1233856975965802496
1233846789226270728
1233845813417259008
1233846873921851393
1233858937839083524
1233848167793381379
1233844679944417285
