1227313945624633348
1227312103423430657
1227321398969982978
1227314962458169345
1227320701427814400
1227314941956415489
1227316488668925954
1227321033209806848
1227315271087595526
1227319372412264448
1227313444371783682
1227315722696654849
1227317911888551936
1227312483569983494
1227315270013730822
1227315342436978689
1227318500735291392
1227316070672949250
1227315843068985344
1227317962572431368
1227317422648152065
1227315628706553857
1227314837618909185
1227312129532997634
1227316146724102146
1227318422939340801
1227313665487069189
1227317567724965889
1227320785553018881
1227312845576196105
1227312690030358529
1227320975613681664
1227315036084998144
1227320396002795520
1227318227975491584
1227312338312859648
1227314538816647171
1227318452899192834
1227314769918668801
1227318078884716546
1227319256477507585
1227317044124712960
1227313074757128194
1227320819040342019
1227318611628503040
1227318886397292546
