1230703866032738306
1230712068120006659
1230707232330792961
1230711504271335424
1230717939306745857
1230707026273062914
1230709199652286464
1230708901336641536
1230709624900222977
1230709077283495939
1230716013206880256
1230704620692860935
1230704960506974208
1230718340999467010
1230717888211718144
1230705569624780800
1230712946172420096
1230715891446243329
1230717204930281473
1230705871006494724
1230711378622599168
1230711516845862912
1230712949246816258
1230708046097051648
1230707939217833988
1230708655944687630
1230713747427119104
1230705841046614016
1230705950169845761
1230716938587758593
1230708504865857538
1230710928833859585
1230709888793206784
1230713871679098888
1230718710186250240
1230707602582958080
1230710315697897473
1230709678868316160
1230703993644388352
1230705827557691398
1230715341061312513
1230708268084809728
1230706672542216192
1230710221472854016
1230717620288016384
1230704140709285889
1230704769330630656
1230718242508787716
1230716698736488461
1230713255481335808
1230710279316525056
1230705891378257920
1230712307040186369
