1232645574647742465
1232644727951982593
1232651122512400384
1232650815963140096
1232639403744530432
1232645636765474817
1232639051976642565
1232650624413523968
1232644973910253568
1232638912977342464
1232650817892564993
1232645501968953345
1232639153474560000
1232645087257124865
1232644580333350913
1232639567406215174
1232639639128879104
1232650506947817478
1232644600751259648
1232644692157718529
1232639652160516097
1232650682408161281
1232639680480497670
1232639600377651201
1232639421314297856
1232638648211976192
1232651358823731201
1232650686803804164
1232645234913402880
1232644379942248450
1232650909102092288
1232644709358632960
1232651216825602048
1232651446778286082
1232639177922994176
1232638442535882752
1232650138470027264
1232645786858487810
1232644602252886017
1232645195117875201
1232638326894743553
1232644537186766848
1232638789249576960
1232639421054365696
1232650256971714560
1232645624622800897
1232639085853868033
1232638624950128641
1232644287889903617
1232645225929224193
1232645112624287746
1232650142106386432
1232644651774967808
1232639860336451587
1232651235171368960
1232644940024438792
