1224737886643331073
1224734891763478529
1224737478537551877
1224738134329610240
1224736694663925760
1224733899621748736
1224735928364613632
1224737449030692865
1224725317237071872
1224737071467843585
1224735864514805762
1224735165793988608
1224735524017070080
1224732774092828673
1224732972961546240
1224725109753008128
1224737419787784205
1224725224190427136
1224733102393700352
1224738916042989570
1224734350106923017
1224738963874861056
1224725275885236224
1224738770064420865
1224738673033269248
1224738652196163584
1224737090392481794
1224734837371801600
1224734339688210433
1224734554616786944
1224733951622815746
1224737002983174146
1224737181467414530
1224738762242121733
1224734205990576129
1224739354460987395
1224736496650989569
1224737361680048129
1224735078875615235
1224736606143307783
1224737118334808064
1224739320445259777
1224736537318838272
1224738093351108609
1224725172273287170
1224738949807181824
1224737920340328449
1224734858909380609
1224734570546774017
1224734459959836672
1224738685775679489
1224739141402759168
