1226623229554577415
1226618147995820032
1226621205400162305
1226622431445434368
1226620576862699520
1226622737977925635
1226612036563501056
1226615066512023564
1226621223125209088
1226615521522671617
1226613042240196612
1226618982360326147
1226612954520604674
1226614018925711360
1226620190915428352
1226617566724083717
1226615708160798723
1226619234081337344
1226616774134771712
1226620379487182849
1226611750121938946
1226611746686849024
1226620317096914944
1226613442716602369
1226614597756628997
1226612710038818816
1226612487400935424
1226619906348605440
1226612404693458947
1226611731344035844
1226616797891264518
1226616344508076032
1226617556171132928
1226617783204622337
1226612953304174594
1226622553571155974
1226613926789554181
1226614929676959744
1226624496712536064
1226614231690293248
1226614916477485056
1226623585395118081
1226620744022425600
1226619365447098368
1226621996861198338
1226615592859426816
1226617434708336640
1226623909585399810
1226619415573213185
1226619085364088833
1226612566476107784
1226614082691710977
1226612860131868672
1226618701044166658
1226619408333688832
1226622732764401664
1226615119469260801
1226615356841758723
1226612304520679425
1226620079011315714
1226623736121634817
1226620151182827520
1226621044515131392
1226619551887970304
