1227838691420229632
1227841273387765760
1227837493250117633
1227841026183790592
1227838087016964096
1227840749519228929
1227836732839583744
1227838147414806528
1227835305530494978
1227841163941404673
1227838629285728257
1227836687721619456
1227839125572718592
1227835539262300162
1227838832655118336
1227835641263771648
1227837264291680257
1227841688086949888
1227838015541661696
1227841073009057794
1227842223464644608
1227836646353141760
1227841784669016069
1227835846021259265
1227841421824184322
1227837128429559808
1227837376992399360
1227837455367319553
1227836275668983808
1227839657003622400
