1228670728616046592
1228674349315612672
1228678530466140160
1228672729496244225
1228677599553081344
1228679583949447168
1228672689620963329
1228674631873290240
1228677510046666752
1228670188549132288
1228677467973414912
1228677348926447618
1228674393959796736
1228670542686720000
1228675531245150208
1228674863226916867
1228677851538427904
1228675821562466305
1228670417327415296
1228673831730106368
1228670038963392520
1228677151634939904
1228670337535160320
1228672941585551360
1228669672679043080
1228676380210212868
1228672437690126336
1228679373982748673
1228677206920060928
1228675370162909184
1228679245314088961
1228678931521212418
1228674227886153740
1228677599259348994
1228669724680024064
1228669684402155521
1228676153382064128
1228675852923215873
1228676432177631233
1228671262584602624
1228672104297586688
1228670137600901120
1228677669316964353
1228675400680837121
1228676333355454464
1228678960650899457
1228674861012324354
1228678019834732550
