1226503440467144705
1226503988637552644
1226504315038240768
1226491996728168450
1226504364086513670
1226492045587615745
1226492141846724615
1226493436695474178
1226505603482181633
1226505355657502720
1226503468636045315
1226493754594426881
1226492016453804034
1226503400298147841
1226503310703648770
1226491830558175232
1226493439178571776
1226504068362797056
1226503383630196737
1226492662917804032
1226503264398499840
1226504956485595136
1226503215002218496
1226493911029383168
1226504463810088961
1226492251116916736
1226492247379591169
1226504806375682048
1226505783170363394
1226504610342326273
1226492059206459399
1226491095850389504
1226493269145604096
1226503203786653697
1226503707845627904
1226493780783702018
