1224527357442056192
1224513924336214016
1224524442677563392
1224525784477552643
1224527848213483521
1224527861287194627
1224524763760033792
1224525174931894273
1224527758971281408
1224513442943553537
1224524009225826304
1224526908139999232
1224524896786702336
1224526032247459841
1224526366844116992
1224525679959728129
1224526823796592641
1224513379831648256
1224513899552296960
1224527832522428422
1224525165708574721
1224524877903867904
1224527425821757440
1224524312734064641
1224526597128146951
1224524873893994497
1224526668922064896
1224527314970525696
1224526546964082688
1224513430230532100
1224513965830443009
1224514050010124289
1224525621801304064
