1228120906842677249
1228119726775095296
1228113310563872768
1228115422437765120
1228117488778579968
1228113667037618176
1228121388743000065
1228112995190001670
1228113362174668800
1228112216391585793
1228115374350032897
1228112496910749696
1228121076787445762
1228118682821369857
1228120409297416192
1228115679188062208
1228119114574491649
1228117432834740224
1228114197189292034
1228118292528758785
1228119642838728705
1228119416837046272
1228113300380114945
1228113136386895872
1228118215148089345
1228120875687383040
1228121552669085697
1228118515468636163
1228114184161955846
1228112998079721472
1228115922461741056
1228116869120495618
1228115862529376259
1228111597467525120
1228116365925445633
1228119094920175618
1228117565085323265
1228116645421424641
