1229034762637058053
1229035235980922881
1229031437162160128
1229030707823095809
1229035085065785344
1229033412528238592
1229037405069398016
1229036630331101185
1229035820260028416
1229029419529854977
1229033666384281600
1229028026329030656
1229036939996585990
1229027773135704065
1229035334966632448
1229032715774656512
1229033902905360387
1229036063911534593
1229028862690045952
1229033025754804224
1229037042543349760
1229028131001880577
1229031967460593664
1229037046909620229
1229037787191631873
1229035564562866176
1229033439501795328
1229028316553916422
1229036714649276416
1229029812305453056
1229032253000429568
1229036132211388416
1229033066502295552
1229035025590448130
1229030036549685251
1229037853352398848
1229031805795422208
1229029869314609154
1229034221500538884
1229032047299219456
1229033170495885312
1229027921647394817
