1225561104581038082
1225560415406522370
1225555526416838657
1225565507824291841
1225557798588682247
1225564703298117632
1225563517576720385
1225555975895158785
1225557333306150917
1225559492051578880
1225558801287458816
1225563040977911813
1225559242947649550
1225563079057997832
1225554764382912512
1225561848898113539
1225563378111918080
1225558787521732609
1225562686693478401
1225564759208144898
1225559414926651392
1225561028890710017
1225558269248331780
1225555836841406470
1225556398852886528
1225559778988040193
1225557248757391365
1225556025778081794
1225557802623623179
1225564269728718849
1225564621983055872
1225559333582364675
1225564373835534336
1225561059735613440
1225565330019438594
1225562642527420418
1225557210052296711
1225564856448774144
1225562199684505600
1225559452151111685
1225561097647874048
1225563537197731841
1225563163757830144
1225563221869957122
1225561890652409856
1225560387522891779
1225557437941534723
1225558539357192194
1225557937608962052
1225565285811396611
1225561731537231880
1225564789516226560
1225557776082096128
1225556774746542082
1225558876881289216
1225562954785001472
1225564257586221061
