1224488713494900737
1224485190359289857
1224492547260801026
1224493051696926720
1224488880696508416
1224485155710042113
1224488026547593217
1224491437997379592
1224484490925527043
1224487777443745796
1224482852814905345
1224485195031568384
1224485596204322816
1224483844448976898
1224487566570815488
1224487874348883969
1224491861554810880
1224483199469813760
1224484354149306369
1224491006051192833
1224488059539984384
1224491762577625088
1224486357722025984
1224484024556482560
1224491487901208577
1224485990443765760
1224488026824249346
1224482728965365760
1224483552789745665
1224492955219554304
1224491944686030848
1224484052188782593
1224490717378162688
1224484734551543808
1224483352151056385
1224492270247981058
1224490774869528576
1224492212513394689
1224489563621478400
1224487834003869699
1224482755070824448
1224488065445453825
1224484186645463046
1224492148155920384
1224487546215780352
1224493068289703937
1224492936433426443
1224485587899625474
1224483121917300736
1224489689404461057
1224491593081618434
1224486107892465665
1224490368101748736
1224483114749169664
1224486452706336769
1224491212523966464
1224492935368118272
1224482764663115776
