1228477089763844098
1228474935066136582
1228483035890409472
1228483430742097920
1228474279584387072
1228477049506942976
1228481609801879553
1228478356460621824
1228471411712253952
1228471066101764099
1228481678160670720
1228471339146719232
1228475310158622720
1228483846473043969
1228476847928827910
1228477055160877056
1228478457111183360
1228481446458875905
1228470990449057797
1228473486877720576
1228472091478937600
1228478666583216128
1228484048709914624
1228477250607206400
1228479906083983360
1228478407261880320
1228484020964474880
1228469756489076736
1228483436815540225
1228480438139621379
1228469748565889024
1228481568823365633
1228472499559522304
1228472076954193920
1228474357841891328
1228477123679195136
1228473360146935808
1228475677151768578
1228479925734137857
1228477826271186944
1228479681101475840
1228472657718497282
1228472812412731392
1228477950309232641
1228476509029093376
1228475554258661377
1228481567263051777
1228472978570194945
