1225965203440967681
1225968727444856832
1225968347306610688
1225970028400562176
1225969301389291520
1225966811402973184
1225964615529422849
1225966689034153985
1225969309404614661
1225963958080856067
1225965348282826752
1225969992442597376
1225970133027262465
1225970997708365825
1225970162651758598
1225969240920010757
1225970642723524610
1225968431041777664
1225967483590529025
1225963873003421696
1225963440134643713
1225965395942658048
1225964185525223424
1225970108897480704
1225963691402723329
1225964071087792128
1225965669591715842
1225966672940433408
1225966838347112448
1225967503005843456
1225967583620476933
1225965885195784195
1225971435824435200
1225964074007060480
1225963735476363265
1225965870129639424
1225965166946213888
1225963076760961025
1225963616148451328
1225968078997086208
1225966007077888005
1225971174615797767
1225968425844924416
1225965926828269569
