1228341903935979520
1228344338062741507
1228343422005673985
1228344674924081152
1228347848896368640
1228347481374613504
1228348052475392003
1228343838906781696
1228341726403796993
1228342253451698177
1228345710522716160
1228347415113162752
1228346909535936512
1228341922181218304
1228347447866351622
1228344728204316672
1228343271371530240
1228346432958189568
1228344527083180036
1228347865518530560
1228344516006027264
1228348135417638912
1228341481968107520
1228347959068315650
1228345360982003713
1228342560101302274
1228346141546336261
1228345760997105664
1228343644995719169
1228341986534420481
1228342494745759745
1228341227692666881
