1225314512452149249
1225320632902045696
1225327523866824706
1225313971512709120
1225324172177395714
1225315273298923521
1225320189350170624
1225326263394390016
1225318953443971073
1225321888337088512
1225320565734617088
1225324083690106880
1225320224532025344
1225314874462556160
1225323771394789377
1225321054530342914
1225313617945485313
1225326649404608512
1225313689135452160
1225315397794062336
1225325175585099776
1225324358639308800
1225314990036594690
1225327867413721089
1225313241011638272
1225315327900184581
1225314302514601984
1225314651841253378
1225323474001985538
1225318504368427011
1225319226606522369
1225320563712741376
1225320490631417856
1225318634869919745
1225326721739587584
1225325944623239169
1225320309361799168
1225313456758435840
1225315963169574912
1225320629429137409
1225319122659168257
1225327902108991488
1225323512845537280
1225321495259275264
1225324385785040896
1225318586706563072
1225314208818061312
1225318391508066305
1225315887156121600
1225318337334382592
1225327451837890563
1225323410357506050
1225314659173117953
1225324005512679425
1225315361987293184
