1229374564473372672
1229365034796699651
1229369943407370241
1229368477879803904
1229373500873420801
1229365814815547392
1229368592304615425
1229368265505431552
1229373269574344704
1229363539720228864
1229369978584887296
1229368382052499456
1229367839435481094
1229363212321116161
1229374334092709889
1229364458662723584
1229365126857285632
1229360546673254403
1229373668926672896
1229367896733880320
1229365065175851008
1229374445560594432
1229360041498570758
1229367796699672577
1229368129081561088
1229370698889605120
1229362854358388741
1229360200806731777
1229371491461910529
1229374888579723269
1229362734577283072
1229372926626918402
1229364405114167298
1229364781217460225
1229366742821949440
1229371191594536961
1229370078640168960
1229365895186833408
1229367058535763968
1229369540330446848
1229363694150111234
1229372501526007808
1229364518339391489
1229374663433703424
1229370509290360832
1229369035722149889
1229373639499317250
1229364474202607621
1229374124897832962
1229369261224857602
1229362622128152577
1229365085086216194
1229374846192087040
