1233069646997225472
1233070134245437440
1233063606763294720
1233069814370852864
1233069030803681281
1233063426760544263
1233069521965142016
1233069617465053186
1233070502014529536
1233070607639752712
1233063241460436993
1233064458089529345
1233070469655519232
1233064501114736641
1233070112099442690
1233063422356574210
1233064679926353923
1233064093994627073
1233063606708625408
1233064525663895553
1233063975975313408
1233064130992537607
1233069285901078529
1233069644069691402
1233064354079297541
1233064023291310080
1233070573812580352
1233064299087749122
1233063581530415105
1233063875982921728
1233063891925716992
1233070675063115776
1233064654924021760
1233063913354342400
1233069807525822464
1233070548449710081
1233069982440808448
1233069756200124416
1233069751686979585
