1230382687459766272
1230384781164269568
1230386050003918848
1230380961524617222
1230383478195314689
1230379980690874369
1230386498928689152
1230386500111564801
1230372006199083008
1230378395675971584
1230379093255847936
1230371586265370624
1230375635861856256
1230374222645485568
1230380915290804226
1230374698896125952
1230377080682008576
1230384285221347328
1230386189221285888
1230383960066330624
1230384304624005120
1230378454123593728
1230373768125534208
1230382375269306368
1230379404825481216
1230372297636229120
1230372280397680641
1230378874325762048
1230383801118969856
1230372852840353793
1230384284780945409
1230384599315943424
1230376139622887424
1230374143461404672
1230371759305609216
1230385362633138176
1230373117056475136
1230376451528110080
1230380968445235200
1230382018988429317
1230384366133469189
1230378093946163200
1230371638295891968
1230375988497915905
1230373508754092034
1230377249884426241
1230380895418404864
