1225138845064351744
1225135463171870722
1225138888756224000
1225135952022003712
1225133462065242112
1225134532250210304
1225133775090262016
1225136948840476678
1225132185658757120
1225136863138041858
1225134358639587337
1225132863189856261
1225136964317282304
1225138174822899712
1225132147788472321
1225136915021750272
1225132601800822787
1225135500391927808
1225134290318565376
1225139187780915200
1225132181539831808
1225134718116671494
1225135098497990662
1225133180166049793
1225137121498931203
1225136392155488256
1225137536315678721
1225136785501630465
1225133451822686209
1225132525510692864
1225132655978647553
1225138986986942466
1225132438126546945
