1230198319885975553
1230192826232852481
1230199307128786950
1230203471820881920
1230197551137161216
1230202159125291008
1230192971586379776
1230197447114145793
1230204528345133063
1230196997187080193
1230204605742690304
1230193235303260161
1230201997275619329
1230193047146844161
1230196221454831616
1230196439965413376
1230198877959184384
1230205142827491333
1230197970252861440
1230202020004536320
1230197563694948353
1230204381448089600
1230204633488011264
1230203029229580288
1230198041778556929
1230204946785587200
1230201767561814021
1230204971309621249
1230203112880824320
1230197418588876801
1230195016376569856
1230192779319533569
1230200481802313728
1230198703853535232
1230203617497505792
1230201613882658821
1230198956296146951
1230199326531637249
1230201958478340099
1230201242955190275
1230196236868820998
1230194110943772674
1230196121277997057
1230203902651400193
1230200454568697857
1230205157532672001
1230194228086689796
1230197872118915072
