1223657134711365632
1223657925874417665
1223657359521828864
1223660014704873472
1223659102825398272
1223660207579987979
1223659083212849153
1223659138581958656
1223658038411825152
1223658888307888128
1223659128612163584
1223658700277043200
1223659571278942209
1223658754828206081
1223656356768632832
1223656433964789760
1223657045590757378
1223657981696409601
1223658968603594753
1223658468730658817
1223659019866398720
1223660434122858497
1223660568663535616
1223659107317506048
1223656415216250880
1223658598527578112
1223658569888870403
1223659740548349953
1223657403675103234
1223656264103866368
1223656724197969920
1223658692735721473
1223656206243229697
1223660695301963776
1223660363352301574
1223659756025458688
1223660285153685511
