1227034234851774464
1227030910916288512
1227034036138213376
1227019586366824449
1227030495646478336
1227034025002504192
1227032161141682176
1227031491298963463
1227031414786449408
1227032069001232384
1227033673037271040
1227032877210071040
1227033657711513601
1227019664452022272
1227033293973049345
1227031314299269122
1227031149391863808
1227034284294311937
1227030412846911488
1227030616786554885
1227034198285987840
1227030844096884736
1227031280912605189
1227032215760048128
1227019601650864136
