1231137321359040512
1231133213633994752
1231133362812850177
1231138285918965760
1231137010246545408
1231133554744217601
1231139982770720769
1231133717667680256
1231132515865223168
1231139669527523329
1231131464890109953
1231141197256609804
1231131377208303616
1231136346795802624
1231136942466560000
1231134931155345408
1231132768068763648
1231132798037176320
1231131873075552256
1231137350249377792
1231130401575522304
1231130343492554752
1231137881709666304
1231136453784154112
1231129648681095174
1231134412378693634
1231140843844595713
1231140182369263616
1231140040396304384
1231134594260402177
1231141418749526017
1231137831776477184
1231133870768218112
1231129462495961088
1231136916680118274
1231131074475917314
1231129537095720961
1231132892937408513
1231129547011166208
1231129428060540929
1231132798741884933
1231133330650865669
1231129724077924352
1231140143181987841
1231137639572496384
1231132309606133761
1231131255598505985
1231134726015963137
1231141572080631809
1231131446275985409
1231129775458045952
1231132461679226880
1231133855710613506
1231132066936283138
1231131706846924800
1231139920833499136
1231136410738085894
1231130519812890624
1231133799620071424
1231139821285888000
1231134214189436928
