1232017157380333568
1232008892185481218
1232010113034203138
1232010074173952005
1232010263639085056
1232008535501832192
1232016160490762242
1232016883379003392
1232009667611648007
1232008648953679883
1232002358294515713
1232010339538984962
1232008153518235648
1232009312018538497
1232009578981793793
1232009008304840704
1232016884960288775
1232010207418572801
1232017083019464704
1232008727559098370
1232016621541240832
1232016101279764480
1232010024819601409
1232009153956151300
1232016168690388992
1232008484725633028
1232002250563670021
1232010174228987909
1232010350326898688
1232008917636571137
1232016063270772744
1232002457904959488
1232009178165776384
1232002569335169024
1232002471054041089
1232016468339879936
1232008477683245059
1232002647776989185
1232016314438488064
1232009893873364994
1232009032686280705
1232002334093447168
1232016286118481920
1232008893028540417
1232015954613276673
