1229251344285831176
1229247545651728384
1229247707266666497
1229250215619678209
1229243124578476032
1229248766504513536
1229245204349235200
1229239511705583616
1229242498163380224
1229248061135826947
1229239381216546816
1229243380510707713
1229249191014273024
1229245505386860545
1229241787312590848
1229240248074264577
1229251479384547328
1229240833859297280
1229244128090886145
1229243526682005505
1229249077147324419
1229249717294338048
1229250039534489600
1229253876575956992
1229244038567669760
1229252109817671680
1229247132898676737
1229247112786980865
1229253854169948160
1229248019670818816
1229253467417374720
1229243362349285378
1229246413155917825
1229248983790305280
1229244548104282112
1229246331933167616
1229241242267115521
1229249064191000576
1229242439866540032
1229251096595529728
1229240650106900481
1229244816334020610
1229250919252058113
1229250534407856128
1229254013838860288
1229245099130773504
1229249319519346689
1229251583164264448
1229243381785608192
1229249019848744960
