1224274806733860864
1224273503546793984
1224276062277918721
1224275641920630784
1224275703547428864
1224275572697661440
1224272222061117441
1224272189542871040
1224276754740715521
1224272761834487809
1224272198862622733
1224272629642616832
1224272727508283392
1224275888096722945
1224275032366559233
1224273280611143680
1224276876882890758
1224275835567443969
1224272695019352065
1224275805800452096
1224276374392672256
1224275040423694337
1224272728510754816
1224276041717383169
1224271978661666816
1224276961704329216
1224277651575246849
1224275592704512000
1224276646334693377
1224276789691731968
1224271350862213120
1224276614441078784
1224276885586305024
1224277170349936641
1224276015876194306
1224271458588938240
1224273957567725569
1224274355724652544
1224275554620166144
1224273911526776832
1224273864290471936
1224272095078690816
