1225807009120866306
1225809615058661377
1225807597074354181
1225808947359223809
1225807186783350784
1225806917081030656
1225808655951548417
1225807577822322689
1225797344123375616
1225811011032186885
1225810544202014720
1225809712802742272
1225810240404410369
1225808449440583680
1225808993177817094
1225797330244456448
1225806115893633025
1225806733391646720
1225809001725779970
1225806703289098240
1225809241602027520
1225798209613647874
1225796463432798215
1225809988318191617
1225807247718014976
1225806557989834753
1225809810735550464
1225808371342880769
1225810038935183361
1225810310105165824
1225811422615080961
1225809777273393152
1225810385028177920
1225809949881782272
1225808088223113222
1225796860276887552
1225808086675402752
1225798122036748288
1225797994035007488
1225808677375897600
1225810775727411200
1225810236843294721
1225807754851282944
1225810210503176193
1225797421453783040
1225796513751683072
1225807222086696961
1225809210409181184
1225807128041930756
1225805705724276738
1225807826263494657
1225797655432921088
1225807518850482178
1225810259475718144
