1226944237674958848
1226951616366043138
1226946399318794240
1226946624477249537
1226949147548364800
1226951534619119616
1226948213116043265
1226951562888536064
1226949009484505088
1226947803735347201
1226950453117669376
1226946384454180865
1226951144842440704
1226948679531220993
1226946280041086978
1226948050066780160
1226945426583998464
1226951549634646016
1226944731432849408
1226951628273659906
1226947729038774272
1226948208456327168
1226945555802337282
1226946182515249152
1226945822345940992
1226950241888411650
1226951584137011200
1226948188474662914
1226951091817996294
1226946650628935682
1226946789321908225
1226943941741666305
1226944345254789120
1226948016545902594
1226951663983845376
1226946490431614977
1226951396865511425
1226949685128155137
1226951654806704129
1226951396114591745
1226947798832119808
1226944252246200324
1226944581314449410
1226951325029748739
1226950147596333059
