1229268018796126209
1229261441410248704
1229267362286686215
1229258396030779393
1229255457413439488
1229255539303026688
1229263055977992192
1229264804034076672
1229260179885129728
1229255863518367745
1229267106656653312
1229267717565403137
1229254196823674881
1229258504449466370
1229266601419169793
1229257666415005696
1229254562168524800
1229260569854795777
1229269066877108227
1229267437956157441
1229266253946159105
1229267623503896576
1229259732294275072
1229257737046908929
1229260616315146240
1229259790993543171
1229262664163045376
1229255785001234432
1229259540371140608
1229266170181832704
1229268429414125568
1229257320426655744
1229259276205596675
1229264451385352193
1229254634260353028
1229266782155923457
1229261527011778561
1229265429748756480
1229259175584100353
1229258171853598720
1229262860980645892
1229261041655091202
1229255787593134080
1229262161068752897
1229257267851087875
1229265314002632711
1229256712751726593
