1223441655304523776
1223441308003467265
1223442743290056704
1223450725897760768
1223451147270115329
1223451130434412545
1223441533107458048
1223450809851154433
1223451522664501249
1223450143879385088
1223442772402888704
1223451395413565440
1223450607975129089
1223442530668146688
1223441745687601154
1223450648303362049
1223449936534130688
1223451547511607297
1223450835893407744
1223450713218519042
1223450231716577282
1223443323706175488
1223441393713942528
1223450721510494208
1223449908767854593
1223440897989206016
1223442871010783232
1223451464829267968
1223451633377476609
1223441921445711877
1223450763504033792
1223450595056635905
1223451135815499776
1223441397799219200
1223450456590110720
1223451249611300864
1223442605876314113
1223443326554210304
1223441529580048384
1223441063379185665
1223450115760967682
1223450093661118465
