1227971457483001858
1227971258240897025
1227980419020345344
1227977407178502144
1227977855117778945
1227982484844888064
1227981541491585024
1227972882816524288
1227973597429366791
1227980671412400128
1227979766856212481
1227982518294581248
1227974981566566400
1227972366870827009
1227978044486250497
1227984010158067712
1227975174365925377
1227978445176492032
1227974651269304320
1227976132743618560
1227975444080676866
1227977210276929536
1227972399087288321
1227976691173056513
1227983582322290689
1227975756028039170
1227974066763550720
1227976176318074881
1227975520559587328
1227972740528975872
1227972427080036352
1227975582866034688
1227980402502955008
1227974221986488320
1227980736923197441
1227983742645493761
1227979057175728129
1227976847121620992
1227984946230386688
1227984402539413504
1227976449472258048
1227981236657737728
1227977091481731072
1227979879498448897
1227981076888461317
1227984029040992256
1227975433943224322
1227983096181600261
1227979296398028805
1227980356885737472
1227981685721092096
1227979350542344192
1227980337072005120
1227971977085935616
1227980568727609346
1227971421848162305
1227977064193630209
1227976430744633344
1227973861628665856
1227980804183080961
1227974660815327232
1227980889528918018
1227984736833785858
1227972266689884161
1227979665274527751
1227974972859125762
1227972997912256512
1227979442712195078
1227980446337773568
1227973163230711808
1227973516953366530
1227980398535180288
1227973776337514496
1227977743658373121
1227977059454066689
