1228617953555271681
1228607595293728768
1228617203190095877
1228617296152711169
1228607572531281920
1228610808390664192
1228615557089570819
1228613851857461250
1228619343358857218
1228613278198325249
1228616362857156608
1228618280337801216
1228618943495057409
1228607009290719237
1228615093568466945
1228616773861199872
1228606847768236032
1228613975698530304
1228615500965367808
1228610528861392896
1228618644042567681
1228609818178576384
1228614691108225025
1228605377580691459
1228617131555618818
1228616641115639809
1228608652728094721
1228616063039885313
1228608907486081024
1228618105363939328
1228619790777847808
1228606464001859585
1228610782130139137
1228609565207302144
1228609779091722240
1228615438608879618
1228605381880008707
1228615251412819968
1228608756235132930
1228609329563078656
1228616541312126976
1228619068657274881
1228607099019526144
1228615669274599425
1228608475535728640
1228609095206350849
1228607966464630785
