1231899925820080129
1231909754177540097
1231900114840694785
1231908398037336065
1231898424313704449
1231899402102546432
1231898917307944960
1231900324467625984
1231909716210536448
1231898471227109378
1231909518285529088
1231908864288669696
1231909323812544512
1231907623076757504
1231899787777232896
1231908416903372801
1231908787805655041
1231900881546891269
1231908676987809792
1231898744385236992
1231897502531620865
1231898369603391489
1231897890227773440
1231909213695139840
1231899693506072576
1231907487118311424
1231909560190984193
1231897603001835521
1231907651556192263
1231908950053777410
1231909080412905473
1231898626642735106
1231897713647726593
1231899220258574341
1231907811136688130
1231898585249263616
1231909898922926080
1231907624280633345
1231910090032197632
1231900666198622211
1231907734938882049
1231897564691099648
1231907564897501184
1231909464170803202
1231907685995569153
1231899332275818501
1231908908664573952
1231907906553098241
1231908510092361731
1231899642486456320
1231909328849920001
1231898366767968258
1231897703497388033
1231897813782605824
1231910358270595072
1231908202742272001
1231900029910052866
1231900155319812097
