1231017555223023616
1231014289256796160
1231013889187483652
1231007358882467843
1231010712878821380
1231010973999357952
1231012818658328576
1231006219088924673
1231006591694069760
1231011958096375808
1231020744013942784
1231012383507636224
1231019150778261506
1231010977572892678
1231011885165633536
1231011647432658945
1231019761821274112
1231013652167159808
1231020105225523200
1231017914930589696
1231019380579766274
1231009873384689667
1231019424947359744
1231011316199911424
1231017327115874306
1231009649010176001
1231011149199446016
1231020375372226560
1231018875879247877
1231010499841548288
1231014867777150976
1231011226081267718
1231008870228606976
1231012176112033792
1231006146049314816
1231013454359728129
1231010135394455552
1231020762754093056
1231008126918365185
1231008758823837697
1231017940381601794
1231013383018692608
1231014968469798912
1231015938285350912
1231018980460105728
1231008404380012549
1231014527904440322
1231020268337975296
1231015372142153728
1231007334647975941
1231013422088716288
1231015384456675329
1231019140984528898
1231013279394172930
1231011572908089344
1231006547288952838
1231005730305650688
1231016232058486787
1231009129726083074
1231008198569734146
1231017266323640326
1231019813763502081
1231015131787644929
1231007209200340992
1231010783187828736
