1230037512644513793
1230028250786734081
1230033718603079682
1230035716270256128
1230025466133831680
1230029395076755456
1230035112877871104
1230037656584650752
1230036876909850624
1230033914434969601
1230027673369485312
1230038331775279106
1230029421593186306
1230034171843641344
1230031921024925696
1230031746084806660
1230032402052870145
1230033384002539520
1230026574977695749
1230025642151776256
1230033417464512512
1230034661021224960
1230029001990656000
1230036521811509248
1230030882192257025
1230026649602686976
1230038286170755072
1230025563005276160
1230027249052573696
1230031819007053825
1230028223133691906
1230024298989006854
1230027899421577217
1230032451315126272
1230024918533857281
1230029091958611968
1230026178762665984
1230035116497371136
1230030072427339776
1230024440781492225
1230034560462622720
1230025611441102848
1230034371324694528
1230026821086793728
1230025554222411776
1230037044014940160
1230037260382306304
1230025980632322048
1230026047627939841
1230034464195170306
1230032263611502592
1230030440909680641
