1227257820397162496
1227258115726467077
1227255613551468545
1227256202163298304
1227257268279922689
1227259004440608769
1227254709280526336
1227260876438282246
1227259119221915655
1227258637531389952
1227259166764552193
1227260240690847745
1227254726653292550
1227254504053080065
1227259775857123331
1227258947028914177
1227258254620872704
1227246118318170116
1227258907426508800
1227257894338363393
1227258818020638725
1227255939037679616
1227256602530418688
1227256918856499200
1227254699423760386
1227254657136775170
1227256265866280961
1227254570717470725
1227257055557320707
1227257426178523138
1227256937412083714
1227255318377156611
1227257919764234242
1227259140818558981
1227260156335083520
1227255750176604160
1227258308043661314
1227260409482272768
1227257810435661827
1227257031477940225
1227255634493616128
1227259464945950722
1227258474633056256
1227255149330079748
1227260873653223426
1227255869861253120
1227259969197621249
1227255583843196928
1227246178057826310
