1233618786256744451
1233621450667544576
1233632604466765824
1233632614184976385
1233631520646205440
1233625506009899009
1233621080197062657
1233625717608349696
1233620049715515392
1233621062698463233
1233622106035957761
1233624666700275713
1233620628005179392
1233622260696543232
1233626622319661059
1233631741987803136
1233621854104932352
1233628209289342976
1233620121610018816
1233631353490624513
1233627041515343873
1233629739660673025
1233632933908557825
1233624738909577216
1233628361097793536
1233627339990478848
1233632758368555008
1233632710821740544
1233620658787168256
1233625048092532736
1233631711361216514
1233625653787807744
1233621461568327680
1233620917500116992
1233620518496018433
1233629171131330560
1233628315195342848
1233631849286639616
1233621303954956288
1233622391059861505
1233628109930483713
1233626692104507395
1233632829805821953
1233631750271700992
1233618994071928832
1233627116077568000
1233622474694242304
1233624605564207105
1233627298424905728
1233619678037041152
1233619926604140545
1233619238197366784
1233625750051282945
1233626431751475200
1233626302973743104
1233631981411426304
1233621862975827969
1233618437622116352
1233625178996822016
1233626182308040704
1233622239183982592
1233632820905553921
1233620025077977089
1233629738586996736
1233632967794266113
1233621637179699202
1233620071290785792
1233622148758953985
1233618372711124992
1233626097910071296
1233628547849146368
1233617937388445696
1233621604686430208
1233632488985124864
1233621765055766528
1233631360818012161
1233625516600676352
1233621810551369729
1233620815356153856
1233624598194900994
1233625565187301376
1233631478157692928
1233624852759818240
1233628805236973569
1233619526790500352
1233627280192069633
1233624922489909248
1233630945149779968
1233625935229796352
1233620859245469696
1233628974187765760
1233631704314716160
1233621374368960512
1233623036370153472
1233631757108490240
1233628583060480000
1233630589233881088
1233621356433903619
1233626247038672897
1233621244379090945
1233620535801610242
1233619315615817729
1233622729439481856
1233626560487460866
1233630475517747200
1233632881525714945
1233628923134607360
1233618606199468032
1233619361837068288
1233621492816138240
1233626919083614208
1233621539494465536
1233624597225988098
1233632360127549440
1233623082058895360
1233626677584048129
1233618489044275200
1233631995856482305
1233624652175400961
1233626769258950657
1233619412478939136
1233623861549322240
1233628260325625856
1233627874801770501
1233623456073289728
1233620697974558720
1233628706129707008
1233619549523546113
1233620139066699777
1233631332984475648
1233629466464669696
1233621119233511426
1233630677918072832
1233626763067936770
