1223722089036775426
1223721297676468224
1223722135920599041
1223717804899065856
1223716307419295744
1223716445554651142
1223722632308305920
1223722544886362115
1223721156714344449
1223717764159983617
1223722908121354240
1223718015956586502
1223721362486743040
1223716948439175169
1223721074325671940
1223719117422841857
1223721193062035456
1223722125162418182
1223720978431168512
1223716146102308867
1223722090936832002
1223716778166996993
1223722144485519362
1223715110344151041
1223723968387059725
1223718679235317765
1223719467080921093
1223717405152571392
1223715018639839233
1223724477030248451
1223723798106705920
1223718035686666240
1223714418866954242
1223715456256745477
1223722271094820864
1223716514236375041
1223720471155236864
1223723059363876864
1223721670013259776
1223720848764424197
1223719225371611144
1223715666903085058
1223714751215292422
1223722010271940614
1223724742479400962
1223716102620045314
1223716773788372995
1223721553151524865
1223720824898801665
1223721636714684416
1223717919391023106
1223720049246117888
1223723606011711494
1223723146362204160
1223723938859175939
1223720987239186432
1223719012288335872
1223722505937944576
1223714917980786698
1223719843767181315
1223718955531022338
1223723782096875521
1223717062763339777
1223716868281831424
1223715600498712576
1223723794247888902
1223715994922778624
1223723203157053441
