1230724110633668609
1230726464372260865
1230728104961642497
1230730948972445700
1230733406398320648
1230725648949239810
1230724899506802691
1230723911840452610
1230723378178187265
1230732934572756993
1230724963633528835
1230721890290847744
1230719169500348416
1230733744832516096
1230728559477395456
1230722821153677312
1230733825807773701
1230719898621370374
1230721392628207618
1230725095993139200
1230723872892129281
1230731212341121026
1230732136996491267
1230726825321455616
1230732307079680002
1230731666244587520
1230723931817926662
1230723358221692930
1230728944950792194
1230729452256022528
1230722801201401857
1230730656272904193
1230721298885513216
1230728876688494593
1230726119113887745
1230731931265851393
1230730241422659585
1230724305685598210
1230723074502168576
1230725868361641991
1230729474326401026
1230728458310836224
1230728679635861507
1230729279396179970
1230732390735024129
1230719365084876801
1230723957269000195
1230728124226138113
1230728078709542912
1230720004317798401
1230720667537948679
