1224184672789331968
1224183362060816384
1224184895909482496
1224183495360053249
1224184344262004736
1224184355947470848
1224184239807180800
1224181489304248321
1224183182263799809
1224185679166365697
1224183640935952386
1224185472022278144
1224180879070810112
1224181479074410498
1224185145625923584
1224182073499537409
1224181431770996741
1224181614902513664
1224180778919190533
1224182096698191874
1224185118736121857
1224195114282647554
1224182044659462144
1224184889404284929
1224185613588414465
1224185437222100992
1224185501118320640
1224185030592909313
1224195351055200256
1224183529237438464
1224181095693860865
1224195737451483141
1224181568815747078
1224181977152012288
