1223838404984500226
1223838330766249984
1223843872498864128
1223838384562401281
1223838473049690113
1223838362391531521
1223845183940263936
1223845609825882112
1223836492889391105
1223843791917998080
1223844077113724928
1223845330258735104
1223844682347638786
1223844856507850755
1223845008949829632
1223837368110735361
1223837638588649472
1223838350949273601
1223843904786784256
1223843871840337921
1223837971633205250
1223837712244826112
1223838210029047808
1223845319978385409
1223844632976449538
1223838437956112384
1223844843031367680
1223836331928764416
1223837197306036225
1223837382257987589
1223838002830442496
1223836671763996672
1223836665283665921
1223844648352796672
1223844613355520000
1223836719692148742
1223837369457106944
1223844434732707840
1223837535861903367
1223844846600949760
1223845237912522752
1223838426463686656
1223843875820691457
