1233587844783824896
1233589213582569473
1233593193691844610
1233597667269210113
1233598928022646784
1233591235597754368
1233597513396940800
1233598354132754432
1233597760588349441
1233589520882225152
1233595122039676933
1233602175680512000
1233598780731248640
1233593478019338240
1233595867141197824
1233591583783575553
1233600182824112128
1233591153066434563
1233590088027852800
1233601546967011328
1233596836939784192
1233601468998926336
1233594824042983424
1233593596185432064
1233588822593552385
1233602419067510784
1233593836833824769
1233597999965757441
1233589614301958144
1233598087093841920
1233588247646871552
1233589472589074432
1233590417075163136
1233595482435395584
1233596955319840770
1233592164208111616
1233587859791044610
1233595368643809282
1233592763125354496
1233599117395283969
1233590010571522048
1233590438830858241
1233594026579972096
1233599239470477313
1233600015291109377
1233588448164007937
1233601744996716544
1233590724547031041
1233597184999907328
1233593583262892034
1233589640252157953
1233597176267395072
1233600238897844224
1233597950074458113
1233601362656735232
1233602063638110208
1233589576163348480
1233600502853664768
1233594318469898240
1233591112511692800
1233589385070809089
1233590543432597504
1233598131809341444
1233593697792450561
1233596778131230720
1233598346838843393
1233589049958383616
1233592703994204160
1233595476173344771
1233601757441335296
1233602350763216898
1233598777388191744
1233598456159064065
1233594889473908736
1233592802040143872
1233593025051406343
1233596314413412353
1233589397074915328
1233600044290519040
1233593164021166080
1233588984938422273
1233592585685553152
1233598527839727616
1233598209366380544
1233598008274685953
1233597649703636992
1233589418973417472
1233592731051544577
1233601812005052417
1233598921961824257
1233598499456987137
1233602500500037632
1233598340056649734
1233592253052051463
1233599164862390274
1233599498993180672
1233598619548311552
1233595999286939648
1233601207911899137
1233593205452627968
1233600443567222784
1233598277737689088
1233601585034547200
1233590288922267648
1233588310469201921
1233599561463037952
1233594076102045697
1233591648610709505
1233590134169165824
1233593485883793409
1233594639791190016
1233588160841555968
1233591841494327297
1233598375725010944
1233588295268999169
1233590856990498818
1233598639630503936
1233589296931753989
1233594282763804673
1233600017274998785
1233596495988953088
1233595994304061440
1233593499255267334
1233588975861764096
1233595210489188353
1233589180502102016
1233596580990636033
1233592978402349062
1233601539765350400
1233597224178737152
1233601380985774080
1233598986788929537
1233601901171761152
1233592589971943424
1233594246344495104
1233595736236777472
1233601263876493312
1233602535451242498
1233599331384512514
1233600521006505984
1233593286800969728
1233599487551033344
1233594280603611137
1233587964325834752
1233599472506028036
1233601081432825856
1233595173268905984
1233600660110749696
1233587874672599040
1233587699631738881
1233588545840746496
1233588147012980736
1233594118707634176
1233589744048594944
1233588438265290752
1233593765039943680
1233597348158197760
1233591288269856768
1233602171087642624
1233599462687346690
1233590130373517313
1233589093382205440
1233592522456391680
1233599421905981440
1233593110086721536
1233599056422658048
1233599215437111296
1233591972687945728
1233598221022310400
1233598863614676992
1233592378348335106
1233589334500139010
1233592387135574017
1233593826587095040
1233598204941344768
1233592296244948993
1233592891865362433
1233600082412335104
1233600733817098240
