1228075743453646848
1228073702316744712
1228063837103915008
1228072896431558656
1228072370625110017
1228075826563948545
1228069789580627969
1228073830444404736
1228068248261976066
1228066816003629059
1228068659609903104
1228062374420193281
1228074793016098817
1228071655911690253
1228061283435438080
1228063944100732929
1228062676187832329
1228062176100794368
1228072009663492099
1228065775916851200
1228064719463997445
1228067996394020882
1228067710199721986
1228066075784253440
1228073121510457346
1228061609806979072
1228067511964504065
1228070487307108352
1228075612172058629
1228067972696203265
1228067419815542784
1228070111963209728
1228069768680411138
1228064150401748992
1228069111370047504
1228063196927451165
1228075964783042560
1228062712242069505
1228067078944497664
1228073824219828224
1228071109083455490
1228069836393189376
1228072563458265088
1228061370568106004
1228062022912233474
1228062482452897793
1228075435289980931
1228069089001775105
1228075307493539840
1228075600130248705
1228066188728688649
1228063140354633728
1228067802298408971
1228072506583592960
1228066571962085377
1228075552042471424
1228068495230828544
