1226854924954193920
1226862705941680134
1226858073115037696
1226854474045476867
1226855625667305472
1226862145171791872
1226856826336993280
1226858760250982400
1226859112916492291
1226858164403851269
1226860731351683072
1226858613442011136
1226862376231809024
1226855767870853120
1226858825610907648
1226862062694957058
1226855128738795521
1226860596534136837
1226858340980076544
1226860605438615552
1226855522093002756
1226857167195525122
1226853999984418817
1226862507211419648
1226859067668234241
1226861197875720192
1226856871799115776
1226859236078039040
1226861402410901504
1226859384975659010
1226857638396297217
1226855063148224512
1226860955059064832
1226855571069882368
1226854910391652352
1226855183839354885
1226855696039215104
1226860781800710144
1226854590546620418
1226855258212749312
1226860041548025857
1226856091738238977
1226860126075703297
1226856835266891776
1226854035338059778
1226856753058369537
1226853330703372288
1226858792979222533
1226857845729050630
1226854598171865089
1226856581825884161
1226857706788675584
