1224981808468520963
1224987907334627328
1224984105298862080
1224981360860901376
1224988403109978113
1224982002492899328
1224982746197446658
1224986793251983360
1224986522895572992
1224984884810174464
1224983408469782529
1224984554500435969
1224987723548655617
1224987387559849984
1224984605905715201
1224987051893895168
1224988737446146049
1224986438132994048
1224981757889376256
1224982799268052992
1224988813455282177
1224981966430310410
1224987014887591936
1224982507839352832
1224984262581063680
1224988314035544064
1224988856853897216
1224984630849241088
1224982392097640450
1224989042074247168
1224981457610739712
1224986186286018562
1224988478016040960
1224988510689452032
1224987370363281410
1224986723391660033
1224981738826407939
1224988390690578432
1224984416499298309
1224983319172935680
1224988607154286597
