1228216051009122304
1228220682791637000
1228223513334435846
1228219970443571201
1228214895121850370
1228212499448659968
1228225946605387777
1228219215473070080
1228221382707707905
1228216906311598082
1228217130182561792
1228221828969058304
1228226094139969537
1228218826925297667
1228215363688550400
1228213650353057792
1228221967192350721
1228212401520070657
1228219714989506560
1228220847694811137
1228224610669187072
1228223893250293761
1228215769109893120
1228217283496927234
1228213311520399361
1228215357107625985
1228220596665761793
1228216826603008003
1228225674290159616
1228225624830959619
1228224001744363520
1228218358299951111
1228226485137207296
1228215170364608512
1228227182616399874
1228213113989648385
1228213271431241728
1228219382431543297
1228223649775120388
1228214153791205376
1228224504943366149
1228215413097431040
1228217761777606656
1228222744979918848
1228222564301856768
