1233765531460616192
1233761984727932929
1233761445697007616
1233760072825741312
1233756895141253120
1233766243838152707
1233760298122784768
1233767749706539010
1233765771232210945
1233765182549221377
1233757988327956480
1233759770332614657
1233758756724330498
1233766340839854080
1233765522837143552
1233754738375700481
1233760708237709320
1233761093518077954
1233763335574900737
1233754462948188160
1233760176894689282
1233753837409882114
1233762867310141440
1233766112384495616
1233756146655268870
1233766387035856896
1233768391447662592
1233768772642541569
1233755673067786241
1233768219216957443
1233763646313922562
1233763944554225664
1233767781356539904
1233754807770472449
1233755042508873729
1233755315893501952
1233760863733108741
1233768025691578368
1233755220116746240
1233756071581437954
1233760091255513088
1233766510906109955
1233766684038696960
1233763213478490112
1233754855904358401
1233759583501459456
1233760006153080832
1233762449612038144
1233765846532542469
1233762928924356608
1233763280457322496
1233755723034697728
1233766671090933760
1233765787589939200
1233763415488942080
1233765988446896128
1233767923417800705
1233766442509766656
1233767987779440640
1233757011755466752
1233759155992834049
1233767340799492096
1233756942239256576
1233757455391371265
1233754945196871681
1233763793882296321
1233756840648990722
1233766383172890632
1233761509374865414
1233763162962497536
1233765138991321093
1233756226850369537
1233767038855925761
1233756805932683265
1233768385068097536
1233768329950769152
1233765070141874176
1233753850424758275
1233757950096764930
1233757201375858691
1233757200415412224
1233761192507736067
1233758210965803010
1233763804523253760
1233766328814702593
1233759984376274944
1233761431432179712
1233756893778239488
1233755257605251072
1233767477110345729
1233763157904109572
1233765606719152132
1233762903679012865
1233760545469161473
1233760335561138176
1233761677553872901
1233760877100371973
1233754764757913602
1233766986053632001
1233760173237338113
1233754661896753152
1233763920042700800
1233765545415036928
1233754752325996546
1233755419425812480
1233755942031937536
1233765667050000385
1233755621306064903
1233767587621883904
1233758980083679235
1233766011729514496
1233755296771837952
1233759722811133953
1233757047574786054
1233762340018900992
1233755725123293184
1233762895017570304
1233765280121327616
1233760889477746689
1233768072831369217
1233763178829537280
1233767967340580864
1233763476918718465
1233754862812266498
1233754391817183233
1233766080692260865
1233758583239651328
1233761096651202560
1233755181696913411
1233754802804396032
1233762276022374404
1233754932743987200
1233765543498452993
1233760284491177985
1233757430246510593
1233766124984184833
1233765185959219200
1233760562603057152
1233756817462890496
1233758447893667841
1233767439172820993
1233768758046576641
1233764145864073216
1233754176930316289
1233766987035299840
1233767990119682048
1233762491949342721
1233757001534070785
1233766664245796871
1233755698753888258
1233764628490051587
1233754763575070724
1233759952822554625
1233758121199190019
1233754406333669376
1233755394746482691
1233763747493273600
1233759267854966784
1233759172862279680
1233762388098371584
1233766668255580163
1233764355361165312
1233768339073359873
1233768157933903873
1233754239270256642
1233759768449294336
1233754020814237701
1233767811958419456
1233761668989149189
1233759101416546305
1233759594687737858
1233759622483390464
1233756669185855489
1233768530069377024
1233760423234523136
1233766689441013761
1233766480832892928
1233760620849164290
1233763856259764225
1233761226557136900
1233766175676469248
1233766453909676033
1233761970538545153
1233766983851749377
1233760860415250432
