1227184168536354816
1227172861175042048
1227181850789056512
1227171935286464512
1227174366137475078
1227177525295689728
1227174369287426048
1227176794559832065
1227172930070532096
1227181377214267393
1227174843289702401
1227178725260677122
1227180954273374208
1227175239643271168
1227174750193094656
1227177379979841537
1227181848851124225
1227181120678178816
1227182622394028033
1227184156339294209
1227174262102003713
1227179144166821888
1227176281390731264
1227175381414924288
1227181656412499968
1227174157621874688
1227175641956614144
1227181907021942784
1227171104927576065
1227183713756250112
1227181798268030977
1227171427973029888
1227174227062685696
1227176034791051264
1227175453535997954
1227178699042312193
1227172462477160449
1227175550051127297
1227183690817712129
1227180419239628800
1227180717366530049
1227183855993577473
1227175423668342786
1227170696851116032
1227174267491639296
1227175249810280451
1227174885874552832
1227170543847108608
1227175932772933639
1227180045606752257
1227181072653279233
1227178708915478528
1227178975706914816
1227173218236194822
1227177488272560128
1227182067537993728
1227179068115898368
1227179943726989313
1227180220098076672
1227177739846914048
1227183245386637313
1227179931106283520
