1232866161231945729
1232866936524025857
1232866987069657089
1232866114368983040
1232872002425245696
1232867201746657280
1232866077018738688
1232873353959968773
1232866751374864384
1232873416803246083
1232872615611641857
1232872570552307713
1232872638004879360
1232867507859546113
1232872724789432324
1232866849035104256
1232866558717964288
1232872948144447491
1232866106349629440
1232872310362791943
1232873166294224896
1232866966450450432
1232872154854641664
1232872367405191170
1232872891621896192
1232867573101989890
1232872008104513536
1232867075112067072
1232872002999840768
1232866843813007360
1232872246995292160
1232867007630016512
1232872642035769346
1232872632107835396
1232866543127715840
1232873108077502467
1232872566747885569
1232866592406605827
1232866962088136705
1232866362869063681
