1231875431554482177
1231876888244690947
1231867443850727425
1231866760803971076
1231875746936782848
1231878291398766593
1231867957933834240
1231878793314340864
1231876844250705921
1231866365293867008
1231877497639190528
1231876826349416448
1231877077982277632
1231879288271622144
1231877603436437506
1231866961296084992
1231878728894107648
1231876492889612289
1231875956140363776
1231868037906780161
1231879441892151296
1231877774509510659
1231875597531398144
1231875161428840457
1231867498280013824
1231867221783334914
1231877307695915008
1231876242284122112
1231877036861358080
1231876368415313920
1231875723838681088
1231878378401095680
1231867120721379329
1231875354807144448
1231878079632404480
1231877839936348160
1231875315112087552
1231876270016880640
1231876120678547456
1231877940222275584
1231877304999006208
1231867727058362368
1231878310138871808
1231867321846681600
1231876669515784192
1231877683535110146
1231876189322543104
1231866489881251840
