1228684498809819136
1228687656655228929
1228683564633296897
1228685430528389120
1228686208340873217
1228681889763844096
1228680804261253121
1228683571520512000
1228683042849464322
1228684513338888193
1228686274279563265
1228684274972233728
1228685293970219008
1228683974295379970
1228686740954574851
1228683015313711104
1228683914765422594
1228686569017507840
1228680797533671424
1228686789419970561
1228687267478282242
1228687096803667968
1228686940976795653
1228682904315711494
1228687296053952512
1228683362602291200
1228681375953256449
1228686887004459009
1228684811448942592
1228686684302323713
1228683223854530560
1228682739613749249
1228682929171128320
1228685583951724546
1228682368816271360
1228682024690450432
