1225265943472852992
1225262152660836352
1225266592314986496
1225266094719586304
1225252794099126272
1225263485333975040
1225257217311399936
1225255224383766529
1225266523322880000
1225266390602375169
1225262314913325057
1225257542273495040
1225261649201811456
1225263207985508352
1225255503665618944
1225255619357237251
1225257381824622598
1225260205035925504
1225255823049277444
1225259543120302082
1225257452595118081
1225263355914412033
1225264272382386176
1225257806216871936
1225260851680202754
1225266315277094912
1225265221650067457
1225264575496564744
1225267279119646721
1225263179372072960
1225265603599990785
1225256445878337537
1225252905797738497
1225266532084666368
1225259030995767298
1225265495529541635
1225259179159343105
1225264007562629120
1225259285254430720
1225257731529019392
1225259811010297858
1225263136132878336
1225255171074220034
1225262017826689024
1225265136736198657
1225260351064666112
1225259499910553601
1225261849010032641
1225256730948321281
1225260967509934080
1225262437051486209
1225265445625716736
1225253319368556544
1225264413608960006
1225261642369208321
1225262640055779328
1225256780143325184
1225262301701263360
1225267670012121088
1225260446753554432
1225266717468872705
1225264109689724928
1225264130002575360
1225267746570670081
1225260984194846721
