1230907587803197441
1230904907168747520
1230914634481373186
1230913025558876160
1230914559021592576
1230912503288340483
1230910865177763840
1230914420798369792
1230907018548043778
1230910705232236545
1230910481621307397
1230909867650617346
1230913586739978240
1230908491130425345
1230907477581062145
1230911428099526657
1230907102698377217
1230911575051116544
1230905494161809408
1230912629197156352
1230906744362217478
1230912037477396481
1230907248962146304
1230914482798497792
1230914969878708224
1230907357137448961
1230904149069320192
1230906993977810947
1230912943883091968
1230903808290705409
1230914216359415808
1230913769267699713
1230914297812979713
1230914528562434048
1230905753193603074
1230912078199902209
1230908118059503616
1230906563201785856
1230905996094169088
1230914670913032193
1230911697029881857
1230904600728723457
1230914044921442304
1230907865268879361
1230910650098094082
1230909450111913986
1230908824728559617
1230912962489147392
1230913291876216832
1230906770517831680
1230911975531720705
1230913496155451392
1230910967829057538
1230914062269194241
1230911350689402881
1230913634081132545
1230909580609277953
1230912201327771649
1230905163222786048
1230913949106917377
1230906932984270850
1230904712913915904
1230905495822774273
1230906440455524353
1230911194023809032
