1228087767046868992
1228089423465762817
1228083986657771522
1228090731589332992
1228080924937662467
1228080792154394625
1228087291891113987
1228085907934371840
1228077002789400578
1228076826020470784
1228076546084278273
1228077684363845632
1228079367063928832
1228088123042619393
1228078056822185984
1228084702344630273
1228079822037045248
1228089405988098055
1228090646231121921
1228078621383970816
1228082354314498049
1228079733398790145
1228091132703199232
1228079578188570626
1228089673949437953
1228079175510249473
1228083151022456832
1228090075533205505
1228090508163125251
1228080193891373056
1228088733070774273
1228087763561480192
1228080885758668803
1228084720283439104
1228079879608053760
1228087390683717635
1228091404812840960
1228081855695663105
1228088149450133508
1228091279994753024
1228077914069045250
1228079878005760000
1228080246441771009
1228083174850195456
1228076701051211776
1228088667652206593
1228087583663517696
1228076714624012293
1228089584837386240
1228078979376197636
1228088792633892864
1228086696803061761
1228090899386839042
1228078653524803587
1228080666442682368
1228076574244773890
1228086499247362048
1228078000681496579
1228076870039724032
1228084549302833153
