1223792199013453826
1223801238006845441
1223790656990203904
1223790295814410242
1223801638428692484
1223801358374993921
1223802999803301890
1223791730547445761
1223802220740673537
1223800467362156544
1223789086802108417
1223788764029259776
1223800241385660417
1223790718956630021
1223791858804854788
1223793209714843653
1223802697062551553
1223790093565034496
1223800676435800065
1223800780823515136
1223802561892777984
1223802240206376960
1223788203288813568
1223800541957898240
1223800493845229573
1223790773943980032
1223802956069236736
1223790695057522688
1223790652087054337
1223789961004056577
1223800827069915138
1223801596703911937
1223790163874209792
1223801706510610432
1223791289608441858
1223793276173484032
1223790316001644544
1223792744000188416
1223803013145354240
1223789825813368835
1223791646170464256
1223791677577535488
1223791089707966464
1223801963407523842
1223790892332593152
1223801068775202822
1223791492591996928
1223792604711505920
1223802606394363905
1223792092612263936
1223792182576013313
1223792244173524992
1223789151662690305
1223788439700758528
1223801127373664256
1223789449823342593
1223802671980859393
1223802762678480896
1223788557682085890
1223802095884619776
1223803185183121408
1223792166629265410
1223790656633487366
1223792291615248384
