1228659064353120256
1228657430701068288
1228652853025095680
1228653468857974784
1228657618304086016
1228653093136556033
1228652957874434048
1228660020369248256
1228655195816484866
1228652357442887681
1228659784515112960
1228655665696169987
1228658207561846784
1228652986034843649
1228651596105404416
1228660245410353153
1228658680343621632
1228656339326570497
1228659025530753024
1228660228540887040
1228656425905291264
1228653731417411585
1228651962284986368
1228658859843047425
1228656279012298753
1228650734406774784
1228661446642323462
1228654024842448896
1228660587359621120
1228655712248745984
1228652962790010881
1228660661321752577
1228660812543229957
1228657261821612033
1228651425506291712
1228660402533224448
1228660336963665921
1228651519534223360
1228656101555499008
1228655781546987520
1228653471886389253
1228653299810938880
1228657680647983110
1228658181888454658
1228655885549002752
1228650370928386049
