1225584491068084224
1225584496709259264
1225580983451144192
1225582861908086786
1225579056122474497
1225582143465828357
1225583723531440128
1225583217534754822
1225578779084566530
1225579929288544262
1225579777815437312
1225583973319008256
1225580462661304320
1225584752708681728
1225579227480829952
1225584084983918593
1225584313640652807
1225582714058874881
1225581833343131648
1225583249805570049
1225582829636968448
1225584847143522305
1225579349174296581
1225581454815584258
1225582412287107077
1225583366621167619
1225578919392350209
1225578389215567873
1225577893079568384
1225577818534400002
1225580760834301954
1225583701788168192
1225578305082085376
1225584041061179392
1225581496414568448
1225581689709252608
