1226592521968660483
1226594378799558656
1226591198556631046
1226596185907105792
1226591749411364864
1226590706300588033
1226594123005792256
1226590753511612416
1226594509628243972
1226594757507313664
1226594868987867144
1226596223353868288
1226592680077135872
1226596047335706624
1226595999629611008
1226591589994098688
1226593628941946880
1226596059448737793
1226591252365369350
1226590352330706944
1226594787295420417
1226595516722466818
1226593156340174848
1226593936405254144
1226594340266487814
1226593175877423106
1226591031300415488
1226592282771677184
1226592518868959237
1226593871834025984
1226592313612406786
1226593210136498177
1226595190858756097
1226595674411520000
1226592476473020416
1226590784583077889
