1230334099447013378
1230336115569131525
1230335695329189888
1230335697288126465
1230337569512198145
1230339732975915008
1230338533690396672
1230333800162328579
1230336857629577216
1230336978513608704
1230335383537319942
1230333815937105920
1230337444593057793
1230340589670944768
1230338308292481024
1230335754682994688
1230339589853847553
1230336773416538114
1230333355364765699
1230336189611356161
1230334245400391685
1230335221385629696
1230339514758918146
1230334993164955648
1230338543542661121
1230338548965888000
1230333312767381504
1230338032588296192
1230336908997296130
1230338622940905472
1230340093270876161
1230333780717531137
1230337960068952064
1230337652076888065
1230332487575863298
1230340510922858496
1230335612890341376
1230336688766910467
