1228155065636134912
1228161324737163265
1228156809963159556
1228157954039349248
1228163776295211014
1228164911332638720
1228159742591127553
1228161516911775751
1228159719883206657
1228158191239741440
1228165045739085825
1228161846667923456
1228160610724007936
1228161880440442882
1228160420621381633
1228159989740658689
1228158923758112770
1228164636484108289
1228160314023104513
1228163726412353536
1228166332299935745
1228157679081750528
1228156093366321152
1228164555911467010
1228155695788384256
1228162381483626499
1228155866957795328
1228159165391986690
1228154670264119296
1228163369472942081
1228155753623625728
1228158046221873152
1228152093178920961
1228165862802120706
1228153235887853578
1228164878046654465
1228154467779874816
1228152436650631168
1228166436901666816
1228161402314952706
1228156548041428992
1228159682394480650
1228153843596263424
1228166593365954561
1228156190926024706
1228158539635576833
1228162816944701441
1228152488223739904
1228154973919178759
1228162992904105984
1228165531292725248
1228166482044977159
1228162965582430208
1228162768232017922
