1232058354396205057
1232050070364868614
1232057720871817218
1232057408790376450
1232057835925753857
1232051048648454144
1232049812192755712
1232051292505346048
1232049869860278276
1232050352230408192
1232059255500480513
1232051249236914181
1232059051669889025
1232050282936360963
1232058412399095808
1232050699246166019
1232051838184235019
1232051110870945795
1232059261615775745
1232051822908461056
1232057731227508736
1232059105616879616
1232051298838679552
1232050921158434816
1232050347495116800
1232057551753240577
1232058668084056070
1232058437623799808
1232058799130861568
1232051895432294407
1232051887714840577
1232058398188896272
1232051727077183490
1232051577231265792
1232051702506967040
1232051290777120769
1232050394798469120
1232051387414056961
1232058079988113411
1232057373755396096
1232051512836272130
1232051809482444801
1232057718862643200
1232058587360268288
1232050245132881921
1232050773795786753
1232058404774055937
1232049872951554049
