1232391455353843712
1232386625423978503
1232385786202513409
1232385175784509440
1232391479257182209
1232380631847514112
1232392329232896000
1232392054837215233
1232386713688911874
1232391558449844225
1232380166116184064
1232385683333013504
1232385341446901761
1232392291920359424
1232380574549057542
1232391412118736896
1232386318753202176
1232392155068588038
1232391935488339968
1232385460120563714
1232380472539459584
1232391436026470400
1232385297620623366
1232380725527183360
1232379939552448519
1232385906100834305
1232392570304593922
1232385893064957957
1232392761913094144
1232380159375761408
1232380561672560642
1232379878110093319
1232380192376545280
1232391364534579200
1232392640794066946
1232392109837123586
1232385175377436672
1232379735830822913
1232386297605439488
1232391904194678784
1232386023579148288
1232392652827643911
1232391514137006085
1232385949444775937
1232380068363632641
1232380309481697280
1232391989649342464
1232386385954238464
1232391537012756480
1232392523114524672
1232386700925599744
1232392121707094023
1232385187759128587
