1231258962919645191
1231251707004362752
1231255199861411841
1231258141700038656
1231260464929267716
1231250908945797120
1231255232761548801
1231259923477983232
1231261712537485313
1231257176615931905
1231258161845174273
1231260480141955073
1231252773108240385
1231261251164164097
1231258672417984512
1231250741702078464
1231255402194653186
1231261578839896065
1231259479553007616
1231257316122558464
1231251477596786689
1231254008909557761
1231250785930969088
1231251478968324096
1231255247093366784
1231251196658085889
1231256981303963650
1231253257697230848
1231253089958682624
1231260896514596865
1231252804452397056
1231259905224593408
1231260418594627584
1231258692718387200
1231259843194957826
1231260024711847936
1231254815109533696
1231253595338633217
1231260161114640385
1231255194933088257
1231251368188555265
1231252808902426624
1231258732463476736
1231259166913646593
1231260711747301378
1231261090006192128
1231250857620013057
1231256147539251200
1231260523099914240
1231260612992405506
1231259033408917504
1231256602788990977
1231259936593784834
1231259555386085376
1231259563497644032
1231260052566216704
1231259194436849665
1231254085808115712
1231253423619620864
