1228838765868638208
1228837791393603585
1228841226838757377
1228831536159522816
1228835422203236352
1228841452714758144
1228833498821267457
1228844203439992832
1228843045031825410
1228845048399155200
1228844821936099329
1228833018275651586
1228841246325497856
1228834678011920385
1228837464539713536
1228845412695457792
1228836953266802688
1228843031895461888
1228834052834283520
1228833978368442373
1228839183386497024
1228839964013670400
1228839127195406337
1228833442575441921
1228839609422868481
1228840668660785152
1228841218890747905
1228833695089381377
1228836349568049152
1228833348388376581
1228841250444468225
1228840200131866624
1228839264240242690
1228839914768232449
1228839772904398848
1228832970670145541
1228832698829025281
1228833077755088898
1228843180054892546
1228843039902142464
1228843640245538818
1228835421683146752
1228832473049698304
1228842223317417984
1228840785568845826
1228834046647533569
1228841121599586305
1228843108906999808
