1223696353878073344
1223682571483004928
1223685727654838272
1223697111214120963
1223686061118967808
1223697256420978690
1223695680516038658
1223683653550497792
1223696040035000320
1223695599331168258
1223684452259450882
1223684338493087745
1223684890392244226
1223685979363401728
1223685103492071424
1223683532826071040
1223685397642805248
1223683315670159360
1223686820812247043
1223695619467902977
1223686890664144897
1223684693398360065
1223683195054497794
1223686318120505344
1223683788036808704
1223683698727510018
1223685299894673410
1223696724792922112
1223696112676233216
1223696723622727681
1223684540213989382
1223685307037552641
1223685087075753986
1223684285992984577
1223687112945553408
1223695807960047617
1223683689734983680
1223686092903329793
1223685713595707394
1223685913256980480
1223685751583465472
1223685289207640064
1223685891182538756
1223685875919249409
1223683006872915975
1223686509225578496
1223684401864699904
