1228705800333352960
1228709523667316737
1228709949271953410
1228705184760705030
1228700043168931840
1228701062657343489
1228709233815773185
1228706012879654912
1228701333710147584
1228700739125510145
1228704806774157313
1228703179212230656
1228703791370797056
1228706519681646593
1228705373227323392
1228706091107676160
1228701805573541893
1228709737002233856
1228702481892462592
1228708331977658368
1228704789015474177
1228704901846491136
1228707930230231044
1228701516795650049
1228709222080102400
1228705215181881345
1228703530783068162
1228703565914497025
1228700144368906240
1228705151952678913
1228708792445128704
1228707278708256768
1228708567320055821
1228702606924496896
1228704850608783360
1228702899808522240
1228706050318196737
1228701587775905794
1228702282209849344
1228706946871635969
1228706177439207424
1228705505410863104
1228704225976184832
1228707188941742081
1228703302700937221
1228702094108102656
1228705572066910208
1228700417070002179
1228700705738940416
