1230556480530722816
1230562816005771264
1230552744655638529
1230559606897704960
1230557557443313664
1230556502877974528
1230563107304378369
1230565248567922701
1230562159542685698
1230563034763935745
1230565943387938817
1230554008382631937
1230567462183350272
1230561839102083072
1230563546632638466
1230565071568289793
1230564073344864256
1230567194695806976
1230563437471645697
1230559928454017024
1230558061401477121
1230555171299577863
1230565943698317313
1230562270544982020
1230567468504096768
1230556932718465025
1230563159750000640
1230556447961780230
1230559275124023298
1230556375270350849
1230561933893308416
1230559636245233666
1230556883620003840
1230562636527390722
1230556545995329539
1230556887076093953
1230566243385540613
1230552872594681856
1230558355371913216
1230559931406798850
1230563768297385986
1230563921452396545
1230559410340024322
1230560167197937664
1230565503006986241
1230565744791834624
