1233647921188495360
1233637766728019970
1233640568749744128
1233638760337698816
1233645117724078081
1233643240521379840
1233642667960987649
1233645255502770177
1233643727417069568
1233638086816477184
1233633479750864896
1233638424726257665
1233647414927613952
1233646085043675138
1233644194746511360
1233638315540254720
1233646440322412544
1233640075558182912
1233636398730579968
1233645241598652422
1233637426012151808
1233638405881257986
1233641733117947905
1233636653534720001
1233642747728408577
1233637393426722816
1233635904557867009
1233645062397059072
1233642944734695424
1233641239746142214
1233638877220327424
1233647354118627329
1233641279516528640
1233637520337801216
1233635116502704128
1233640973353324544
1233643252407865345
1233638366840791040
1233646283962773505
1233634214945230849
1233637774755938304
1233643648043999232
1233645435304185858
1233644676801945601
1233640938091581440
1233644708888379393
1233647380173598721
1233641756283015169
1233640860652318720
1233637699036250112
1233638303938818048
1233641846867472384
1233646260730482688
1233640738497282048
1233642407415050240
1233637780904759297
1233637487987179521
1233635836450598913
1233645218299334656
1233634262890565632
1233638545614462976
1233645912481615872
1233643332410077184
1233637430135345153
1233634431966953473
1233641411838238720
1233633814460555266
1233640606368518145
1233639559264641024
1233642400771235841
1233642493989621762
1233644143328583681
1233638750070067206
1233637613715611648
1233635093475995648
1233633639151394818
1233643748413689856
1233638647489953798
1233643587184672768
1233644280838643712
1233633146089852928
1233634688612302849
1233637689573822465
1233637441895981056
1233634155239395328
1233636471195627520
1233639510061338626
1233644982709444608
1233639963721424897
1233643719846506496
1233641513478840323
1233634046527377408
1233635681982930945
1233635141706227712
1233643687579725826
1233643576120266752
1233644376863100928
1233634984981868544
1233634645431840770
1233636159915515905
1233646713623040000
1233643319961378818
1233643572051603456
1233636510924234753
1233637583957131264
1233636903536037889
1233640941141024768
1233645435983683588
1233641465592655872
1233646500506288128
