1228202266026369025
1228211164422664192
1228199237860462592
1228200164487073792
1228210995526426625
1228206907485089793
1228199090644635648
1228203584300281856
1228208671538077697
1228197426265149442
1228203807651221505
1228206367292346368
1228209592573628418
1228206012772933632
1228200709503377408
1228207667916574720
1228203129910394880
1228200902470688770
1228208573634637824
1228204080125730818
1228205647981756417
1228207771759235073
1228207427281010690
1228203725056905217
1228204878314401793
1228198558999834625
1228207802373427200
1228209308225040384
1228199677159305219
1228211746902396930
1228198359699054594
1228202178965147649
1228207204810932225
1228207173412347906
1228204807615217665
1228207545736499201
1228203408630284289
1228208713426620421
1228202580859179008
1228205511708774401
1228199119878942727
1228209771540430849
1228200004663177220
1228198766911479808
