1224471181430067200
1224468497184374785
1224472139102687238
1224468322592469001
1224470759948636160
1224469851093262339
1224469419893628928
1224468848491057152
1224481927329124352
1224472131943260160
1224472078423941121
1224467730952118272
1224482557531582465
1224467911252889600
1224469946781990912
1224468559352549376
1224472203376373766
1224469821125013510
1224469291787001856
1224469597102989315
1224482166601658375
1224468387297816577
1224481742352003072
1224470291398692866
1224470157638193154
1224471012382838786
1224467824598573056
1224482018689314817
1224482457765855232
1224470710430633984
1224471360782491648
1224469438952562690
1224471891957686278
1224467635406020608
