1231303186578722816
1231301668999966720
1231296464179093505
1231302020616749057
1231300873021775878
1231305646911389696
1231297133120090112
1231304194872762369
1231298335635460096
1231295783388868609
1231297755559157760
1231293846463578112
1231304941882531840
1231293014745722880
1231303120887668739
1231306163666341889
1231300196115648513
1231300121968570368
1231306646397255680
1231301585835261953
1231296609117523968
1231293066046320640
1231298439692070913
1231300155602653184
1231303889816817665
1231294102467174400
1231296404561317895
1231302350389874688
1231293804533223425
1231304539413917696
1231296737249124352
1231298484977860608
1231303809575587840
1231294248311386112
1231299150966329344
1231299904682758145
1231303814084530177
1231299319560626176
1231293111164379137
1231297261583425536
1231305950079995909
1231296668265590784
1231307518523121672
1231294350287671296
1231299692119486464
1231300635896766464
1231302752866897920
1231304468437913600
1231296897048096768
1231294970142822400
1231303671092142080
1231293274956189696
1231303015061217282
1231299877046345728
1231306806498078720
1231301772175663109
1231306319627509763
1231303073232015360
1231299794993209349
1231302264268185600
1231305785419763713
1231298719515054082
1231300570411085824
1231305481823694848
1231306800865013760
1231302834521616386
1231294169446014978
