1225619993426980866
1225615280241397760
1225619681186324481
1225616667935485952
1225619531088809991
1225615626095468546
1225618465693687810
1225616414041505792
1225616369640558592
1225618652013088769
1225620872620195843
1225620646224203776
1225620655007096832
1225619177441878016
1225618776063954945
1225616177881174016
1225616363043028993
1225619117685653504
1225620529442361344
1225616574259879937
1225620462299906049
1225617911030714368
1225618583155347457
1225618648741470209
1225616498216955904
1225618851779547137
1225615310985793537
1225620011496112129
1225616372161486848
