1224225526027411456
1224225345454444544
1224225422490996737
1224222085880283136
1224224168683528197
1224224023485276161
1224217193304424450
1224224357930557440
1224219267861602304
1224223991516127232
1224217695920345089
1224218606851915779
1224219060214403073
1224221040038969344
1224220995336265728
1224217145938149376
1224225187106902018
1224220074459795456
1224221409624449025
1224223518008627201
1224220212653887489
1224219841613221890
1224218289359867904
1224217932919525377
1224223904022970368
1224221291751727106
1224217100215939072
1224218440950525952
1224221887623917569
1224223476862484480
1224224832255954944
1224225440220446720
1224216642621595648
1224225772358922240
1224220772455079936
1224224187935420416
1224224770507640834
1224221694535008261
1224218646320336897
1224216633486401537
1224225382594961408
1224223575642533889
1224219388414480392
1224223800100708353
1224220423690129409
1224222626849140736
1224222046521040898
1224218152554254339
1224219084172083201
1224224095975411713
1224219236941189121
1224217352801116160
1224222523073523712
