1225031457967607808
1225026490179276801
1225030084165341187
1225026605799608320
1225027155999916032
1225028699541643264
1225028583195729920
1225030493357428737
1225026925749469185
1225029438665940992
1225026300563218432
1225030620721700867
1225029724520378369
1225028845352497153
1225030767484579840
1225026924918951936
1225028061998927872
1225030034550747136
1225030328504344576
1225026595682865152
1225027469255815169
1225028622123180034
1225026675446034432
1225029737896120323
1225028983026339840
1225028636199309312
1225031027971645440
1225028450123120640
1225040971877871616
1225028734245384194
1225027669814738944
1225028344619716609
