1226964112950878208
1226972317038804994
1226965433506553858
1226967097340841991
1226970545331351552
1226963975063187458
1226970320952856586
1226970900622462977
1226973925470621699
1226972726696517632
1226966869208334338
1226965476007383041
1226973211155402753
1226968802337984512
1226970397658185731
1226971240902074368
1226968882314870790
1226969811625836544
1226967540255150081
1226968691570610181
1226973005173133313
1226963524095746049
1226963502558064641
1226964274431569921
1226973282177572866
1226970134255980546
1226964647686832131
1226970650818097152
1226968286568558593
1226972252241043456
1226969667232784390
1226963119160905728
1226973104506843136
1226972446730915845
1226963202224873474
1226965326694436865
1226966118927130631
1226962177145352194
1226966195271864320
1226971350558019588
1226970089968279552
1226969343751282688
1226973078871212039
1226972271841042436
1226962226919149574
1226967260465704967
1226971204394811398
1226973601783517184
1226962256602312706
1226965486040121344
1226967073487716352
1226973174925004800
1226966415141371904
1226967943013130242
1226966864112295938
1226962235207176192
1226972098859556870
