1233082096320532482
1233074986119770112
1233076015276187648
1233081983431061504
1233087204857131008
1233087246414352385
1233087565055627269
1233081655155400705
1233087845776183309
1233082258795499520
1233082183729979398
1233082433941254146
1233081651237916672
1233075037256679424
1233082189388091394
1233081231400677382
1233088096465453056
1233081198051721216
1233075048816222208
1233081151985725449
1233082629836201986
1233081530668417024
1233082313979789312
1233088341622452225
1233082566338646019
1233087966979010560
1233081283296858114
1233082675361132550
1233076663954612225
1233076312371318789
1233076592068481024
1233082259000954882
1233076684137648133
1233081693608841216
1233087333676855298
1233081948848951297
1233081584909086720
1233081760013062144
1233087758907801600
1233082146664931329
1233087107444432899
1233088115872555010
1233081532887244800
1233088090153127936
1233081298874331137
1233087444687343617
1233076131840118785
1233082112691113984
1233087138125746176
1233076526649892864
1233081717734330369
1233076713917231106
1233082646097485825
1233081869194989569
1233076151704260609
1233081654832508933
1233082451766861825
1233081249641701376
1233075259814875137
1233088231438200833
