1233466717982150656
1233454592286916609
1233454462666100737
1233454151209713665
1233453421606440961
1233453904102395905
1233466718099472389
1233454684318445569
1233466260224126978
1233454796943659009
1233466118301503490
1233465271597355008
1233454633210777602
1233453702079492100
1233453928576098304
1233453870099181568
1233466558866915330
1233453971085201408
1233465899102998532
1233459764924997634
1233454517355712513
1233465803070156806
1233453383882805248
1233454181152935937
1233454813565734913
1233465861995933696
1233466508858318854
1233466588365496322
1233465693934366725
1233465601441587200
1233453707108347904
1233460354501500928
1233460237308485633
1233465652142379008
1233454210706034693
1233454842925998081
1233466529599180801
1233465883928023040
1233454080024096774
1233454520514088966
1233459990821789697
1233465413448667141
1233460664477343751
1233454969132650496
1233459628920451078
1233454143353782272
1233454889033859072
1233453518863896577
1233454180377022467
1233460023348559872
1233459683928702977
1233460815820443654
1233460840814333952
1233454756179386368
1233466432014422018
1233466047371583492
1233454356877336577
1233460174863654918
1233454470937247749
1233459609211416578
