1224886322139140096
1224888734367145989
1224888097994756096
1224884230183718914
1224886624561106946
1224887209532149760
1224882516093370368
1224882193643835396
1224883341687525376
1224883417482792960
1224888589248368640
1224889937004097536
1224883875114938369
1224888514916937728
1224886186881142784
1224887681882169347
1224886352568823809
1224883435552026624
1224882023405432832
1224887996438044673
1224886712037466112
1224889635945340928
1224883587218116608
1224882122059632640
1224887183582158853
1224887572171636736
1224886651685490689
1224887659417481218
1224886977977339905
1224883071092240384
1224887779680645122
1224888247656099840
1224890020537888768
1224888959483904000
1224888938277429249
1224884417908412417
1224889933258579968
1224889437529624577
1224885202188677121
1224889609651466240
1224886661726773252
1224886560417447936
1224887609064919040
1224889454873190400
1224884940950638593
1224890180693262336
1224888087194501120
1224887864103788545
