1232190514113310725
1232190062344986626
1232189903456407552
1232194314215682048
1232193673443434496
1232191122585243650
1232190630958227456
1232190672733491200
1232190061325639680
1232194653430198272
1232190939822559233
1232192528310362112
1232192062377820160
1232191868152111104
1232191753479970816
1232193545529851904
1232191801672466432
1232192865935052803
1232190419338850305
1232191972779134977
1232192352485355522
1232192016068427776
1232190543880478720
1232194551860695040
1232192931311710209
1232191586076778496
1232192152467361793
1232193074157113344
1232190095798587392
1232191960934281222
1232192123618750464
1232194677081808897
1232190306826756096
1232193152938889216
1232193673049317376
