1232814264475320321
1232807779330658304
1232807422944628736
1232807562870849536
1232813638827859973
1232814625244229637
1232813296597839872
1232813787553521665
1232807523863973888
1232808077658816512
1232813743572017156
1232814419010179072
1232808598641704960
1232814830836256768
1232802617836871683
1232813909062504448
1232813468027195393
1232814625952944129
1232808217358585862
1232813828573945856
1232807577957883911
1232807466615832576
1232808008276639749
1232813400905961472
1232807781620764674
1232813186665066496
1232802521699291143
1232814910091845632
1232808657609314305
1232813450113449984
1232807356406341633
1232807718198575105
1232807544705495041
1232814792802545669
1232807201934319621
1232808411169001472
1232808669177204736
1232813460704157699
1232813342709952512
1232813535232610305
1232813636348936192
1232814699751800832
1232807314215882753
1232808052404805632
1232807147383263232
