1230621498655854592
1230617404390150145
1230615910265872384
1230622269019344896
1230615696096350218
1230613949814579204
1230618839035056133
1230614301834018816
1230622867802423296
1230614212805828609
1230617825452187650
1230617447029465094
1230613544191676416
1230615503078555653
1230618018201337862
1230613763444875264
1230615902133137409
1230619205109796864
1230614373963403264
1230622052475949057
1230620631026339841
1230626742013849600
1230621887564144640
1230618416341405697
1230620237390737408
1230618492044337152
1230624893563215873
1230620290121596929
1230623656373391360
1230613170764550144
1230623240655196160
1230628162574462976
1230627249189089281
1230624259338272769
1230622547147812864
1230623872799539200
1230627476927201280
1230614430129491968
1230613715034222599
1230624555502272513
1230616665584365568
1230626756236726272
1230619515009916928
1230621802688180224
1230627287302717441
