1229237049221206017
1229237702433767424
1229237168150761472
1229238447518420993
1229226417675808768
1229231460676030465
1229230426633490432
1229228846970494976
1229231142865211393
1229236953939312640
1229234741288873985
1229230719622189056
1229228678262870016
1229231020249165826
1229226624308195328
1229224058786435074
1229233083628417024
1229238491038404608
1229231949996154880
1229238062032379904
1229235827336568833
1229236511905894405
1229231060686385152
1229235835943313408
1229232529326014464
1229230889214889986
1229235044582973440
1229234227247484929
1229237364582539266
1229229482076262400
1229235883452358657
1229227080740528128
1229228264641576960
1229236133755838464
1229238624291577856
1229232886512930816
1229228443377819654
1229238891292479488
1229234445883830272
1229231492141809666
1229224863560347648
1229232361981784064
1229234260172632065
1229230940896935937
1229235160672952320
1229229340052688902
1229226792210313217
1229231736581570560
1229231316333453313
1229230136433577984
