1232901742041452545
1232895907001257984
1232895617925570562
1232900953243779077
1232907439290216448
1232902299883855873
1232907990505705473
1232896188938059777
1232907550363967489
1232901564580466690
1232901376356814848
1232901661124911104
1232907578599976960
1232895628604137472
1232902052466036736
1232895622216372225
1232901547505471490
1232901971851399168
1232901477464543233
1232901661837975554
1232896107702890496
1232896472120791040
1232896419310243840
1232901561942073344
1232906899533815808
1232902242262536192
1232906872442650625
1232901040279715847
1232907302832934913
1232895192065363968
1232907314157383680
1232906760970596352
1232901400855826432
1232907972189155329
1232908064577261574
1232908030578216961
1232907432612909058
1232907627836923904
1232900825787269121
1232902218858164224
1232896050618224640
1232908101264670720
1232906918294904837
1232895603803377667
1232907611286040577
1232896049125175296
1232895173899714560
1232907463315292160
1232895247547535363
1232895120661458944
1232907526930337792
1232901785368526849
1232901449333407744
