1223618388922007553
1223611468828094464
1223611807786397696
1223609906902847494
1223620246952542209
1223611867505090560
1223620572090916864
1223612134640246784
1223611872361865217
1223609332048236545
1223619630234849280
1223619656117702656
1223611625753673729
1223611122588229637
1223621198459940867
1223620933774082050
1223619402463051779
1223611230864039936
1223609402613088258
1223611375374630912
1223620296797646848
1223610989343465472
1223611456043864065
1223610015229136897
1223620136822661122
1223620554185461760
1223620296856494085
1223609520976486400
1223609327346442242
1223610257714360321
1223611844855623680
1223620467455602689
1223620222596370432
1223618422325628928
1223619903204347904
1223618545017393152
1223618624230961155
1223621594515431425
1223620364640702464
1223610146963718145
1223618735447035906
1223611304524636160
1223610527986769921
1223620009206771713
1223609715931918336
1223618479942750209
1223619866747269120
1223609383646584832
1223620880053481472
1223610561138692096
1223619469802688512
1223619551327408129
1223612185827561474
1223619907411013634
1223620389349146626
1223620610850463754
1223609906412097536
1223619335777685505
1223620919190573056
