1227017198629269505
1227010588758417408
1227016426822799360
1227011315589214209
1227016904260251655
1227017384558518278
1227017089279385600
1227010990954418177
1227013682359566342
1227008304842498048
1227007990957510664
1227017462216110081
1227007487343300609
1227013649392377858
1227018306256695302
1227012805485891584
1227009139555143680
1227013279219798016
1227007196191285248
1227015869034663938
1227009054788112384
1227016842671198208
1227012472021741568
1227008355966824448
1227015215222546432
1227007875379322881
1227012963367698432
1227009060362473472
1227014971428458496
1227018967832641536
1227015183240962050
1227014802054230017
1227011295930732546
1227011862522257411
1227018325781295104
1227016029005647872
1227009757917188097
1227008471155036162
1227016103622148096
1227012388320354305
1227009405318844416
1227018833442951168
1227018158399217665
1227007096627089409
1227007770827747328
1227009308681854976
1227016634646183938
1227014902453133312
1227016624814936071
1227013767784890369
1227014145620340736
1227013132855328768
1227018589120544768
1227007622215131137
1227019146182975488
1227013169719193600
1227015676080148480
1227007495220146176
1227010557594738689
1227009998364069888
1227011615968464896
1227013209506373632
1227012321412878338
1227008310651564032
