1229315856103919616
1229323208127664129
1229328674815725568
1229324171743641601
1229325333247053825
1229327294185050112
1229320150173835266
1229327771069009920
1229317376665169924
1229321278772797441
1229322441702432768
1229321285513035777
1229316752183459840
1229316193691033600
1229319690532642816
1229319824863617025
1229315990380564480
1229314693719715840
1229323092444368897
1229316276440322048
1229329243391299584
1229328651969187840
1229320764521930752
1229315783731249152
1229324532327956481
1229316285294661632
1229326975078195201
1229318887763673089
1229322396013879297
1229322704001622016
1229327534090641408
1229326709901713409
1229319938130796544
1229315393501777921
1229319078583529473
1229321534516404229
1229321880512946182
1229321714548396032
1229315150705983488
1229320698872549376
1229320812324442113
1229328923328155648
1229319868740186112
1229321189606273024
1229323019966910464
1229324832573214721
1229315471020826626
