1229129096514371584
1229130859883716613
1229129497611571202
1229126687918448641
1229131783859527681
1229120911904792576
1229121532523245568
1229123737217163269
1229125837678661641
1229130043361767428
1229129325410213890
1229133041592864770
1229119607920844802
1229127877238644742
1229119123306602497
1229118446778146819
1229131157972934656
1229127716013826048
1229125917450129413
1229120008523059200
1229127405249482752
1229123001729396737
1229124628133634051
1229130105760493570
1229126940797390851
1229128265186660352
1229127248382504962
1229129019360071682
1229123614450110470
1229123989299171329
1229129520940187648
1229118558497640450
1229123241559646208
1229120595067101190
1229121578635595778
1229122126398930947
1229125523521069057
1229123091038687233
1229131553307009028
1229127505090695168
1229126149453647872
1229120240338063362
1229119063680585732
1229120667670503425
1229125426863316992
1229129088083718145
1229127171068743680
1229124550681669633
1229125191143448577
1229132191197732864
1229132637266206721
1229131325728268289
1229133033342689283
1229129480049954817
1229128333390159872
1229123759409262592
1229118377731510274
1229129836259618816
