1233511694024007685
1233505808324923394
1233501731700559873
1233505502006595585
1233506434303889408
1233505178579611650
1233505493517123584
1233512025105588224
1233506416494829569
1233506487718293505
1233506446731509760
1233511068007378946
1233511608841797640
1233505330606288896
1233500960586129408
1233511176660832256
1233506480306950146
1233506147807694855
1233500590128451584
1233511080846032896
1233500730088214529
1233511029985992708
1233505167754088449
1233506357917163520
1233506009865478145
1233511293648359427
1233506027728973824
1233505314009468929
1233505386012999685
1233511185057710083
1233505108836659201
1233500896979509254
1233506551391977474
1233511413064269833
1233511722050347008
1233501307614453768
1233501237074636806
1233511424779005954
1233500733263118337
1233500940126298112
1233501648351354885
1233500712228790277
1233501041695633410
1233506067709124614
1233506320134942722
1233501392796553216
1233501392549109763
1233500838003273728
1233501684846014465
1233505326915346435
