1233888557665837057
1233888730513051654
1233876674288201730
1233888580583378944
1233874816383537152
1233879953726410753
1233880999102222336
1233887992332378119
1233888647402881025
1233883620378632193
1233886456508272642
1233882948404944901
1233885126200680448
1233887478412648450
1233888022791413762
1233875837042266115
1233886582643408896
1233875776308752385
1233877310312308736
1233876706152325121
1233881275653476352
1233882634457141248
1233882547030880257
1233877790052753408
1233884672171614213
1233877490659053568
1233878120161169409
1233875104884559872
1233878921143291904
1233888582592585728
1233875661120589826
1233882163856265216
1233889473877901313
1233888438287511552
1233887865303633921
1233884705952587777
1233878541160374274
1233882923914407937
1233878585607360512
1233883040734158848
1233877189575073793
1233877198181847040
1233878085524709381
1233881207278067713
1233882414604333057
1233885873718075394
1233882513652768770
1233877448686571520
1233880055211798529
1233888961069821952
1233883622068781056
1233877209338859521
1233885681342197773
1233884777301737472
1233879219228336129
1233889243451125760
1233876626963824640
1233877874786144256
1233876325288550401
1233885653168992257
1233879630370811904
1233885835545600002
1233882567625052166
1233889118775586817
1233876942677577728
1233875451761905669
1233882741944377344
1233888710497898498
1233881942745063424
1233876912461828096
1233888786528063489
1233887438780747779
1233875310539489281
1233886995551670272
1233885054591537156
1233876701538586624
1233878529642782732
1233888534429196288
1233881211136643073
1233888599277309952
1233887209452974081
1233879190556020737
1233881095638261760
1233888820799705088
1233878994317139968
1233874844439269385
1233880830939811840
1233879668102696960
1233887184870150146
1233889377484324865
1233884360954318854
1233879706350620676
1233876107788615680
1233878609808560128
1233880492526755845
1233881091913789441
1233889364230443009
1233881979201949701
1233889288766574593
1233886513668247552
1233888454880235528
1233888103863111680
1233884635521855488
1233880242290212864
1233883402115244034
1233877177004908545
1233880282039824384
1233883182564593666
1233880031669235714
1233874677279469570
1233883177816428544
1233875425375318017
1233875723988930561
1233880528496906240
1233878597431021568
1233887323621818368
1233874600179535872
1233879309296766978
1233876404611297280
1233885896413499392
1233885658235711488
1233885266403659776
1233889399122743296
1233877068548624385
1233880769090555905
1233886809366515712
1233884890103459842
1233882274317426688
1233887074803224577
1233889206172356609
1233888801786744832
1233888976773185536
1233881286512533504
1233877409851564034
1233887941421780992
1233887108441477120
1233877108922953728
1233884017147207681
1233877434606465024
1233878599326826496
1233876433484886022
1233888686858784774
1233878796379598849
1233889611472162826
1233877257627762688
1233886177448448000
1233885802121158656
1233883623738052608
1233879714621743104
1233887637062246400
1233882109271531521
1233888973367468033
1233885066998276102
1233879599760756736
1233881989318529024
1233889231694704646
1233884425814933504
1233882918117875717
1233878716448636929
1233888452195708928
1233887420233527297
1233884339802460166
1233882495566872579
1233882460863246338
1233887843942006784
1233877388473380866
1233879266615549953
1233882764576985089
1233877673820090369
1233886710431453184
1233886147761319936
1233884767591944192
1233887580669628417
1233883146468429832
1233879729448669185
1233875911092658177
1233888475654631425
1233887166012387328
