1223580295284158464
1223578651515596811
1223578720411275264
1223588236271984640
1223589816387825664
1223577378666008577
1223590280781344768
1223581069548707841
1223589943257100290
1223590239471579137
1223577501294743553
1223588928944582657
1223591625164718085
1223588860715646976
1223588812997255168
1223577688365027328
1223588260045381632
1223581497673887744
1223579530377551873
1223588514844958721
1223588321265246208
1223579120199774208
1223591819973406724
1223579301620133888
1223577891595640832
1223589054299754497
1223578630082576384
1223577160096444417
1223589652399054853
1223588559623376896
1223590438709473280
1223588968345849858
1223589890291576832
1223591785487716352
1223588387828924416
1223588591164588034
1223580390092353538
1223590149956734977
1223581246984540160
1223589855646478337
1223577769390403584
1223590070713757696
1223590611401560064
1223579351633010689
1223590935038177281
1223578018028892160
1223577300857323521
1223589168405569536
1223577593426743296
1223577241977679872
1223577747617767433
1223578956684677122
1223588857175859200
1223588817409413120
1223579257399541760
1223588763986624512
1223591786024558592
1223590452164689920
1223591798301323270
1223577632853368833
1223580191060000769
1223591762767290368
1223581178273374209
1223577992007471104
