1227833124765061121
1227831556988751874
1227828050135371776
1227825918808334336
1227827458533031936
1227824925681082369
1227828295468642304
1227832426912600064
1227823994352500736
1227820130534596608
1227834281663311872
1227822683015933953
1227834420133953536
1227824497715109889
1227821288917368832
1227824340848168965
1227832303017025536
1227822249954045952
1227828912291532805
1227829333705707520
1227824597405437953
1227831718540955648
1227830163699904512
1227829798623420416
1227821312615174146
1227823275599855616
1227829067510145024
1227831835696099329
1227830744011153408
1227831437556166656
1227831843938078722
1227829099621572608
1227833075666649088
1227831954084524032
1227820456226328576
1227823356159770624
1227823797585137665
1227826012903354371
1227830839167324161
1227830036905914370
1227826968839716867
1227827774036905984
1227830039418474496
1227823147807920128
1227833780687298560
1227820121705463808
1227823095567831047
1227824769996734464
1227829555664052225
1227823795576156161
1227832049991593984
1227819975680786432
1227825498702696448
1227823539681624065
1227825006257856514
1227824572822519809
1227819812606210048
