1224506047341051905
1224509204448321538
1224508142865854464
1224512123130150913
1224510706046787585
1224511713015488512
1224509009648148481
1224512794105729024
1224512422368595968
1224505161357365250
1224511436287725568
1224507259931090944
1224509054845931520
1224508999380287489
1224509817382981636
1224503834225135616
1224502793559408640
1224503812880240647
1224510657648717824
1224512822748446720
1224505259713843200
1224507783711604737
1224506265679945728
1224510120882774016
1224505463519105024
1224508187090411520
1224505679999840256
1224506683730337798
1224507828699713536
1224511270159699968
1224511779574648832
1224507722218917888
1224512647682576389
1224508162159652864
1224505487066107905
1224511630316392448
1224505538739720194
1224505185638256640
1224511824944517120
1224512005345771520
1224507809275891712
1224503359408705537
1224504674717294592
1224508484064096256
1224508384470339584
1224506981479788545
1224512061964783616
1224506008606658560
1224505481810661376
1224508949212172290
1224508626393538566
1224509212304084992
1224505804755046400
1224510870018908160
1224510988097085441
