1233245873171292160
1233254089565171713
1233250350540447744
1233245390226575360
1233244608815075328
1233247103889092608
1233245107438022656
1233253789047697408
1233242733655085056
1233245861330718723
1233241693375410178
1233242639601930240
1233242411150827521
1233254440582483968
1233254234507882496
1233250209703940096
1233250444660682752
1233245890204315648
1233241619970826245
1233241654489993216
1233254458601029632
1233253641005367297
1233247063959171072
1233247381182873601
1233255385689182209
1233246586647568386
1233252594811899904
1233240982008803329
1233246972124913665
1233248117513846784
1233244795646152704
1233252134298275846
1233242292300828674
1233244802642255872
1233244222146433024
1233242649215340544
1233247845781733376
1233253536760119298
1233246027056021504
1233247465966624769
1233250226967699458
1233250570582003714
1233240489140379649
1233241327493697536
1233241744193572865
1233255026048602112
1233246539679698944
1233245642094522368
1233251468502802432
1233244153364058112
1233246819997499398
1233249791083081728
1233254284092989440
1233245944147144704
1233243430924406786
1233248263865872388
1233244403864686593
1233251938847875073
1233242885220425728
1233250084898451456
1233245207858176001
1233250795069607942
1233250207871225857
1233253874556907520
1233247153750888451
1233241852666662912
1233253573862936576
1233242975154601984
1233249468440547329
1233253400252256258
1233244897248833537
1233252036826796032
1233251489746952193
1233242234666930178
1233251404401250305
1233242994167422978
1233246341654044673
1233254111664955393
1233240860659257345
1233249738230657025
1233245581776244736
1233246259969839105
1233247894498676737
1233253630884679681
1233245244952461313
1233254379211255808
1233241823403008000
1233244511570055168
1233253731896111104
1233254317466902528
1233253489981165569
1233252714701701120
1233240528357134337
1233254254682374145
1233251594361278465
1233253571019210752
1233242160700387330
1233253280651804672
1233250369540460544
1233252053616615426
1233250298975662081
1233245231484719104
1233248340592058368
1233251407253340162
1233240827406712833
1233244593858080769
1233254629246427136
1233243141655805952
1233244519925256193
1233243299474964481
1233253178549903367
1233247524519063554
1233253018348466178
1233250562822426625
1233247338262663168
1233240934575460352
1233240538872107008
1233247258373709824
1233241080239460353
1233248765387014150
1233246523598741504
1233250976636850176
1233253492329811968
1233252864841134082
1233247424661028864
1233247639594061825
1233254072314028032
1233255021308973057
1233246940223008768
1233241425090772996
1233246304752394241
1233255283494879232
1233254301306220544
1233254151649464325
1233250467477508096
1233250223499034624
1233241039588220928
1233250748596535297
1233246399598170112
1233242410655928320
1233254247153582080
1233242572023312384
1233244378199740416
1233248072928518148
1233241333118226432
1233244492528062465
1233242013501231104
1233244956141051904
1233244614556930048
1233250290230366208
1233252695676522497
1233249271698395136
1233244399074607105
1233245331934060544
1233241324679258112
1233251719078981633
1233245692182908928
1233245130871771136
1233244437205200896
1233242510505521152
1233252028115279873
1233252651011231744
1233249468587200513
1233241118785056768
1233246009808932864
1233252650524626944
1233251334041882624
1233242563798237184
1233240584871141376
1233246182287147008
1233247887640784896
1233252884264955904
1233254039464267778
1233246417801502720
1233244084837535745
1233255032256110592
1233254378678767617
1233242636951183360
1233241320082165768
1233252378364850177
1233244799819534337
1233246967519641601
1233245237557915648
1233242826214924294
1233241752800301056
1233245487622320128
1233254032854208512
1233250713184026624
1233247493145546752
1233254088978108417
1233248695019331586
1233240471767400448
1233254923233570818
1233242363117625346
1233242934763384832
1233253809109045249
1233245383129620480
1233254306179993601
1233245317862219776
1233254603820421120
1233247146721202178
1233253571916791808
1233251035436769280
1233244622173786112
1233248599250788352
