1233586872196227072
1233581242492342273
1233582316519395329
1233586326596935680
1233585555029422081
1233581419223560192
1233587383393759237
1233583102016000000
1233585309473861633
1233574693271064577
1233585280143089664
1233585958706126849
1233578086781767680
1233583092243337216
1233580190715936768
1233576704129617922
1233581012820430848
1233575971573391361
1233576316496228352
1233582249448296450
1233581941133152257
1233582157932695552
1233586688657690630
1233579446558318592
1233577692605235200
1233577134033121280
1233584171299278857
1233575996428898304
1233575391349968896
1233579518440296448
1233576683061596160
1233575254993166336
1233585745010601990
1233580556526522368
1233585486339301376
1233583239165509632
1233581049604694016
1233579394486149120
1233586559124934659
1233573178015830017
1233581605186408448
1233576721858859008
1233581841841455104
1233578508653338624
1233573164694867968
1233574463901458432
1233578431167782912
1233584376300089344
1233578691491442689
1233581369160347648
1233582238324994048
1233572772783087621
1233579895520976901
1233582750029901824
1233575987071242241
1233583961084919810
1233583223382388737
1233573577737240576
1233584356578320387
1233573727746641925
1233583424272683008
1233575463731240960
1233587249075195905
1233575849162616832
1233581235160567808
1233575930926374913
1233575263268745216
1233586813152841728
1233585085858926597
1233575650725855232
1233576634634194945
1233573820109328384
1233576516619034625
1233580110797819904
1233576866776330240
1233587442889809921
1233581923743797249
1233579152864735232
1233587551493087232
1233587366847115264
1233582565648478208
1233587543830093826
1233574400512987136
1233576119896608769
1233575043625406464
1233573550776340481
1233577173736255489
1233577279692820480
1233579070702514179
1233578170994978816
1233587393212637184
1233581826549010432
1233582811052937216
1233577416989257728
1233585659299926018
1233575307526971398
1233587058071031809
1233580475979063296
1233586339272122370
1233581636979130375
1233583461694418944
1233583953564532736
1233573798173184007
1233587587010351105
1233575109358751744
1233574916173123585
1233586604192731136
1233586945478934528
1233582374098595846
1233585616656510976
1233576878272729088
1233586351225704449
1233582509927075840
1233585639771140097
1233584632337055744
1233576266328166402
1233576579554406401
1233579923689877504
1233580320383000576
1233583420548304897
1233587082741809152
1233577841989578752
1233582095206879233
1233586367113752576
1233585231053172737
1233578211612774402
1233587121128124416
1233580738571685889
1233577130216361985
1233587239868866568
1233581797323071488
1233580064731811842
1233578272560037888
1233576627164078086
1233575720779177985
1233581849856872448
1233583743421624320
1233584101313196035
1233583912129093633
1233584613316059136
1233581541604745216
1233575039896821760
1233579131113066497
1233580445897392128
1233585032385552385
1233587449525395457
1233581837685075970
1233579782920601601
1233578180432125954
1233573835095580672
1233583205812334593
1233574248624484352
1233576862665912321
1233573228750286848
1233587671722754048
1233582276480503815
1233579517765136386
1233582181865476096
1233587307313274880
1233587293048406017
1233585047866834944
1233576260556775424
1233586652448055296
1233583723880337408
1233581781179420674
1233582360504958977
1233578437253771266
1233582577069543424
1233575831949185024
1233572668688850944
1233582831898517504
1233577228547567617
1233585638047461376
1233581335781900289
1233576353577959425
1233579814071738368
1233585889873252354
1233579828852342784
1233587168225964032
1233579691082207233
1233587018359287811
1233581027223855104
1233583826380689408
1233586997685608449
1233577238479720449
1233586360356921346
