1232302911503437824
1232295745174331393
1232291053694267394
1232291169750716426
1232295960975462401
1232303233953095680
1232290363190149121
1232297181958344710
1232296151250079744
1232296620131323905
1232291211492253696
1232296536622714882
1232291188994125826
1232302547945299971
1232301909496729602
1232302306928058370
1232296306934243328
1232295761284562946
1232291230261755904
1232296303171899392
1232290887104786432
1232290114925146112
1232289803959513090
1232303192026886145
1232296512253833216
1232295797963808770
1232297203634495489
1232290010260484097
1232297051083419648
1232302194956869632
1232302050144329730
1232290991043940353
1232296532025708546
1232289834816954369
1232302247532474368
1232291189891706883
1232290157413511168
1232296166752210950
1232297111338786816
1232297149674614785
1232290648465793026
1232296279524417539
1232290781861470209
1232296127149436928
1232302137624928257
1232290540366049281
1232296723290169348
1232302231518633984
1232296470432428034
1232296163530989568
1232296193407037442
1232297219149238272
1232297012038688768
1232295739046473731
1232289642214330369
1232290229719097344
1232295996618661894
1232290652735647744
