1233017080682885123
1233028038897668096
1233028258003730432
1233022550868885505
1233027796005294081
1233027355225903105
1233021651266232322
1233027984673705989
1233027470707720192
1233016064923111424
1233027456740794368
1233021693725233152
1233022680342945792
1233028445648625664
1233022303916527616
1233016228329017346
1233016598669201408
1233015885251497985
1233016094627127297
1233027607966502914
1233022448485982209
1233022172861329408
1233016997677617155
1233016325984915457
1233021613462958081
1233021429349801985
1233028564758532097
1233028949275332609
1233022185330991106
1233015847574294529
1233028555627347968
1233022880201531392
1233027296581177349
1233028878362345472
1233028777573330944
1233021737010368513
1233015784751788034
1233028446093266944
1233016325250875392
1233028491961987072
1233022687741505536
1233027913450016769
1233016673692737537
1233027507198271488
1233022121607127041
1233016987351121920
1233016522584576001
1233028883219468292
1233016179452784641
1233028099144474629
1233027499090743302
1233016919818588160
1233016588439367681
1233016613550665745
1233028051870474240
1233028808028106753
1233021466486169601
1233015587187625984
1233021963800584192
