1229471819683352576
1229478863891091458
1229468349941374979
1229479567372496897
1229471987585757185
1229474413587898373
1229470614739705858
1229473152352210949
1229478186888482828
1229474457942708230
1229477417271447552
1229476297602215937
1229468920047980549
1229470318504357889
1229470098869620739
1229478425083236352
1229472714659745793
1229475352046489601
1229468355238801408
1229469767377047558
1229479271216840706
1229471434558332929
1229472936878166023
1229473908077793286
1229468232253394944
1229471392053284866
1229478257369677824
1229469625919754243
1229479653787738112
1229476091305381889
1229479251042295808
1229474362618732545
1229472036797526017
1229472823825108993
1229470504332988418
1229474141365055490
1229470702715199488
1229478295508594689
1229477954541015041
1229470904167518208
1229469766106189824
1229473338860265472
1229471774565224449
1229471884594548742
1229477466621829121
1229479412778684416
1229474208163430400
1229474422895108107
1229475292961542144
1229468259352797184
