1225524796542345227
1225527370154684419
1225525215607824386
1225531415753826306
1225532695809314820
1225527341608251402
1225535124743344130
1225525472567742466
1225532329151680512
1225533466235764736
1225531504882745344
1225532067603197953
1225532868551696385
1225524575968079879
1225533768083148805
1225525259639705601
1225531875940347904
1225526826728116224
1225533154691338241
1225530366787825664
1225534715853234177
1225529920144789505
1225528591443726336
1225534536014082048
1225533692417892353
1225530539391758358
1225532387548966912
1225524725994139656
1225534486575812610
1225530768446935040
1225532693053689856
1225527675202220058
1225528974215872512
1225532658228367361
1225534525083705346
1225529942945017858
1225526690132168704
1225526903685165056
1225532079779319809
1225530393048297518
1225526403074011137
1225531400222277633
1225532452845867008
1225535724360957953
1225533576910921731
1225525118455074816
1225531610512154627
1225526223612325888
1225533164686389248
1225535231488380930
1225525312718549002
1225535693646188544
1225532527726727172
1225524635577593863
1225526354076151811
1225534857633292291
1225533855429472256
1225534841036386306
1225530529455493122
1225533943593799687
1225534667371220993
