1232428301001666560
1232428069748690944
1232434435728891904
1232427737303986180
1232434373317681152
1232434564078768128
1232439354854764544
1232434793272340480
1232434599587807234
1232434234930843648
1232434238470815744
1232434617912705026
1232439930854359040
1232434813459550210
1232434243248148480
1232427515077177344
1232427964266143744
1232427771424428032
1232439919403880448
1232434015174455296
1232439688499101696
1232433824060985346
1232427624070307842
1232427626263916544
1232428959641587713
1232434047156023296
1232433783044890624
1232439788554182656
1232428208647233537
1232433404756447233
1232428032247369728
1232439693582589952
1232439822888787968
1232428280369885184
1232428967250071553
1232427914509111302
1232433908303593473
1232427813753544707
1232427717808852993
1232433798677024768
1232428179219939331
1232433966566653952
1232428641667121153
1232427704026324993
1232428727780413445
1232428530572693505
1232427852714237952
1232434881122074624
1232434054097592320
