1229570518858248192
1229569805922914304
1229565444169723904
1229570506422026240
1229566351926153216
1229560831978786816
1229565871669964800
1229562404079575040
1229563001726001158
1229561596206292993
1229569813443481600
1229570312771186688
1229559723923513345
1229565278868078592
1229567548536053766
1229562504474431488
1229571039526563840
1229568990684569602
1229560269812064256
1229563792452915201
1229565658746310656
1229569994884878337
1229560249369186304
1229560019273822209
1229567739632578561
1229559393059926017
1229564040537489408
1229561798791053313
1229560398233395201
1229567806997319680
1229566525884862465
1229568769497993216
1229565592065069056
1229568209671479296
1229567175926652939
1229569777313730567
1229566006806233088
1229560372744482817
1229566917683245061
1229567630614372357
1229561595598077952
