1231096887299772416
1231101627089637376
1231105426269331458
1231109009349861378
1231097942230130784
1231096946133106688
1231107405162795008
1231099090563407873
1231104663899885568
1231102659320373250
1231109098273271808
1231097250941669376
1231109251415756801
1231103565822910464
1231110247781060608
1231103808991875072
1231098697787703296
1231109267605745664
1231110329242923008
1231107087217741824
1231097550138204172
1231110851345756160
1231097434593513475
1231110571732295680
1231101440032006150
1231099368519950336
1231107890515189760
1231100222400450560
1231102485542002688
1231099275083255808
1231106632538624001
1231102227491807234
1231105805354749958
1231103230618132480
1231106139129106432
1231096612409102336
1231097540050702336
1231108924520255488
1231096508977577984
1231097399927562245
1231107876195688448
1231106597247574016
1231102711610757120
1231099564972638209
1231105317653663744
1231106057403060228
1231104310496448512
1231098048895475712
1231106508907216896
1231108593862098944
1231101797235744768
1231097995417927680
1231108391776477184
1231100514332442624
1231102003394179072
1231104331715416065
1231109439274409984
