1229050836514463745
1229051881659322369
1229054085866958851
1229053172611571712
1229053017133113345
1229053708694179840
1229051583997997056
1229051474107420672
1229056999561846787
1229056706354659328
1229050188427382785
1229056915688194048
1229053103799799810
1229050949848535043
1229050173843701762
1229054710927237121
1229054575614844928
1229055854021955584
1229056619415105536
1229050546905997314
1229055275098943488
1229057662165319680
1229055162632699904
1229054031466651649
1229051351184875520
1229050512730918912
1229051276362600448
1229054249822081025
1229050562219409409
1229050014258933761
1229057746672156673
1229052106494996480
1229050697733242880
1229055921223094272
1229054266750459906
1229057070520922114
