1225820341441744897
1225823893362888704
1225822856883429376
1225821700547383298
1225820539446390785
1225823890624176132
1225824228236242944
1225822824197001221
1225818896701087750
1225819223122833410
1225825089628889088
1225823797028302853
1225821754746163201
1225822387549212674
1225819828818206720
1225819669581443072
1225824834396909568
1225818960433729542
1225823586662912002
1225819555852955650
1225821810781913088
1225811464805634050
1225819900662493186
1225820939901972480
1225819946707451907
1225823521563185154
1225822636422418432
1225822941734146048
1225821297784934400
1225822782698770432
1225823135154479104
1225820355597651969
1225823490055516160
1225819119871762433
1225821190394187777
1225822540574199810
1225821959415447552
1225819239258435585
1225820114538332160
1225822358516027392
1225821068650262530
1225823970693242880
1225819654045589504
1225819858044096514
