1228032258445058050
1228036696874176513
1228034510035406849
1228032395716300800
1228035751176175618
1228036292610527241
1228036660094525443
1228046163208572928
1228043317247647744
1228032091880734720
1228034191310360577
1228033928105222147
1228043745347751936
1228042574914605061
1228037380600483840
1228038028909858816
1228036449251086337
1228044785816084481
1228043417168547840
1228036103472582657
1228034368729427968
1228043403226734598
1228043703777816576
1228032337465704448
1228032584761868288
1228035611728269312
1228044339286364160
1228036000875765764
1228038442677940226
1228032176048005120
1228034902366412801
1228043746706706433
1228034246268334082
1228035010277412864
1228033851689230339
1228031296703647744
1228034415516946434
1228031384050118662
1228034105880739841
1228036951732838400
1228045993721069570
1228045200171376640
1228037614931869697
1228036224478150656
1228034360454078465
1228045541239451648
1228043811487612935
