1225099541428367360
1225095730798497792
1225091875209695232
1225097978311929856
1225100908796825602
1225093107311529984
1225094408158224387
1225100357589774345
1225095036624351233
1225100257115045888
1225092943804952576
1225094065282342912
1225096184512991233
1225093453736038402
1225096149775765504
1225092990806429700
1225097182505664512
1225094161306615810
1225097656038498305
1225092240416092160
1225100546308222977
1225094235206057987
1225097652057985024
1225092151433814016
1225095539798265857
1225090388119023617
1225099032147546112
1225097350210867200
1225094578967056384
1225091983879942150
1225093995602165761
1225097321710485504
1225089972870340610
1225090028289871875
1225101095921274882
1225098719588122625
1225100783667933184
1225097567022743552
1225095189527699456
1225098335838703616
1225092728830119936
1225100514179911682
1225096125373267968
1225090505530171392
1225095748477304832
1225094426944593921
1225098955207454721
1225099513704022016
1225094412084051970
1225091386141179911
1225093305664450562
1225098185581977602
1225094966545997824
1225097016239435777
1225097598681395204
1225096770226663430
1225095236394921984
1225094733199859713
1225098601359007744
1225098943878639616
1225093508656254984
1225098624436264960
1225092138674933763
