1230477680790908928
1230481755284680709
1230489776874295297
1230480173234999298
1230484294704910338
1230483348507762688
1230477214048714755
1230483054688272384
1230481975963602953
1230492218680659969
1230485204868820993
1230490089500729346
1230480267980177409
1230486163879800832
1230487115118497798
1230486628474466304
1230490174326525956
1230480214809042944
1230490928416280577
1230486365386657792
1230479210482810880
1230486301104844804
1230479130837176321
1230481660464058369
1230492234820333569
1230482359583002629
1230479240283533313
1230488206132432896
1230488273925046274
1230487466903130112
1230486127150321666
1230478780373692416
1230480382325182465
1230477977961418752
1230480858630328321
1230485956597207040
1230491481514893319
1230480595123240960
1230478120295243776
1230478765530083330
1230481347082432512
1230484638281256960
1230489672486473728
1230492210644148224
1230480648193937409
1230482726148624385
1230485320866516994
1230481181109608448
1230492275245035520
1230478843145682947
1230491486728273920
1230486676402778112
1230490829321592834
1230491926048145408
1230477705495232512
1230482207065726976
1230490571128614912
1230487723405787137
1230483017468170243
1230480305934553088
