1225046942780026881
1225045997031608320
1225041412997230593
1225049639939796993
1225042734580289536
1225046430823387138
1225045044245057537
1225045624875311105
1225041525740097536
1225045786628710400
1225047485304860672
1225042874850521088
1225044515876007937
1225045733121974272
1225045442330677248
1225047762879774720
1225043397536169985
1225049023901577216
1225047474244653057
1225046324481085440
1225048990674309122
1225042584021561344
1225042540358815744
1225041933992714241
1225044608482205699
1225045144740691969
1225042474571186177
1225048838362292225
1225046162085797893
1225048429337903105
1225046077302116352
1225048979752157184
1225048716584849408
1225041886412341248
1225044023124971520
1225044853719027712
1225047542158766081
1225045249342337027
1225044419667210240
1225042561271848960
1225046003478196224
1225043668010262528
1225049644050182146
1225042739496046592
1225046289068560384
1225046230146912259
1225046652295307266
1225045914663952386
