1226128482612047872
1226125624449937413
1226122246940450817
1226124783034814464
1226126905503551489
1226128222431129600
1226126425280929792
1226126121281949696
1226122329614376960
1226122544891256834
1226127242473791489
1226124409414569985
1226128406431043584
1226126321241251841
1226123720210563072
1226125436536541186
1226127889554427904
1226127124068585473
1226126077925322752
1226128540426555392
1226122332361629696
1226124840207343617
1226125731186475008
1226124248072192000
1226125838611046402
1226125906063708161
1226128071968927744
1226123486562836480
1226123891824824320
1226121953263509510
1226126475159654404
1226123485786841089
1226126749957861377
1226122727280406528
1226126146733060100
1226125624223207426
