1223972968222593026
1223980095187980288
1223974323238641665
1223973068151779329
1223981405241335808
1223972871397048321
1223981082908991491
1223980305079570433
1223972934018129920
1223972870105157633
1223981207727177729
1223973562291302400
1223981025312657408
1223979982847987712
1223972846335971330
1223974500997443584
1223973906500874240
1223979718128459781
1223973932048490497
1223973145293406209
1223973707330150405
1223980853518270464
1223974236881948672
1223981205122506752
1223972882918690817
1223974393774166022
1223979624641646592
1223973285844660224
1223980480048943104
1223981166627368960
1223980429214089216
1223974109056397313
1223980534528925696
1223972677829844992
1223980213240922112
1223973758517428225
1223980971394887681
1223979610964221953
1223974218041262081
1223973801370755072
