1229310380691857409
1229299618627772416
1229308042509840385
1229299633525940224
1229311873046024192
1229302314843897856
1229305943940165632
1229310045374099456
1229305603266211840
1229302254827704320
1229309956047822848
1229305018940977152
1229307460680216577
1229309885352792065
1229305909618319363
1229301013301092352
1229307341616533504
1229304659958956034
1229306722377859072
1229299929933238272
1229310538468847617
1229310550351450113
1229307877069746177
1229305742986891265
1229303448903925762
1229303339168542721
1229311995985293313
1229309206135820289
1229309483354071041
1229308420609716225
1229309884312817666
1229304291761876993
1229310420189687808
1229309129610579968
1229299725184065536
1229308710801018887
1229300751656054785
1229310461432098817
1229313525740396544
1229304765802254337
1229310994557624320
1229302250155036672
1229303729611923456
1229304395642392576
