1228122585822646273
1228126894031331328
1228135982878167040
1228122340216586241
1228121756730306566
1228136044320583680
1228127986660106241
1228131444498657280
1228134704299335680
1228125847007178752
1228130059644547073
1228131170736467968
1228130955526889473
1228136177259159553
1228124525910528007
1228127320885493760
1228124967591505921
1228134464405983232
1228128621841219584
1228123025012379648
1228136304149270529
1228136244862783488
1228133844458577922
1228123461815394304
1228133582201221121
1228132873552547840
1228135124304367616
1228126795435827205
1228123256235884544
1228136318233870337
1228131172926050306
1228130721446944768
1228125472329998342
1228134075937914881
1228136457312686080
1228130952246779904
1228128229967454208
1228130556992294912
1228129293781422082
1228132673241124865
1228135301261840384
1228125344688787456
1228135224984383488
1228133021360033792
1228134823811670016
1228128436612259840
1228133539742351360
1228125453417766912
1228135114196078594
1228136039731978240
1228132437848469504
1228128678376280064
1228123660986138624
