1232025830446059520
1232017635077808129
1232032122942021633
1232023944825315328
1232017948606332928
1232032176822194176
1232024847821074432
1232024988196073472
1232025631384358913
1232025641140314112
1232018105469001734
1232024201764184065
1232025117498265600
1232025923194626048
1232017709153619968
1232025934200438784
1232025976013545473
1232024432606162947
1232017794599989250
1232032193498820608
1232024349319847938
1232024916360232960
1232017451426164736
1232025734014738435
1232017839697076225
1232026561785860096
1232024347704995842
1232024143530536961
1232025382787977221
1232025673524535297
1232017848178003970
1232025853250269184
1232024764098715649
1232025831427526658
1232024683610017793
1232025200696406016
1232032114780049408
1232024783895875586
1232018275481083905
1232024074978615296
