1233148662529896449
1233142250848366607
1233135934922776576
1233142271760990208
1233136216159076354
1233135834125172736
1233135887749459973
1233142502913273857
1233142401193193472
1233142003564761089
1233141754834145281
1233148457474502664
1233142216891211778
1233147825367736325
1233136223281197062
1233142742416576512
1233148726870495233
1233136823968260097
1233148365069676544
1233148218931695617
1233147716114485255
1233136105052082176
1233147866732015621
1233136214619746304
1233142465093414927
1233149028273049601
1233135959891488776
1233137367713796101
1233143286682071048
1233137011248123909
1233147942195933185
1233147766253277187
1233136953824096257
1233148194042863616
1233137410541666304
1233148290901954561
1233136784676093952
1233136190980681728
1233142250600718336
1233142171060121600
1233142979801444352
1233136954000044032
1233149074985099265
1233137191381086208
1233141907485679618
1233142141167317007
1233136291098873856
1233136197926576128
1233147741213057024
1233148509462753282
1233148161360826370
1233149061911531521
1233136605231296518
1233148995301711873
1233148169573355520
1233147875229564935
1233141831678013447
1233142348361740323
