1225784192857849857
1225783185193275394
1225783153329045504
1225784773160787978
1225784029385052161
1225792716467912704
1225783972745093122
1225792375768801280
1225795555533541377
1225792366595973120
1225796346675773442
1225795474776444928
1225784291071709190
1225796005817442305
1225795795707822080
1225792992012832769
1225792969686413314
1225783007602036737
1225794572380442629
1225794581096067074
1225792867752243200
1225796027158061057
1225796187913150470
1225795082302844929
1225782309753765889
1225794706434555905
1225781783767191552
1225794739191996417
1225781389955665921
1225792754791460864
1225795657228836865
1225781813349478400
1225795150284238849
1225782625161314305
1225796097777586181
1225782301231140865
1225781649465462785
1225784857009295362
1225794506299232258
1225793169628909569
1225781649327218688
1225783609719754752
1225794261553176576
1225792326586421248
1225795108986974208
1225782691011813377
1225784005200687106
1225793830894497793
1225793148070158336
1225793171709280256
1225793949467578369
1225784528641413120
