1227328146694909953
1227326528154951680
1227333250978394120
1227323255813439497
1227331884851646474
1227329236777799682
1227328316903952384
1227331994398359553
1227323639705591810
1227332257779798017
1227331194947297287
1227336421138141184
1227323053627060226
1227332902217822208
1227330473220857856
1227334526462025728
1227328921336713217
1227331617045303296
1227330930374737925
1227322332030607360
1227336159694589954
1227323670076547073
1227334417707937792
1227335783432019980
1227334455003697152
1227321864843931648
1227321615932936192
1227327684444872706
1227329598351978501
1227325686597259265
1227330091803385857
1227329648889081863
1227334636143075336
1227330883381813250
1227331031918948352
1227324561080954880
1227331308403163137
1227324111896170498
1227328429642653701
1227328196808511489
1227331033852448769
1227329698042195968
1227327790401441796
1227326118635737090
1227335937815908353
1227329285452652544
1227328019699814400
1227331106774626305
1227323441705037825
1227335679455191041
1227331890073473031
1227326676578840576
1227331772888821761
1227327685107560452
1227323687323471872
1227322079000875010
1227323592175734785
1227331325482471427
1227325157393432576
1227329824806580224
1227330988835037184
1227328554746204162
1227335810044891138
1227330075445678080
1227331394390691843
1227321967826567168
1227333364383932418
1227321813698523137
1227323661654294531
1227327482334007301
