1226510178167726080
1226507879366242309
1226510168201973760
1226508527402979331
1226508029153046534
1226509588557631491
1226519985520070656
1226506747818299392
1226509516633755648
1226508145804972032
1226507114215985153
1226510225496268801
1226508290630139904
1226507016660824064
1226520350277529601
1226506359383842821
1226510329485647872
1226509565052645376
1226506271295254528
1226519220738879488
1226509509218033665
1226507298543153153
1226507999340093440
1226510312679100418
1226510312595058688
1226507688173096961
1226508747721166854
1226509977541541890
1226508867187748864
1226519641167548417
1226507775531978753
1226507055781089282
1226506180056449024
1226520367348449281
1226520423761948672
1226508089723146242
1226508171382083585
1226520140315058176
