1229492651872997383
1229492300285390849
1229488008694394880
1229487455902019584
1229481611986472960
1229487748660244482
1229491505544540160
1229487521366728705
1229493172327174148
1229495594433097728
1229480890562207744
1229491303911763970
1229493071487873025
1229486320604590081
1229485896136843266
1229481935895957505
1229480955351531522
1229481571658407936
1229492192688910337
1229491634737311744
1229489739402600449
1229483244103450624
1229481618630479872
1229489982034894856
1229491936962240512
1229483039203430402
1229495020287184896
1229489212816228353
1229492928197750785
1229492465696198656
1229482469503664130
1229483332574076931
1229483459262996480
1229482703063568384
1229486730899853313
1229486079016869895
1229486366721028097
1229484938908590082
1229484418831724544
1229481823081771013
1229482470623653893
1229490634593120258
1229481730660237321
1229489220399616002
1229484298228707332
1229480709217189888
1229485802339483648
1229490778545610752
1229492269004226560
1229482344916160520
1229481891654336513
1229490092366028805
1229495586241433600
1229487240293777410
