1226782042681159680
1226790758293872640
1226788747070640128
1226785324140986368
1226785353547186176
1226782709571256320
1226782084926263296
1226783477015568386
1226782826630144014
1226785541066297344
1226791475998003201
1226787353349500928
1226781838598905868
1226784944761995264
1226778175503585280
1226784101903958016
1226785108239187969
1226782825287802881
1226782733743132673
1226782957819564032
1226787960781185024
1226781365774901248
1226784744207212547
1226784648191045632
1226782691141586944
1226784605811822592
1226785134650654720
1226789732518068224
1226788313471700993
1226791369567420416
1226786342220288004
1226785092640657408
1226791953833943041
1226791066378129409
1226789718827970560
1226787432701493248
1226779308682862592
1226783086777638913
1226784188117868550
1226790556291854336
1226780135275155456
1226791141342875648
1226779200104751106
1226778682678661120
1226791447690526726
1226780223888224258
1226781126502436864
1226783973357096961
1226778953374785538
1226785300300492800
1226780948819136513
1226782185434370049
1226790399940784133
1226781368622993410
1226791420503248896
1226790234668421121
1226788395063492609
1226788464978350080
1226784196435173376
1226788201248903170
