1227769254017040384
1227771636901871617
1227772208161972225
1227772726036746241
1227764592245276674
1227771986685788160
1227765673549385730
1227763986835202048
1227763494742827008
1227766726651269121
1227767545186250752
1227773725090516993
1227761948801949696
1227769566832533504
1227772093225426944
1227763330900582400
1227764843261775872
1227767434620350464
1227770553169133568
1227766159484735493
1227770554662305792
1227769713675010049
1227772504229285888
1227767587829796864
1227773080514240513
1227767983381962752
1227763232678477831
1227767387660918784
1227762907087351809
1227767865912127488
1227762231015809024
1227773517476876288
1227766497621270533
1227771149809061890
1227772832358137857
1227773649102368768
1227765028826288130
1227762695857983489
1227768985871056896
1227769466869534720
1227772228562866176
1227767366873796609
1227765046945542145
1227773773027430400
1227763498911821825
1227767617357668352
1227772861256880128
1227767695208144896
1227767149219008515
1227763842412949504
1227766498829225985
1227766310395793409
1227764853525356546
1227772512425185282
1227771356441243648
1227771274635558912
