1230444096709369858
1230433170774020096
1230439237159288833
1230434410966568960
1230438262059257857
1230443232644886528
1230443912931704834
1230436039245860864
1230437929031553024
1230442082705313793
1230437513921208321
1230434455233482752
1230433457399980033
1230440449728532480
1230443317168680961
1230445094517346305
1230442308924915713
1230439916456304641
1230434910265057280
1230437538596175873
1230434355220119552
1230444476490928128
1230436382318977025
1230436830694129666
1230432276439277569
1230442826669801473
1230444011883679750
1230443627299647488
1230440714431090692
1230438317654597633
1230432088890970113
1230437680636420096
1230433561506762754
1230440623968342017
1230432387709964288
1230438356279943168
1230432641071157248
1230444071165939712
1230443872251269122
1230441226933022720
1230433371593072641
1230440730843156481
1230438036850331648
1230435553188859904
1230441956800634880
1230437858562859008
1230438945072111617
1230443147332915200
1230432270952960000
1230437559957770240
1230440208220352513
1230434211338825728
1230444985910251521
1230443707066748928
1230446763095416834
1230439437856837632
1230442445697175552
1230434770271657986
1230441859899625472
