1225114175405350912
1225113433835802628
1225115325449916416
1225114431174205441
1225115104615649282
1225116343210598400
1225112235737079808
1225115788387835904
1225115323579404288
1225115878011703296
1225116211656249350
1225111679442259973
1225115918969098242
1225116806303682578
1225111259668000774
1225112838068408320
1225113261340753920
1225111960448053249
1225112431422099457
1225114524782645248
1225115800069136384
1225116524962295810
1225114809181458432
1225116755871371269
1225111958594183170
1225113162745290753
1225110798067855361
1225111242521698304
1225115401354219525
1225111074300661765
1225116163228782592
1225113510163689473
