1223424610261065728
1223413519741153282
1223425671864541185
1223424175915896832
1223412975559536640
1223411806812672001
1223418869378777088
1223416205366579200
1223414333864058880
1223423281656668160
1223417262096470016
1223417299102683136
1223425432080404480
1223415789325209600
1223415630684131330
1223424191883399168
1223422438127689728
1223424763458134016
1223412334091046913
1223416721995755520
1223412497148891136
1223420392339050496
1223422346565808135
1223410640808632320
1223422229708451842
1223424576756973569
1223411122369441793
1223424385438142464
1223423776265621504
1223413352291897344
1223424399086424069
1223417353657970689
1223424940495396864
1223416592555479040
1223423198194061312
1223423869244985346
1223424318106939394
1223419646902075394
1223423120934985729
1223424236846366720
1223421205291495424
1223413068237090816
1223414161209618432
1223413413121949696
1223425609948262401
1223416086160216066
1223425081772269569
1223424678359789568
1223415496302678016
1223417249484214277
1223417569643827205
1223412788653150210
1223425347447934976
1223419816343531520
1223417262012555264
1223420571632799744
1223418343190749184
1223420939708379136
1223415942341771264
1223425266074124288
1223419992793911297
1223417709620342784
1223415273857794049
1223425576964218880
1223417124971937792
1223419626484162560
1223420086477676544
1223418555623972864
1223424888326828032
1223416210080927744
1223417845616242688
1223421014467665920
1223413648913133569
1223416607092899840
1223412907658108929
1223413203708907520
1223412643744055297
1223422543329054720
