1225402830879698949
1225399200730337281
1225396152725409793
1225397745424355333
1225398822844669953
1225402182608007168
1225401864226852866
1225396760467521537
1225400823590653952
1225395183493242880
1225392558466953217
1225395268742533120
1225394428355006464
1225403090985246720
1225400011669692417
1225400792385032193
1225402617477492736
1225394941926375424
1225393224526815233
1225399871961739265
1225401513100611585
1225396173483077632
1225398046990708738
1225393578123218944
1225394890789531648
1225393400767107072
1225397193172897798
1225403284653051905
1225400707043528704
1225403129254043650
1225398059351314432
1225401325183283205
1225394346763132928
1225399997761556480
1225396610693201921
1225402611299385344
1225392145223143424
1225395805839818754
1225401462655717381
1225395434048217088
1225393963756072961
1225398395323453443
1225401532138561536
1225395065641631744
1225399283681095681
1225398767613952001
1225394672799043584
1225403495815102464
1225398730397908993
1225402066534793221
1225396595119861761
1225402011769720833
1225402102350065664
1225397817348280321
1225396633237671937
1225400977424936960
1225403565868539904
1225392285937856513
1225402558060957698
1225393516911591424
1225391696596226049
1225402765888884738
