1225769158517780480
1225766343774961664
1225769986855198720
1225780597886353409
1225769930580090881
1225767980081934337
1225766390373715969
1225770466603929602
1225767001924276226
1225767860410208257
1225769134392270848
1225780907979792384
1225780944759664641
1225768855881936896
1225780212018769922
1225769118848016385
1225770051283763201
1225766587728384001
1225779961212129280
1225781171247820800
1225769639537455104
1225766354487259139
1225779625751564288
1225766982752112641
1225779209861292032
1225768933388693504
1225780842204553216
1225780427694063616
1225779520432746496
1225770219483914240
1225780505037230080
1225768454688473093
1225770143852052480
1225780608078499840
1225767478027939841
1225767446684094465
1225780915563003904
1225781063739248640
1225769957910290434
1225769530909220869
1225768940510568449
1225770665023852549
1225766602920120320
1225768596074352641
1225767989036933121
1225767562115452929
1225781233541636097
