1230071315228348417
1230075426602655745
1230078910349574145
1230070543937757184
1230071408052645888
1230078405770498048
1230070565391568897
1230081947130572800
1230081964159438849
1230079921378058242
1230075752487387136
1230084117062148096
1230080623198556160
1230074985881985025
1230076161390071808
1230082600221339650
1230076579998400512
1230080701757677569
1230069863030243329
1230077091833475072
1230083140783235077
1230078601850236930
1230083893191233536
1230073124609114112
1230078772189122560
1230074728989286403
1230074537489858562
1230083171414347776
1230073058028814336
1230082737639264256
1230070540301324293
1230081149067657216
1230075620459270144
1230079512819326978
1230082468751069185
1230081315028062210
1230070334520320001
1230076995943321602
1230074656268271616
1230075008698859521
1230080038113988608
1230070090260860928
1230079472583315457
1230083123381182464
1230072550534696961
1230073293073350658
1230084293428379650
1230075054668513281
1230080288379822081
1230084211064725504
1230071081785933827
1230076249487429632
1230077561624858625
1230070514086858753
1230083457935503361
1230076903429554177
1230082996536872960
1230073802756960257
1230069860576694273
