1225671140971933699
1225675481451618304
1225671711841894402
1225672089832607744
1225672622928588801
1225674591906889728
1225675511390584834
1225671504450310144
1225671840401485831
1225674419378384896
1225671530421506050
1225674854319288321
1225673522044796929
1225671906637926401
1225674516258406400
1225673140488900609
1225671659543121920
1225672078424076291
1225672270791598087
1225673605746327559
1225673780074172416
1225673119219609605
1225671482153455618
1225671564521164800
1225675557192359941
