1233308094806949889
1233307983506890757
1233301713295007744
1233302048650584065
1233301931952459776
1233308031879913478
1233313596236554241
1233301478070030336
1233301337292623874
1233301072380231683
1233301537805537280
1233301033046040576
1233301098989064194
1233301130202927105
1233314011715903488
1233307825599852544
1233300929975209984
1233301005716131840
1233307120742912001
1233301071285694464
1233302255295770627
1233307544015294464
1233313935769657345
1233312622910377986
1233313969152065541
1233307969724567552
1233313102520897536
1233301173437775872
1233307215869681669
1233306671872651264
1233313520302743552
1233307505796608000
1233312993066151937
1233307581453496321
1233300979019239424
1233313290278854656
1233312771200212993
1233306877691387909
1233312728577499136
1233307325689139209
1233306760334774272
1233302048667357185
1233307402373664768
1233313334151172097
1233307128653385728
1233313224205967366
1233307028224913408
1233307629847334913
1233306643481251840
1233306620865605632
1233307807841181696
1233301584576016384
1233302839692156931
1233302142905180160
1233307044842758145
1233301101476110336
1233313269554798593
1233306671776223232
