1229897301545627648
1229893152296693760
1229892269903360006
1229893528995745797
1229889394586222592
1229894834351153152
1229891490685558784
1229893767337009154
1229888942352236545
1229897348932722689
1229889147201937408
1229897396148109313
1229888383289155585
1229893042284486656
1229891168277876741
1229888516668231681
1229889257436782598
1229892680257286145
1229891884975259648
1229893896613847041
1229896162527805440
1229894204240908288
1229894505194803207
1229892243734945792
1229891971910684686
1229897520245071874
1229895305702842372
1229892822486126592
1229891644427767810
1229893318462623750
1229896701495906306
1229890266141614081
1229891577331552257
1229894187597942784
1229893441737371649
1229888487396200456
1229889998272393216
1229889820916428800
