1227686704376668162
1227685126097629184
1227695527308988418
1227692955982532614
1227684527679688704
1227696642960347143
1227693254033821697
1227693545970184192
1227695434329722880
1227692641250357253
1227687318758313985
1227685012834856961
1227686991275282432
1227686049842966528
1227686500688695302
1227695312350928900
1227696728582868994
1227697698884784128
1227685621642276865
1227694479672365061
1227694153917771778
1227696829065596928
1227689265288622080
1227697215814144002
1227686816935022592
1227685674297577472
1227698325593448451
1227686392689496065
1227697033227591680
1227697484664885248
1227694091082723328
1227698190796951552
1227692237900931072
1227694266308317184
1227696283013525510
1227685508035305473
1227690830862934018
1227684960452169735
1227687312508751874
1227693313081430021
1227697511185428480
1227689393504342017
1227687906439024641
1227687363750617090
1227689035143012362
1227696770030940161
1227694953691799553
1227694229440409600
1227690736700870656
1227693486805155840
1227696540870942723
1227685423322980355
1227690872042655746
1227692747039158272
1227691051034566658
1227694490699300864
1227689860623994881
1227685130673803266
1227686745543708672
1227695062177517568
1227688071400849408
1227695571906985986
1227695300732567553
1227695975994621953
