1232255471488323586
1232255327116185601
1232245185767235586
1232245188745138176
1232248212297330688
1232255659028156416
1232254423621144576
1232245639108612097
1232255650002067456
1232245387223818240
1232254946864705537
1232248473514278913
1232248211995230208
1232256116333084672
1232256836985688064
1232257129119174658
1232247171224829953
1232246263216820224
1232254856494297088
1232246510697488384
1232246731921735685
1232256727115956224
1232248512441544704
1232256993991282688
1232246727148789760
1232247753515900930
1232246217867919362
1232256670685913089
1232255532481667074
1232248159239172097
1232246023247949824
1232246183923347457
1232245893308379136
1232256965176385541
1232245763482308608
1232246735843532800
1232256266837352448
1232247026659680261
1232245357330882560
1232247408597327873
1232257155409043456
1232247241995358214
1232247609936371713
1232248470309920768
1232254572623613953
1232254778257874949
1232246934452129792
1232255021288427520
1232247328272199686
1232256304715927552
1232248023679242240
1232255143191699457
1232256335623966720
1232255314247999488
1232257243170557952
1232247013670105088
1232255349383712769
1232257066074505216
