1227669143815643136
1227669719802679297
1227668857743171586
1227674172014329857
1227673408848191490
1227671443103719426
1227672836334145537
1227671711413391369
1227670649688203264
1227670355910840320
1227669797648900098
1227668824155013120
1227671628206821385
1227671502646063105
1227673369614540800
1227671687858151425
1227669027004338176
1227674194730799106
1227671433482035201
1227669450654130179
1227671571214585867
1227668931369979905
1227670037999173632
1227671826416861184
1227671139473817600
1227670981776461825
1227669361193865216
1227669986782699521
1227670635238842369
1227674178867863560
1227671382391164928
1227669562759503872
1227669524822085637
