1224160588483268608
1224158947734708228
1224159428125085696
1224160230809972736
1224163240084529152
1224165220655828992
1224161069435965443
1224159571096174592
1224163917393326080
1224162501719277569
1224159828764790787
1224164376426504193
1224163475133476864
1224161187170045953
1224162384316715010
1224161230618841089
1224164957052456967
1224164900164915200
1224160013670809603
1224162608229638144
1224159127984922625
1224163490576789505
1224164338715570180
1224159205172617219
1224163102545104896
1224160341505925123
1224160344836149248
1224164997170978816
1224161085252521985
1224161544277114885
1224158591151591424
1224164315172765696
1224160549098983424
1224162040966598656
1224162662071717888
1224162453333987335
1224158743191080961
1224160285642149888
1224164286974636032
1224160639196766208
1224165422813130752
1224165383361437697
1224164727619604480
1224162621290450944
1224159367089573890
1224164005067010048
