1232284961320972288
1232283704460029957
1232278313713926144
1232284172481388545
1232284956023513091
1232284894031679488
1232277967776157700
1232284024628011008
1232284645192093704
1232284822791507968
1232284453462007809
1232277640398229505
1232278719496179713
1232285180104237057
1232284106081394689
1232284374474919936
1232278367463931906
1232283944499871744
1232284885466910721
1232284196216852480
1232284605606191104
1232284460172894209
1232278112576167938
1232284193301901314
1232278431129382914
1232277724154224641
1232284810678276097
1232284236348039174
1232278418936467459
1232284058736001025
1232278349617205248
1232283764887314434
1232277658785984512
1232284373241610241
1232279118881984512
1232278507306262529
1232277896263294976
1232278541917618178
