1224366125754003456
1224366389236064256
1224367450843762695
1224376973167775746
1224364963864571904
1224366720988508160
1224365649452945411
1224365050221269002
1224376855580553216
1224376629302104066
1224376066275303424
1224365724560433154
1224375984016805889
1224376601690984448
1224366588633272320
1224365714045227008
1224365475897004033
1224367315908726787
1224375782832771073
1224375482218532874
1224366757219127298
1224376492060135430
1224367648760385539
1224365696899043331
1224365846371409921
1224367981205118977
1224368034342588418
1224375875426226176
1224367223659167745
1224365547107815425
1224368266153463808
1224375579451043845
1224366567951142917
1224366959271325697
1224365537641345027
1224367778603270145
1224368584861851649
1224366554445467648
1224376517708386310
1224368411305746432
1224366161577463808
1224366197740843008
1224376131593424896
