1230100831762092032
1230107923692519424
1230108188680314884
1230103910502678528
1230105107259363328
1230100700149014529
1230103139547631617
1230102062790135809
1230100042242871299
1230105866420051968
1230108966052605954
1230107971021148160
1230103543673053184
1230106314883252225
1230106311720886282
1230109160508928000
1230105625583067136
1230107263811149824
1230102770084175872
1230103430217093121
1230100903211851776
1230100104670932992
1230108963116666881
1230103750804553729
1230105042935398401
1230100729311817729
1230099886365913089
1230105298125365249
1230107747514929152
1230103310687858689
1230100152213483521
1230106248638427138
1230104505770901505
1230101282725277696
1230105955397816320
1230108147550846976
1230102392105992192
1230100417440292864
1230100488843956225
1230109120813907968
1230107669354156033
1230104098009223168
1230100820533768192
1230101799513673731
1230105930618097666
1230104222819061761
