1227419209707114496
1227416718181404672
1227418857012420610
1227418125458644992
1227416591085789184
1227412853109350403
1227419890677514241
1227418576333742080
1227418283495710720
1227420181208686592
1227415829718790146
1227421463097094145
1227419552029372416
1227417200597684224
1227413905569460224
1227418693170159617
1227416711864967168
1227418082705989633
1227416753719742464
1227423709289472004
1227420828817641473
1227415508796018688
1227422345326989312
1227423488140554240
1227419193676640256
1227424458283143169
1227413499648839682
1227424643004366849
1227416877929943041
1227416031213256704
1227414260734726145
1227417159632027648
1227419715699494912
1227423309136039936
1227420538454278144
1227424737950760962
1227423443995381760
1227416460840067072
1227412308156145665
1227419611697754112
1227415659379818503
1227413787529170949
1227414491350126592
1227418831007682560
1227414718903504901
1227416404590243840
1227414133093683200
1227416174448693250
1227413622806241280
1227412397087838208
1227413188691365889
1227415676106657792
1227413249341050880
1227425123243704320
1227420676128112642
1227420219825688577
1227417650155773952
1227420116050153472
