1226272932231548929
1226276798817820672
1226278559179628544
1226267604312035335
1226274016509472769
1226274055680077825
1226269446286856194
1226271066412240901
1226270755668795398
1226267529200443392
1226276317982842886
1226267113473527809
1226277028523126784
1226266749231915008
1226271429982814210
1226269968980832256
1226279447998779392
1226270657748619264
1226272116980379648
1226270406916612097
1226267042216587264
1226270407281516544
1226273811995275264
1226275741362466816
1226272461102223360
1226278282221371399
1226278988651343873
1226270342600986624
1226276402569154560
1226269736784273408
1226271177288617985
1226270454584881152
1226270571027148800
1226273187027177473
1226276705297457152
1226266855410741248
1226273213686177792
1226278163153485825
1226271037844787206
1226278531023474689
1226267469226090500
1226269263226294273
1226279229614182400
1226276742349778944
1226274998907809794
1226271199996653568
1226270372565143553
1226270209326977024
1226274270269050881
1226274103209840640
1226274345833680897
1226269677762043906
1226269784066662400
1226269465316380672
1226278954513895425
1226270903308173312
1226266969864687617
1226273734174048256
1226279115113631744
1226269726919270406
1226274409150763008
