1226734241020551168
1226741750544445441
1226744727493464064
1226738331490193409
1226737994377256961
1226742687098818561
1226734484747321344
1226738833972133890
1226737431451521026
1226736626988023808
1226740497831616517
1226741652234129408
1226745556376203264
1226734608982540289
1226739985673412609
1226742233199714305
1226744811203579911
1226742879592353792
1226744291134820353
1226734139296174080
1226742795756421120
1226737879214444545
1226741763504660481
1226745538629922817
1226746204962246657
1226746099282726912
1226739153758490624
1226735632501870592
1226733333138288640
1226735590013636608
1226745421784997889
1226737952916561921
1226742574150537216
1226737509339553792
1226743154801627136
1226742476989292549
1226734580717113344
1226739823215427585
1226743443491303424
1226743597648633856
1226735456093474817
1226741550052343808
1226739872091820033
1226735113695875074
1226733614970204161
1226743303342657536
1226743744541667328
1226743938179928069
1226744145256968193
1226743110715133953
1226741438618058752
