1232205166343966720
1232203762971758592
1232205839991107585
1232204196277084160
1232205782705483776
1232203712451399680
1232205319087980545
1232205293859196928
1232204483242782720
1232205356908122113
1232205824241684480
1232202091214626816
1232205813617451008
1232206107214524416
1232205335022034945
1232205947440975873
1232206040365707264
1232203289367736320
1232206318821367808
1232203248347402240
1232202922915704832
1232202702244868096
1232202649665069056
1232206520240214016
1232206228992004098
1232202899968622592
1232205871008100357
1232205695405027329
1232205511434502146
1232203598655868928
1232204260110225409
1232205727365648384
1232203577180844032
1232204687149076480
1232202899674947584
