1223949870924468224
1223941749254520833
1223940771117535232
1223942855091269633
1223950561390841856
1223939930533113860
1223949855996829696
1223942859113426946
1223951485211500544
1223942231490473984
1223949291468668928
1223949158224220161
1223949132609409025
1223940267788709889
1223942219947790337
1223940323119775745
1223949565184729089
1223940262063296513
1223950141708742657
1223949463045189632
1223949627113820160
1223940309127778305
1223950016475287552
1223951420367523841
1223950512006975488
1223950628470370304
1223941472774320128
1223949674056273921
1223941343178706944
1223942814301638656
1223950277767598080
1223949119389081600
1223940984238739461
1223940189346828289
1223941714617958403
1223950310399344640
1223942514387968005
1223951204214067201
1223950753800376321
1223941919664828418
1223942136233590785
1223949773582942211
1223941006422237185
1223940601978052609
1223941325344641025
1223940869558095872
1223942608126275584
1223951061146308610
1223949151215460352
1223940454560890880
1223950703149776896
