1228981207834062848
1228978545528979457
1228977552578007045
1228977458541670400
1228981657421697025
1228976737570058241
1228975635436990464
1228978829777100800
1228979892081090561
1228975971975467008
1228981638857519104
1228979135789309953
1228976158647050240
1228977714717249536
1228976370115465216
1228979468045152256
1228977658773434368
1228980666395742208
1228975089644756992
1228979414018535424
1228977025668571136
1228980455158013953
1228980309280120842
1228977052381900800
1228976440978309120
1228974065211277313
1228974753177907200
1228982137455382529
1228980798885371904
1228976722877399040
