1231926693822173189
1231925663348686848
1231925568641196033
1231918424625991683
1231918990714441729
1231918291465232385
1231917509068181505
1231917663003213824
1231918649935482881
1231918890038460416
1231918253414453248
1231926295287779328
1231916988227825664
1231925655882862593
1231926110528688129
1231918552208138242
1231916927150383104
1231919023102799873
1231916951288590337
1231925454820474881
1231916608223838213
1231919140434214913
1231926581981057025
1231918064872120320
1231918906429845505
1231926286014197762
1231925618297786375
1231916558089359360
1231916521003323392
1231926630165155843
1231917463656333318
1231925931431694337
1231917232785154048
1231919255114911746
1231925438089314304
1231925761684230145
1231918598219878404
1231917253110534147
1231926662910140417
1231925928118366209
