1224826487825739778
1224824835089539079
1224824102927597571
1224828609115848704
1224828144512905216
1224829300345573381
1224827329060360192
1224825100895125505
1224825014370914304
1224827642618269698
1224826590376316928
1224824084846010368
1224827536879865856
1224826329519886336
1224823926192320513
1224826368451588097
1224827507930734594
1224829772506648576
1224825473089273856
1224829055054336000
1224825955711180800
1224826710048346116
1224825747996438528
1224827801783689219
1224828518778929152
1224824817464905729
1224825500272680960
1224826390861627392
1224829099887210498
1224827133043720193
1224827514708643841
1224827951830560769
1224827917844320257
1224829403911348226
