1232684069940416513
1232695225405116417
1232695334633189376
1232684002810777600
1232683573481746444
1232689634049757185
1232695822552268801
1232694562528866306
1232688703556005889
1232689810956963840
1232683247663861761
1232690053866049536
1232694893962764289
1232695300856438785
1232694928972697600
1232695266563805184
1232683293532880896
1232695687667703808
1232689710268633094
1232683926411411458
1232695809675812864
1232695066159792128
1232695478287945728
1232689676437225472
1232695234468990976
1232689290015956992
1232688779288305665
1232688791216889856
1232682882033909764
1232689509730410496
1232689089427709957
1232682869257953280
1232690011805372419
1232694451098857474
1232694479792017410
1232689968092532739
1232694600776720386
1232694676559482882
1232688679379853312
1232695707385126914
1232694567146860546
1232689077612208129
1232683824846442498
1232683784077807618
1232688829674532866
1232689496388321282
1232689450938847233
1232690053643743232
1232683431626182656
1232694923385884672
1232689898177597440
1232695243541225479
1232683854487359488
1232689978783752193
1232683808169660417
1232695818735452160
