1228550761535033345
1228548277462716417
1228557055327424512
1228545659470397440
1228557246012854272
1228554811978608640
1228549004520124419
1228546684025593856
1228550141289779200
1228548233065984000
1228544554653114368
1228554794358517760
1228546699771011072
1228547731385282560
1228557976698359814
1228546234450927616
1228555779868770306
1228554344196444160
1228546505406943232
1228558256634597377
1228556538928742400
1228551573233471488
1228554214672158726
1228549036610904065
1228557382600417280
1228554535590744064
1228552583322599424
1228559229847396352
1228550300539113472
1228558605689008128
1228548305824600065
1228555743676305408
1228559268749561856
1228558258111156224
1228545940186857473
1228557944054304771
1228547573092421632
1228549610773323778
1228549177371574272
1228554920175046657
1228552913716273152
1228554673453318144
1228547029380390912
1228548432249249792
