1231936062177644544
1231936488226656257
1231934841916096512
1231934153953816576
1231934856600252417
1231934120911101952
1231927387593617410
1231926842199769088
1231928135542689792
1231927110031245315
1231934121686913025
1231928256179273728
1231934153265950720
1231936567180251136
1231935000674799616
1231934731522072577
1231934288888598528
1231935907755851776
1231934760391520257
1231926837883875334
1231934421445619712
1231935147802537984
1231935053380276224
1231927559954272257
1231934285348732931
1231934953664811008
1231934975198552066
1231936366172348417
1231936594891939840
1231934391464714240
1231935217910394885
1231927124958883840
1231935038528290816
1231936104292438016
1231935827879563266
1231934403242164224
1231928106983649282
1231934746923536384
1231934486612500481
1231934460557438977
