1233288618753568768
1233293661938470912
1233286932316082177
1233290104531292165
1233289853023879168
1233289958321983490
1233300800207818752
1233290088601325568
1233291685095972864
1233295887956414466
1233287173811601409
1233290348224536580
1233296262620794880
1233295447743070208
1233294185396080640
1233289416157868033
1233293475543568384
1233287373774974978
1233294277809233920
1233293799180394496
1233295413106683904
1233286609908436992
1233295298723663874
1233288433017049088
1233289605824294912
1233292035005743104
1233292866316881920
1233294765304639488
1233290955266105346
1233295405896491008
1233293825285771264
1233285924215230465
1233289892496494592
1233294962260938758
1233296044915556353
1233290103847473153
1233290049225142273
1233286022273871872
1233287425306152960
1233289169713102849
1233295062769053696
1233287895181484032
1233289545719959555
1233289557854035968
1233295043345010689
1233293659250012161
1233295965479673856
1233285761929072640
1233292621348360192
1233292815708381185
1233287606370062336
1233288791240167425
1233286595220066305
1233295926921326593
1233287281420591105
1233289832614387715
1233288687707770880
1233294983328698369
1233295031898820609
1233296086271504390
1233287397531475968
1233295750660050945
1233293977211875328
1233290679071191041
1233291691240673281
1233286201924345857
1233287669272084480
1233295373549981697
1233289681590054914
1233290623488126977
1233293249898434560
1233300612235718661
1233290798625628160
1233289094446354432
1233290281337982979
1233295544874872832
1233293368161177600
1233295217882583040
1233292722884292611
1233292961808470016
1233289647683440640
1233295683555225602
1233295556602028034
1233291701495746560
1233294281030455296
1233295478176923648
1233286296690282497
1233292533159137280
1233290600012644353
1233286913857138690
1233295695722868736
1233293970140286976
1233292456508239872
1233289287128449024
1233293401098817536
1233293627729858560
1233293111633178625
1233294311539658752
1233288621526061058
1233290176320897024
1233294749542551552
1233295034675449857
1233289413637046274
1233286216528941056
1233293400935301120
1233295159388975107
1233292382382125056
1233293468891516928
1233290381246242816
1233286516228661253
1233289621313900544
1233288326431424512
1233292169487712256
1233293575300972544
1233290154871312384
1233294826092650497
1233287775375384576
1233290473344815104
1233295965307723776
