1227934743829852160
1227938664069697536
1227927528460808203
1227925411260178432
1227938698991489024
1227927771109830656
1227930979991343106
1227927907730935809
1227933489695219712
1227928656640716800
1227935046817996802
1227931431302815750
1227926943338762242
1227933068406730752
1227928939600809990
1227933729831690241
1227927942090690561
1227932140605669376
1227930320193933313
1227932306729558017
1227936480959614976
1227929815535276038
1227937469955530752
1227932508727148547
1227935502659182594
1227933057384165377
1227929734236930049
1227927741766545409
1227931252608643072
1227932782996938752
1227931694621057024
1227937861552496640
1227933116427309057
1227933623636066305
1227927737446232064
1227935404462149632
1227925740055924736
1227932831508119554
1227933806616690688
1227928982802386944
1227934754789609473
1227935634922360833
1227930489597710337
1227930343220473857
1227928311860539392
1227925989151432704
1227931966177193984
1227928790401200131
1227930789909757954
1227930322660098050
1227927069490851841
1227929243675451394
1227937610133274624
1227938319289536512
1227928021442744322
1227930518995558411
1227931702108020736
1227936908463894530
1227938882865504257
1227938584809705473
1227932480918958081
1227935283347361792
1227936484197457920
1227929483983765505
1227934444083806208
1227933122752368640
1227933733287649281
1227933960778506241
1227929449821360134
1227931134757163008
1227935007530012672
