1225879701865893888
1225878687830040576
1225876216877588480
1225876329515626501
1225877162345062402
1225880387580301312
1225877075455856646
1225880906184806400
1225884286731067394
1225882263738626049
1225877703355617280
1225882613673426944
1225883757141516288
1225883670482956290
1225878554518355968
1225881579689594881
1225881370049859586
1225880149176049665
1225882282516340742
1225877224961781761
1225881204454547456
1225883043728105478
1225881131687477254
1225876962150944770
1225884634216419328
1225884421255024640
1225881476706832384
1225884731625103360
1225883779618635776
1225878801936154624
1225875629821788161
1225879074851168256
1225883120089608194
1225882654769176577
1225885096185491456
1225878260820717569
1225875427388010496
1225876972615520256
1225878810547118083
1225883533094375425
1225876653265555456
1225880691432251392
1225878820751888384
1225876324998406144
1225879992392962048
1225881564162281473
1225875436825128960
1225880519453368325
1225876532910067712
1225878286582112256
1225882891827269632
1225880049691136000
1225883504615022592
1225885129773666306
