1229141168677621763
1229139090991460353
1229137323960520704
1229133869175066624
1229137380730212352
1229141384222953472
1229133686169329665
1229134082728173568
1229137747341979651
1229139553547517953
1229141474291351553
1229141444134240257
1229139754467328008
1229134085249019906
1229139159299739648
1229138583572951047
1229137540000702466
1229139816933208065
1229140144793542664
1229133898875101185
1229135412330934278
1229134784208744454
1229138313535197185
1229140222702759938
1229139081004756992
1229141251590631426
1229141594785357826
1229133470120710147
1229136415302324224
