1230596289152212993
1230583392397352960
1230588687400022016
1230587205711626240
1230588121328373761
1230585193834188801
1230585609753911297
1230595829196611592
1230592381507993600
1230593373008015360
1230594229044297728
1230589994047332367
1230589979082055683
1230597956463714315
1230589030372343808
1230590436185526272
1230584877029810177
1230584674881286147
1230595835462901766
1230597655555821568
1230590418301181952
1230592914713202690
1230595896749903872
1230584101008236545
1230584232608718848
1230596349915066370
1230590407630884870
1230593873598177289
1230585664003084288
1230597623347703808
1230589782234980362
1230594951454568448
1230591590588178435
1230595334964940800
1230585549099917313
1230595241931087875
1230594036622385167
1230595796560760832
1230596890246254592
1230583547238338560
1230596337902637056
1230592999618469894
