1232308058442825729
1232313822817308674
1232308433061367808
1232308913631948800
1232314220110200833
1232308366275420160
1232308074133827585
1232314236417630209
1232313699454652416
1232314304944365568
1232309340926861317
1232308494218518528
1232308016499896320
1232314217090420736
1232308157881307136
1232308859798245377
1232309330013122560
1232313980137267204
1232309287503855616
1232308603417030657
1232308001710714884
1232309178234023937
1232313900604870657
1232314527250694144
1232314342709833728
1232314186480283652
1232309073388933120
1232308036187934724
1232314706129571841
1232308717275664385
1232308127086891008
1232313803657924613
1232314575967674368
1232314648587751424
1232308956623769600
1232309208265240577
1232314245641121794
