1227867892101726208
1227877725907517440
1227877707431608320
1227877471288205312
1227866503602724864
1227871293363625990
1227872623968817152
1227865133583601664
1227873546631729152
1227878695123046400
1227871237642375168
1227877114206011392
1227866959146037248
1227878910836301824
1227869508322258945
1227871922731528192
1227877209119043584
1227875009718145024
1227880002336636928
1227879479965601797
1227871672755093504
1227878664534097921
1227868646560501760
1227867795024535553
1227877235832446976
1227875801078480896
1227867071935062016
1227879057691414528
1227867202906443777
1227865680931885056
1227873033571966976
1227874582612398082
1227878101893382144
1227872774062051329
1227872882514169858
1227872391805558784
1227870000146472960
1227877795637821440
1227875871165485056
1227872294443220992
1227872183197818880
1227877095868633088
1227872625432633345
1227866786797932544
1227866802748870658
1227868103570317313
1227878306311073792
1227870369186504704
1227866304163409922
1227874841635672066
1227869155216560128
1227866521466216453
1227867535208538113
1227878766099226625
1227868539329007616
1227874758353707008
1227875230762356736
1227866722616541184
1227865684744359936
