1233360496486682624
1233354256750694400
1233349248349020161
1233346404082442241
1233354102140129281
1233360094517219328
1233353752897368065
1233349089733021701
1233360764804763649
1233347956708868096
1233354990347046913
1233348735545094150
1233354328775196674
1233348287677075461
1233355502261690368
1233360131238305793
1233359726223613953
1233360785998569473
1233354508454907904
1233348958828646401
1233358961203654656
1233360686039867393
1233348858710593548
1233348681887252480
1233354699874672648
1233348456175063040
1233347947477315584
1233356392293117952
1233348266428751872
1233354751053570048
1233348380899921921
1233360304563773441
1233353818970214400
1233354348220026880
1233359980293763072
1233349129742561280
1233360764699701248
1233353990995431425
1233348098954579969
1233348513079099400
1233347917789962245
1233359594841411585
1233359374090821632
1233360546889469957
1233349118476636162
1233348161273548801
1233349206468894720
1233354406298554368
1233353970615230464
1233354708766666753
1233360727538360320
1233348514257817600
1233348317368737795
1233354469460660225
1233355012094537728
1233348590510231553
