1223569548080599040
1223565841020719104
1223565558953783296
1223567822049005568
1223567863555878912
1223568319023919104
1223568168888614912
1223566163042557952
1223568837137715201
1223566101126074369
1223569930521440256
1223570289348378624
1223567522898808832
1223566107954434048
1223569592146178051
1223567859118460928
1223570057197953024
1223567841326239745
1223566300766588928
1223567321752653825
1223567481933090816
1223568742371811328
1223565876206563334
1223566300720463872
1223569423874715648
1223570002017566720
1223567048250286085
1223569237777604609
1223568494169595905
1223569737222889474
1223568330784591872
1223570061375311872
1223567905587154946
1223566711238135808
1223568316788363264
1223567307751985152
1223568883673550848
