1226073973177253888
1226082307364225024
1226077444743942144
1226069867339579393
1226071891321835520
1226074722208665600
1226083115455647746
1226070446660935681
1226074089938272257
1226070438679281664
1226082667734740992
1226069238500249600
1226078029820112903
1226070995074572288
1226076811538436096
1226075085812981761
1226082124823965696
1226074637882286080
1226076552569524224
1226073026107543553
1226070778585780224
1226073480086470656
1226075168734187521
1226071086606897153
1226070391669624833
1226081887669702656
1226075003961122816
1226082791160500224
1226078168978604033
1226082990113148928
1226079346550607872
1226071940978413575
1226076590506901506
1226077049162551296
1226070342654812160
1226081590897467393
1226077700240105472
1226076954303983616
1226079863586639875
1226078574383370241
1226080148409090050
1226069580239388672
1226078066700517376
1226075947813744640
1226079493070245888
1226082807514116096
1226074807168618499
1226077229710532608
1226069733109325824
1226077298828296192
1226068737733820417
1226074854702620674
1226078214273093633
1226078289149775872
1226080181741219840
1226077771794800640
1226072437273628678
1226081266396749824
1226075032826179584
1226078712086573056
1226080293481668608
1226073874556690432
1226082746579193856
1226074062029328384
