1229787394766987264
1229787011730591745
1229786801650446336
1229787973044068352
1229786844490944513
1229783587051929601
1229785544827133952
1229786256248168449
1229786319708213249
1229783276589547523
1229786297696260097
1229787517576151042
1229786844986060801
1229784643727167488
1229783044120367104
1229787313204391936
1229783428616212481
1229785912453632000
1229783804962885632
1229786183967756290
1229787688556879874
1229783345145446400
1229783247653085184
1229785513592180737
1229783503958659073
1229786545114120192
1229784623472873472
1229786162555998208
