1224003334899556352
1224009811752173568
1224003379342594053
1224001886673690631
1224002086754324480
1224010401970450432
1224003792494088192
1224010613124300800
1224001758310985728
1224001636466597888
1224003505079193600
1224011672530096132
1224009993919352833
1224009509359636480
1224002489185423360
1224001918021730304
1224003149276405760
1224002282192158720
1224003271318278145
1224009469895548928
1224010112655929350
1224009562954653697
1224003348497453056
1224011703538483200
1224003326276198402
1224011527935668229
1224002652201213955
1224003087381168128
1224010640605319169
1224002323543756800
1224010532459552770
1224002073823453184
1224009268401061888
1224003716782739458
1224010300929859584
1224010591586537472
1224002250173042688
1224003050752208896
1224002107369574400
1224003337734979587
1224002812209594369
1224002990421331968
1224010709719232522
1224011228210761730
