1226146814799179776
1226146986929291264
1226147237710962688
1226144653470240768
1226144538043002880
1226146876430249992
1226144568917102592
1226148203038294017
1226146428558376960
1226149675365027840
1226144486037901312
1226145859294785537
1226143977575002112
1226146315525976064
1226146284555268096
1226144259385917442
1226144687293112321
1226144497186136071
1226147262369345537
1226145662124859392
1226147984460730368
1226148937402327042
1226148831856930819
1226145376261984256
1226145041493573633
1226148964988096514
1226149604363841537
1226148291655524352
1226144935080079362
1226145681363980290
1226148728244858881
1226145943533346817
1226146325659561985
1226148134184574976
1226146248236961792
1226146800244940800
1226145595254964224
1226146220537778176
1226144996694294528
