1225465792512180224
1225470149165228033
1225466457083056128
1225465325053005826
1225472171004375045
1225471773560340480
1225464969581326336
1225466280314097664
1225469329115840519
1225469569793265669
1225468857999142912
1225472771519664132
1225467250070736898
1225471410736259073
1225467358212476928
1225471853780701184
1225472889144479744
1225465964319453186
1225471318134415360
1225471677976522758
1225467778359971840
1225472977623560195
1225472368606425089
1225472431545970693
1225472702946971648
1225472019216494592
1225466651044438018
1225471397901873152
1225467100086571008
1225468519107547136
1225468533452218369
1225473969127657477
1225470282632224768
1225471140958593026
1225469792099848193
1225473356604071936
1225465423921131521
1225470467806498816
1225472968488296449
1225466451928256513
1225472857871966208
1225471268759232513
1225473749882937350
1225466963712860160
1225467720898162690
1225467863827451904
1225467597170278400
1225471507675189254
1225472489247117312
1225471747446595585
1225473356478210048
1225468012087537665
1225472978470633473
1225473898269073408
1225469653696368640
1225465434545250304
1225470008811237379
1225468583515430918
1225466135866413057
1225468060607213571
1225470405768630273
