1229582143787016197
1229583931948838912
1229584713754578950
1229578463696302080
1229585105468805125
1229583612611305472
1229583393756778498
1229577659467927552
1229575588429516800
1229579511429074944
1229578571733258241
1229581602898006018
1229572431691550720
1229584128556838915
1229574490390171648
1229571498064719882
1229583570357882881
1229586323788488704
1229573947458555904
1229575567445413888
1229585133822513158
1229577045983858688
1229584730141540356
1229574294306480129
1229572859468668928
1229581123216388096
1229586243245178882
1229583127951151104
1229577153706151936
1229581884734050305
1229575561980178432
1229583919835516928
1229577573748723713
1229573223525822467
1229585196628037632
1229583389835001857
1229583561256296448
1229584506677612544
1229573973186355200
1229573234598842369
1229577147641212930
1229579104527081472
1229571453537980417
1229572395578613760
1229581325788573697
1229577175629733888
1229579071815929857
1229576173434363904
1229580442577309698
1229582856047013888
1229585953037012992
