1224074558493339648
1224060492148166656
1224062240648765440
1224062063074578440
1224063773897449472
1224062921224773633
1224063741676965891
1224073243151171584
1224063549917450240
1224073542322532355
1224072112710803457
1224060939026206721
1224062804375764992
1224063554984251393
1224063694038097929
1224074187226144768
1224074638071869440
1224062209925488641
1224063839651737600
1224062122319060995
1224060559303143426
1224060185402101761
1224061970959101953
1224061808312561664
1224072583768834050
1224074232818065408
1224060850060906498
1224073776339587072
1224060319389159424
1224073224138317825
1224071952240906247
1224062178099191814
1224072615771373568
1224062358408114176
1224071674049564672
1224073805968105473
1224060664408350726
1224072028270911488
1224062902543486978
1224060982760288257
1224072085556944897
1224063706276990983
1224063537951264771
1224063863638888449
1224061346402226176
1224061233214607360
1224060490755846144
1224060249394634752
1224061760405147653
1224062521172275201
1224071884930719745
1224072507965222912
1224073687755841537
1224074663539531777
1224061662430400512
1224073657347125248
