1230928684468580353
1230928920586936320
1230926114832486400
1230927791631155200
1230915741135843328
1230926281547616256
1230915106122366978
1230915836518400000
1230915097653989377
1230915676531023874
1230929255321788416
1230927791643865089
1230915360288727040
1230927232601690113
1230915262926315522
1230929315770097664
1230915314197712900
1230915802737651714
1230927889220149249
1230927451905232896
1230925459162050562
1230928024679305216
1230927651671564288
1230926547512487936
1230926738575822854
1230928603879235590
1230926017105022977
1230926464800972803
1230929644666355712
