1228513478786285568
1228500699295580160
1228502954749169664
1228505026768687104
1228513813994958849
1228506490954141696
1228512059521814530
1228506339112050689
1228505271279865856
1228504202600538112
1228505239541579776
1228499448990445569
1228499542804353025
1228499196673585152
1228506258426269697
1228507133139922949
1228507900273840129
1228505048180613120
1228514229201842181
1228513398515752961
1228501521748373505
1228501806088507392
1228500111921205248
1228502382465748992
1228506077165015040
1228504597196615681
1228508036442066946
1228508274841882624
1228513952964993024
1228506075202113536
1228508756775985153
1228507275054026752
1228508829110788098
1228512251461722118
1228513539461177345
1228504506712850435
1228499869360369671
1228500959942209536
1228506853241446400
1228508524520579073
1228504960477696005
1228506310338940930
1228511674237194242
1228501677616971778
1228509069389860864
1228502074574290946
1228508966600069122
1228507741913698304
1228513165282922496
1228503664374902784
1228512987776012288
