1230885005829734405
1230887734266466305
1230891551561330688
1230885039245754368
1230889430409515009
1230888426045612033
1230892095155527680
1230890564435890176
1230890741704089601
1230886189948907521
1230890512246173701
1230890852903456769
1230893108180680704
1230887670513045506
1230886731530063872
1230890034712150016
1230892530344103937
1230891506845642752
1230885558660063232
1230888935779266561
1230893723837485057
1230889477402431488
1230888593779900416
1230887334905667584
1230886381301329920
1230885945010016257
1230886271213547520
1230893907803766786
1230887077467901952
1230891687196577792
1230891804083527681
1230885115036917761
1230889418225061888
1230888506760650752
1230893364624551937
1230887725357649920
1230888287482474496
1230886739322929154
1230890201372905475
1230893415321231362
1230889636093927424
1230893754568998912
1230886201156087809
1230887059105120256
1230892659834703872
1230893897967996928
1230885906300620801
1230893672511758336
1230891344731701248
1230892746233307136
1230891167727919105
1230889387858255875
1230889216663527426
1230890041716559873
1230889457345351681
1230885331337170944
