1224722765644619777
1224720618874003457
1224722533544550401
1224721500768493569
1224721489351495680
1224722834569777152
1224721365338480649
1224710189380702211
1224710702335655946
1224722672833024000
1224709484905402371
1224723408002396160
1224720829461614592
1224719616003510273
1224719378286952448
1224709890914029570
1224722245076967429
1224722586954846208
1224721902255726600
1224710440959332353
1224721707312615427
1224719493991227392
1224709496326492168
1224709862883500034
1224724281105489932
1224710639660273665
1224710866249056256
1224720517585727490
1224711001079255040
1224709225752006656
1224710323531321345
1224722183445995521
1224719742381879296
1224721084395606019
1224719293792821248
1224721726136778752
1224720336366661632
1224723636239654913
1224720880422596608
1224721064095354882
1224722970272260096
1224711098668068869
1224710092307738625
1224722697617321984
1224723481247371265
1224719538392092673
1224720767784349697
1224710570886254592
1224720340842008576
1224723325311688704
