1223648913036541953
1223649506660691969
1223639109073281028
1223649069446205440
1223638971818881026
1223648281114234881
1223639622351278080
1223648318535847937
1223638431038877704
1223637748319445000
1223639904502079490
1223637602839851008
1223638787961630727
1223646550875754498
1223649655457746944
1223648708010491904
1223649173414629376
1223638031636123648
1223638156861329409
1223637448225382400
1223646704131563521
1223646463378411521
1223639373327011851
1223639893605339137
1223646338849628161
1223637914132762625
1223638240470732802
1223639229038723073
1223646969865830400
1223638421337407488
1223646998412382209
1223637370219548672
1223637849083432960
1223647267955118081
1223639485981786112
1223648302895435776
1223637561744097280
1223649382387589120
1223646781277265920
1223638057611493376
1223639436509859841
1223638210007445506
1223649192825978882
1223648381744009216
1223648145634185219
1223638625470099457
1223638273291014146
1223637234525491200
1223637432396021760
1223648779473022977
1223637731688894464
1223639226421579778
1223638388894400512
1223649109250199553
1223639478436356099
1223648979839340546
