1232148899604901889
1232149555363205120
1232148628690485248
1232150856406978565
1232149129725345792
1232148221994004481
1232149352522473472
1232150763478147072
1232149533028601857
1232148516996354053
1232148952851501056
1232149141133852673
1232149091313844224
1232148477704048648
1232147613992062977
1232147696691142658
1232148610407530497
1232148474726113282
1232148085809303552
1232150974078177283
1232150281992826881
1232147620308701185
1232150930029731840
1232150094142590976
1232148874149744642
1232150129815109632
1232150413480120320
