1233412765961871360
1233412946849492992
1233419330395758598
1233419385584394240
1233418978162356224
1233407121053638667
1233407396883529733
1233412417838813184
1233418206234259456
1233413214530162688
1233412438537711616
1233419075813928960
1233418936189882369
1233412439145766913
1233413278287695872
1233407597916479488
1233406983639793664
1233406860386017286
1233412338012901379
1233412305251074048
1233412573430767622
1233418491316899840
1233407741063880704
1233418251981512705
1233419149717770241
1233418970113495047
1233418222516310016
1233419011376836609
1233407745325441024
1233406503702253569
1233419146055970816
1233412305393799168
1233418255680884736
1233406727044915200
1233418566520598528
1233419234731937793
1233419501850546176
1233407535488602113
1233407112073621506
1233413613974695954
1233407330437468165
1233413344838721537
1233418541103296512
1233413140034899969
1233407912862736390
1233419074975170562
1233407845862924288
1233419065873641472
1233418147539148802
1233419015134953472
1233406654978371585
1233406533100351488
1233418482231992321
1233406952786612224
1233419129329197058
1233413164080844800
1233407213307191298
1233419510901870595
