1227951592265015297
1227954789641850880
1227953434952949760
1227950478492938241
1227954453220708352
1227951968078958593
1227954571584135169
1227948768898768903
1227950805761716229
1227952880092667906
1227954559680573440
1227949287755173888
1227953446252425217
1227951827150397440
1227955101198884864
1227951066735505408
1227952469864402944
1227955114922536960
1227955271772884992
1227954926690668544
1227954506358456320
1227951354359902208
1227952570859216896
1227951429215805443
1227954075838316545
1227951281760854016
1227951413415809024
1227950775944351744
1227949483671146497
1227954891118858242
1227952528702263298
1227954790774329344
1227949032489787395
1227954652328660992
1227951504948170753
1227951876433465351
1227949090966851585
1227949397532647426
