1223399620367265792
1223397751272157185
1223402297985851392
1223403390488784897
1223410301095350272
1223407362523963392
1223399706035924993
1223399452758593536
1223405079060873216
1223397563455496192
1223400894991040513
1223397368684515330
1223397294684372993
1223408996444405761
1223398647771156480
1223397312392810497
1223397698210074624
1223406758426828800
1223400909369032704
1223397211557498886
1223408066743427072
1223400453209280515
1223398130021888001
1223400843808059392
1223402361105702913
1223397360417550336
1223397537903796224
1223399701518508033
1223405294149152775
1223397227755786241
1223395549438607361
1223400395571191809
1223400274280271872
1223406436018835456
1223402004233576457
1223407935130238976
1223409386845945856
1223408634861903872
1223400332744523776
1223406232234389505
1223408332096122880
1223407457713762315
1223397451559768064
1223404855076827143
1223409184001097734
1223407400763514882
1223402649174736896
1223398950805409792
1223396696413163522
1223397077096464384
1223408931726397442
1223397707919785984
1223401324471103489
1223398672643190785
1223399086910513153
1223407288087654401
1223398593039675392
1223397630530605056
1223397051276283904
1223403991507189760
1223398188108910600
1223402014979379200
1223405614182723584
1223408091594657792
1223401189573677057
1223398163937026049
1223407123880497154
1223398899907485696
1223396563688488961
1223401833961377792
1223409354679808000
1223409476478193665
1223410368464261120
1223401386026643456
1223406827297214465
1223398068676067328
1223395862874873856
1223397622179868672
1223405960821125120
1223406613605695488
1223409459898257411
1223406216358977536
1223399676042457088
1223404168913674240
1223399698805002241
