1229428781816958976
1229428427863752709
1229430506728706048
1229433106123382788
1229434261960298498
1229433564493574149
1229430425271054336
1229435255628685314
1229428446239039489
1229432421017321472
1229430067647799297
1229433449733378054
1229434877906477056
1229429679100190720
1229430192961150977
1229432197616164864
1229431244460449792
1229431297073983489
1229432441473028099
1229429473549770752
1229429439634669569
1229434488234676226
1229429213880414209
1229429564440317952
1229431595892912131
1229429912060284929
1229430399522287616
1229430635682566146
1229435320199856128
1229430254118240256
1229430225924173824
1229429514054373376
