1233711697753497601
1233721886707716097
1233712577990946816
1233719962398674944
1233716544577921025
1233711663632834562
1233709902503317511
1233722779356344320
1233715753846624256
1233716790305468416
1233714709410516994
1233709379066695681
1233713866561007616
1233721255330643968
1233723083048935425
1233708872281534464
1233720077532442630
1233719705187340289
1233710108955357190
1233711093169770496
1233717244649189376
1233719383312171009
1233723098664493057
1233716547169865728
1233720008133332992
1233714892298969088
1233722886873067520
1233715763254419457
1233722157332606976
1233716212409847810
1233715989604425729
1233710683465842689
1233708552109293568
1233709687691870208
1233708629028556800
1233723079077089280
1233713728375279616
1233710105654386688
1233718697295937541
1233713616962060288
1233720368537300992
1233713796885008385
1233720368126234624
1233713160068247552
1233716170383142912
1233713926900191234
1233713545566552064
1233710859815280640
1233715042006290433
1233723408971530240
1233708607021207561
1233711032121602049
1233719132094377984
1233721962121383936
1233715426296762369
1233720333900881920
1233714269751062528
1233720564587560961
1233721769376174080
1233720680878870529
1233720829390749698
1233719761596493824
1233720462611447808
1233715987817562114
1233722880111861761
1233713300657123328
1233717413960699904
1233711448859299840
1233719582835138560
1233712195395104774
1233719375611428867
1233720772650135552
1233708491715547143
1233720175062437888
1233720314426773504
1233717446634287104
1233714493642825728
1233709384620027905
1233720936333037570
1233708924051902465
1233710441857110016
1233708942645243905
1233717325586673664
1233710174671720448
1233720246055440387
1233710969945231362
1233708504466120704
1233718816829399040
1233715037618835456
1233717847307603969
1233715438988730369
1233708538041655298
1233715663497289729
1233720495587123207
1233719571338579968
1233714743304769536
1233710655942938624
1233714211168997376
1233714034844762115
1233709552878673927
1233713926803730433
1233722526498422786
1233722342678913024
1233719015559892993
1233720551631245312
1233714001474768898
1233715762566549504
1233718967354576898
1233712423997190145
1233708901192699905
1233712817351643141
1233712088473833472
1233713769009811457
1233719578523389953
