1226599029007622144
1226597432869433345
1226599683591745536
1226600821766467584
1226598220974956550
1226597805025824769
1226597500464721920
1226600782092546049
1226598364659298304
1226600470384402432
1226597746804744192
1226600147150364672
1226597180527587335
1226599358268788736
1226598049398562819
1226599956846243840
1226597610225569792
1226597415920242688
1226611155491282951
1226599388400640000
1226596725332246528
1226598407453716483
1226611211606876162
1226599309233344512
1226598417226444800
1226598825793449984
