1226298625786953728
1226304692902400002
1226308985919160320
1226299684559433733
1226296403418284032
1226307425503854592
1226298363592597504
1226301679340883968
1226307821299433472
1226301485337567232
1226300356361060358
1226300166979801089
1226297893038018560
1226300277948649472
1226300907760930817
1226303423760351232
1226308262212988928
1226307265428361217
1226308761008164864
1226295373746102280
1226296132717858818
1226307467212021760
1226304383320637440
1226301344455233541
1226297441844023297
1226296932395626496
1226309385305182209
1226299760707022852
1226300465681502209
1226303460439711746
1226306016326889473
1226298659257618434
1226298464142651392
1226309038994075649
1226298716362952705
1226298352599535617
1226296852485558273
1226304426261934081
1226308447131623426
1226307354834219008
1226309436567801856
1226300064584220675
1226305666576334848
1226301034856898562
1226296917161697280
1226306866420035584
1226305806435540993
1226308627398569984
1226297164424343552
1226298248299593730
1226296314163429376
1226298562683621376
1226304387796131841
1226304899861884929
1226307811275046916
1226308994127413248
1226299522810359809
1226302146498514946
1226300224441901062
1226296389577166848
1226309469954596866
1226309187853897734
1226303525862461441
1226304291213758464
1226303849335545856
1226297112058458113
1226295249816842240
1226299715450527744
1226307014130913281
1226302191696252928
