1232516679063654400
1232529266144874496
1232516818755051520
1232516669408448513
1232524267608141824
1232523846730674177
1232524419047837696
1232529582273835009
1232517514942439424
1232529346717417478
1232529559418855430
1232517293076185088
1232529569837715457
1232530485479387136
1232523831585247233
1232529893545652224
1232529463209938944
1232530125687836672
1232529366913036288
1232524316492779520
1232516791739572224
1232529356209246208
1232524068777230343
1232524345148366848
1232517013765083136
1232529417949323264
1232516871104188418
1232524179926212610
1232523246248947712
1232529359279415298
1232523343594651648
1232530204523810817
1232517053770326016
1232529659004194816
1232524222754222080
1232517475666784257
1232517342573268997
1232529835412553728
1232530052581072896
1232530295154409473
1232517523461038083
1232524051794534403
1232529754844254208
1232517653908119552
1232523117664206849
1232523040803770368
1232529988760588288
1232530118490415104
1232517934527893505
1232524399762378752
1232522877611782145
1232530510867398656
1232524292480364545
1232516686600982531
1232530371423744000
1232517963934306304
