1227908657062350848
1227895242973687809
1227895344773513217
1227903097302810624
1227905853023371264
1227896001605906432
1227899877771956224
1227909047682129920
1227907452189888512
1227904543083630592
1227901113417990144
1227895519617245184
1227900133481672705
1227906500347256832
1227909845610901504
1227908923887411201
1227900252260372482
1227904278775418880
1227897420715102216
1227905386977484800
1227906999213490176
1227909970584195072
1227905520385826816
1227897741478649858
1227898581366951938
1227895391082799104
1227902783270969344
1227896740675760130
1227895842906001408
1227897114056908801
1227905026737131522
1227895489196154880
1227905513955872768
1227906217407893508
1227908370683789312
1227896835341029377
1227905407034638346
1227895510557773824
1227907503196966912
1227898655559970816
1227906821408591878
1227900178633498624
1227906637828173824
1227903737651290112
1227908425431973888
1227905089073033230
1227898090235027456
1227908995358371840
1227902060542205953
1227906673383071745
1227900009640800256
1227904535537971201
1227900498294038530
1227905536613634048
1227897689851015169
1227906567212654592
1227907555097079808
1227903552238104576
1227895658650030085
1227899241156055040
1227895887554383873
