1223433770549891073
1223426015201906689
1223425908280909825
1223432281244815360
1223433360438988800
1223434066986401792
1223434656588189697
1223426670331252736
1223429540040663041
1223425756786831361
1223433078829248512
1223426642623811585
1223426343607521281
1223434215099752448
1223427081985413120
1223431213026643969
1223429609686994945
1223434235547136001
1223440743781392390
1223425875498029056
1223432642445496320
1223440823745859585
1223433975898636288
1223429445442310144
1223425787186958336
1223427804156612608
1223427622366900232
1223430565837316099
1223434582827110400
1223433830691954689
1223427534643220480
1223432509133688832
1223432365994840067
1223440391917096960
1223428149381218304
1223433998434799618
1223430027016097793
1223427962428698625
1223440449530142721
1223429456620027904
1223432904312680448
1223440801558155265
1223432003384762368
1223433297193132032
1223432904803569665
1223428925293907970
1223428103021588480
1223429366014783488
1223434523570057216
1223426265249533952
1223433176305061888
1223430318922911751
1223433951458447362
1223440278465286145
1223433840053481473
