1226431095593406464
1226443176321351682
1226439978487631878
1226432732768526346
1226443169547587584
1226439655198994434
1226444505215188992
1226432607824384000
1226444468938772480
1226440684766289925
1226433828840857600
1226432780575399936
1226442176483209222
1226437330929475585
1226442828731027456
1226438131882156032
1226439612748488706
1226445374535143425
1226432556507238400
1226430623147008000
1226431525102616576
1226433446815371265
1226434350532587520
1226430919076020225
1226444042273280001
1226440332054654976
1226444509455712257
1226433472136278016
1226436209620267008
1226440216488988673
1226432816839192576
1226441200174919682
1226435549788958721
1226430650191736832
1226431814048325632
1226433462393036806
1226431060512133122
1226433180489715712
1226437239741140992
1226433670858170368
1226439838993350656
1226445445339045888
1226435210390032384
1226443933959376896
1226433165226631169
1226443181841092608
1226444297295351809
1226433904250363909
1226431398967312387
1226437469450559493
1226444928663855105
1226438742161924097
1226435713136283648
1226430553810862080
1226442125950300161
1226433222445162496
1226431700722339840
1226439455499747328
1226435265365004293
1226440870670393344
1226441132860755968
1226442010158129155
1226432325929635840
1226435433321652224
1226439857049751554
1226437878772666369
1226437883214598144
1226432463645368322
