1225551159500427273
1225549945861791750
1225553015786045443
1225551515160653826
1225552656275345408
1225553298532511744
1225551185920262144
1225554383783579649
1225548783913709568
1225551682786004993
1225551199413379072
1225547396131827714
1225550151407820802
1225545668737085444
1225548598353551362
1225554332369723401
1225553589654958088
1225551232602910723
1225552868482191360
1225546861307727872
1225551537381965825
1225550346602393600
1225550912581783552
1225552436724584448
1225549194506706946
1225552634356129794
1225551790327947272
1225552272035393542
1225547307434881024
1225551940714684416
1225551089816219648
1225551308222017536
1225548274188324864
1225549302015184897
1225549814890467340
1225554217668050947
1225546143863623681
1225552404374007813
1225550494585761797
1225549397322354691
1225546270867173382
1225549921316724736
1225552060273348608
1225554631872434176
1225548865836929025
1225553107645587458
1225547779713503232
1225548109675188226
