1225194051609223173
1225193840056733698
1225195445124812801
1225197094018932737
1225192887094108160
1225198255044210688
1225196827256987650
1225195687337451520
1225198269162229760
1225192976592318464
1225194632348413952
1225195169353388033
1225192377524137992
1225193766908284928
1225193674491006976
1225192964760064000
1225194674089889792
1225197945047306240
1225197587189334017
1225193140132421632
1225195735853027328
1225197944258932736
1225197123819298817
1225196296300089344
1225193133132144641
1225196388335726593
