1232712733197361152
1232719011483439104
1232719537512108033
1232718051423944706
1232713140145655816
1232725552248901633
1232718193476521984
1232725273520549888
1232718121640898561
1232725235968937984
1232718865282539522
1232719225975951360
1232725350364348416
1232718277836709893
1232724427487555587
1232713346249641984
1232718558792159232
1232724866559860745
1232724912487436289
1232724909450612737
1232719419861880832
1232724946570354695
1232712627673092096
1232724470390910977
1232724771558825984
1232718801948545024
1232719347967283201
1232724931198111744
1232724723743838208
1232718868176678912
1232724886625361923
1232712951209000961
1232724824084094979
1232725070071652362
1232718823561875456
1232724774016688128
1232718562931957760
1232724175342776321
1232724773962231809
1232725487270518786
1232713374217199617
1232718339992145924
1232712511259955200
1232713043261427713
1232724460060495875
1232724905449402368
1232712952320536576
1232719036217200641
1232718299324018689
1232713365648281600
1232724943084773377
1232718499262451712
1232724023022432256
1232718844529168385
1232719229100732417
1232724344784244737
1232712425838972929
1232718931867111425
1232724465274048515
