1230602810997137408
1230607680437444617
1230600661479219200
1230605588171829248
1230605970604253200
1230600600347262976
1230598682510319637
1230602611440656384
1230609545560567808
1230608507172319232
1230608668904874008
1230599580821094400
1230606438449459200
1230603784222474240
1230598575622688769
1230603041713217536
1230611499741327360
1230599239220117504
1230609255889330194
1230603795039739908
1230601513958965248
1230599823855935502
1230602349787267072
1230598731915055109
1230608344915697664
1230605469376536596
1230611617924206595
1230605711085887490
1230607218829123595
1230610696452395008
1230599594850963456
1230607447259328513
1230611301019389952
1230602911966810112
1230611380862099457
1230605605636890626
1230606161759608833
1230605841021231110
1230604065035477001
1230608939148075015
1230603029365149699
1230602612451487745
1230605032845955073
1230598459209764869
