1232368351508357121
1232367198703882243
1232367205712568320
1232379655501602817
1232379496952668166
1232368000642289666
1232373923498602496
1232374365561511937
1232368116136439808
1232368570358620160
1232368368776142848
1232379394951434250
1232367963854049281
1232373816808103938
1232367266404163586
1232368274878476291
1232374299144548352
1232367714691436550
1232374467034337280
1232374055107514374
1232374606012436480
1232373577409798144
1232373723631472641
1232373964573421569
1232379266853150720
1232373692065308675
1232374767908540417
1232367467055452161
1232367097113645056
1232379528342917120
1232367141321674752
1232373241307705344
1232379632055455745
1232367591945056257
1232379512802775040
1232373779201957893
1232373673107087368
1232368467963236353
1232374769762230272
1232373614412025856
1232379189975801863
1232379411799867392
1232379402845085696
1232373658200481793
1232367617689767937
1232374587863818240
1232367738502422529
1232373497529110528
