1230820866188926976
1230816834347315200
1230818084694310913
1230824431133523969
1230821487931731969
1230822925705441280
1230821820162424832
1230822696138637312
1230815594116714496
1230818792449679361
1230822754196185088
1230819234189660163
1230823276810772481
1230821346940157952
1230819819571707905
1230816484026437632
1230821206099542018
1230817856515952640
1230816756941434880
1230822483571417089
1230824008490377217
1230823178852655104
1230820713432518657
1230821502137913346
1230822085028499456
1230815526236098561
1230823145071874049
1230816623369474048
1230823348071829504
1230823473351540736
1230819965634105344
1230821600330567680
1230823241305870341
1230817830523850752
1230822164028366850
1230822963311783938
1230818268597776386
1230823425981272070
1230823528477286400
1230816805255557121
1230824028333469696
1230820932786249729
1230822616962936840
1230823091107848195
1230819038097375232
1230814773295689730
1230818716532633600
