1232217213639286784
1232217170207076352
1232213823781834757
1232214057857486848
1232215139123892226
1232214168620556289
1232215563444707328
1232226944009359360
1232226388737957888
1232227846166339585
1232227282686808064
1232215206199267328
1232217479100936192
1232224737104932864
1232213768534286336
1232227780567408642
1232216161061941250
1232223966237884418
1232216274882695168
1232216700751237121
1232216515962900480
1232213906619273216
1232217006121914368
1232216777112870912
1232215624660611073
1232214949709205506
1232216016735875072
1232227747755384832
1232214687808397312
1232224570037260289
1232215503717842945
1232214304478433281
1232214285964673024
1232224835981299713
1232215390287253504
1232214437945389056
1232215354266587136
1232225358499454977
1232225869336207361
1232224142881153025
1232214894897811456
1232225959115415554
1232214368785485824
1232227131679281152
1232227102939725825
1232215481744052224
1232226356320030720
1232216316041474048
1232213879201107968
1232217598802173952
1232213845437026304
1232226938556567552
1232224559912361984
1232213720509681664
1232214030003003392
1232214005307060224
1232217024581029889
1232225039191334913
1232227153124691968
1232214477057273858
1232215942857359361
1232227322566070272
1232216741163470849
1232227896510513152
1232226932307021824
