1231311077918597120
1231309495479021568
1231307706281140225
1231312088699719682
1231307973537882112
1231311706875318272
1231314027227336708
1231314884287172610
1231309674764492802
1231315150331957248
1231309033522380800
1231308243827335174
1231315080375078912
1231308165142269953
1231313751808208896
1231312776506814464
1231314355624579074
1231311705583575041
1231312528765898752
1231312143435411458
1231308393152950274
1231311993396715520
1231315278581161990
1231312989791367171
1231310133122064384
1231315229939646464
1231307767354404864
1231314274338967558
1231313809366822915
1231312595086278656
1231310652196687874
1231313786591698947
1231311898102112256
1231307980236304387
1231311767445348358
1231312207599763459
