1232475155277832192
1232475601535209473
1232481783226068992
1232480947544571904
1232475721810862080
1232475939239411712
1232481019451731969
1232481634852597760
1232480893496741889
1232482097295589376
1232475028265943040
1232476124619272192
1232475418789199873
1232474854156169216
1232482319161671681
1232482041582641152
1232480812353740800
1232482008493780992
1232475524422746112
1232482014898487296
1232475508803162112
1232480830628327426
1232480762886160384
1232481484520345601
1232476313023156224
1232481576304312320
1232481417491185664
1232482285682774017
1232470356239118337
1232476142394736641
1232476044977815552
1232482180745424897
1232475226954293249
1232475005872562177
1232482324899487745
1232481874041286657
1232475657340239872
1232482286198673408
1232474832140259329
1232480724223176704
1232475131340967936
