1231208666277261312
1231214520963600384
1231209958156292096
1231216084159565824
1231209628161232896
1231211460799422467
1231210452056772614
1231211966951231491
1231215343844122625
1231210598987436032
1231215035634110465
1231215886310096896
1231214935973097473
1231216546686652418
1231210279159160833
1231216356508475392
1231213732153450496
1231212145863471106
1231209992713330688
1231212850661773319
1231209286254104577
1231209160676646913
1231211515933388800
1231212062359113729
1231216482283139074
1231211815083892736
1231213225276067840
1231216781378949121
1231208539676344322
1231216318260678661
1231213397619834880
1231208912063549440
1231212389778874369
1231216996735311872
1231212144210788353
1231211364128980992
1231214500717776896
1231212250108715009
1231210184313376769
1231213719796908032
1231216746486366208
1231215756022571008
1231212568707923974
1231215857923022851
1231211723421601793
1231209198224117761
1231215827279663104
1231214357545009152
