1230168312148983808
1230167027274285056
1230166679331602432
1230165230988165120
1230161327638876162
1230160810497826818
1230164783896285184
1230166770838720513
1230166993581506561
1230165162356854784
1230169542669807618
1230168793034432519
1230163044233121792
1230169499867000832
1230168457586581507
1230165215246864387
1230164225710084096
1230165154194743297
1230166070859829248
1230167106798456832
1230163347347255296
1230168198420422656
1230165351872098304
1230163168929779712
1230165655267266560
1230163964799193090
1230161372216020992
1230168458718932999
1230164558314180609
1230164160052441094
1230165514216976384
1230169508389613568
1230163316179234816
1230160802910363648
1230160830303326209
1230163977696620544
1230161246818729985
1230166558057562112
1230160541621997568
1230162607832694784
1230165333908107265
1230160845960704000
1230166717311090688
1230165096241999873
1230166799481573377
1230169768973328384
1230164758394884096
1230161657235591168
1230166946013822977
