1227746606239252485
1227750852439334912
1227745980616888320
1227750898857840640
1227745078132793344
1227749753137528834
1227744312219168768
1227746498227691521
1227747234806149125
1227746845096660993
1227748079333449734
1227750320110858240
1227748624970461186
1227745429183516675
1227744282234081280
1227748590136807425
1227750801755529216
1227745382026956803
1227746843536150528
1227745379984330753
1227746343373942785
1227746065010569217
1227749360630468611
1227748580267626496
1227749909580976131
1227746473921650690
1227744804584513536
1227745715914448896
1227746247169040385
1227744501050949633
1227746428086296577
1227745479208751105
1227748427003580416
1227749183005659136
