1224103308887052288
1224098833732382720
1224102560065359872
1224100059869876224
1224099900994080768
1224101512512557057
1224099102159527936
1224104437083406337
1224101442589470720
1224104408688005120
1224100563165429760
1224090590196924417
1224102400803340289
1224100491514257408
1224099352488173569
1224101753555226625
1224098796394688512
1224100968213729288
1224090936449343488
1224099030587846656
1224103162404990976
1224100151628828677
1224104656609009664
1224101526240710661
1224099176482516992
1224100277935951872
1224103956663525376
1224103016925544448
1224104401557737476
1224091043810938880
1224090781805240320
1224090115615555584
1224102834020536322
1224103087054389248
1224102209308241920
1224104044085432320
1224104485359718400
1224090715518578688
1224103600361803777
1224102202710593536
1224100059941408768
1224098986094665730
1224091054376353793
1224099585754378241
1224102598627807232
1224090522408628224
1224090632089550848
1224101699033489408
1224101794462105600
