1224258244111032320
1224258584541716480
1224258791870541827
1224259645830762498
1224257015767236608
1224258542720258048
1224262415946219520
1224259329714421761
1224256207122132993
1224256817955364864
1224271007998869505
1224258550844645381
1224258058202894336
1224271304519348226
1224262082465452032
1224257093806346240
1224259003846483969
1224261864588099585
1224256677962305536
1224260582100164608
1224259705792430081
1224259111371460608
1224262425865674752
1224259339621257216
1224256529131540480
1224262219250139136
1224259793042526208
1224256271253110784
1224260906433105920
1224262492312031233
1224259883173699584
1224270816654827521
1224258627956903937
1224260087860076544
1224270876339687429
1224257890627641345
1224258015018115072
1224260120433119232
1224257226107322368
1224257320063913984
1224256796857995264
1224260624563093506
