1227594673948155906
1227596501658087425
1227596249660035072
1227594576837431297
1227597535637733376
1227593196328411137
1227596335001456640
1227594257403265029
1227594573012070400
1227599919969599488
1227599827980165122
1227595814203203585
1227594084509999104
1227595534044737536
1227594333919969280
1227597943735308288
1227595910445772800
1227599294556864512
1227593313756360704
1227599619913207808
1227596080168275968
1227595534182973440
1227594823948894211
1227595564021354496
1227595891202195456
1227599505719205889
1227599952215330818
1227594077534711808
1227594679987982339
1227598116125151234
1227595261171642368
1227595782661926912
1227595277067902976
1227594985584943104
1227594479676186625
