1230342923553734656
1230349014173806592
1230352963329085440
1230344393975951360
1230348049689370625
1230353566327377920
1230343946448052229
1230343521468604416
1230353289105018880
1230355319731056643
1230352516124004353
1230346793407246336
1230343261694365696
1230347942969479168
1230345150834016258
1230346878212071424
1230355291394330624
1230351246113902592
1230342837499097088
1230342595022217216
1230342909523877888
1230342751759130624
1230353882791825409
1230351221116096513
1230347595618193408
1230346868577595393
1230350219507666945
1230355437406392320
1230347164380876800
1230349788282937345
1230352602883166208
1230345013860749314
1230355695083696128
1230342233737646086
1230342820994510851
1230347921243009024
1230355632198316032
1230349608318099456
1230355053162053637
1230342198576766977
1230355131977199617
1230350263577436160
1230347291879297024
1230348427990487041
1230350405084774400
1230349851910533121
1230341421242159107
1230348471208566785
1230346760918269955
1230343583640772608
1230345335593218048
1230352541742850048
1230343762645155841
1230353230774693888
