1226775674775461889
1226762780503683074
1226768471125635072
1226769971142770689
1226771040157622272
1226772869318770689
1226768922826817537
1226771743081033729
1226772369823485952
1226773315525566465
1226777237665378305
1226773355186937857
1226771253995941888
1226769945683517440
1226776463203954688
1226776304655196161
1226770910843039744
1226776623883706368
1226767565084647424
1226775993693556737
1226776504270344192
1226775952769810432
1226762918856994821
1226770595905507330
1226765914542166018
1226773930012180480
1226764976846725120
1226763515949703168
1226773149779447808
1226768476318072833
1226764593550282752
1226776535786389504
1226762947201925120
1226766224668803082
1226766840195670017
1226770263980769281
1226767305746477057
1226771941928792064
1226773308500271104
1226777430272233472
1226768162030358530
1226767124330209285
1226772058958417921
1226768213737910272
1226772463138328576
1226768568605343744
1226770648107667456
1226767269549592578
1226774536294547456
1226766253408174080
1226766203324112896
1226764396824686594
1226773070511140864
1226775248978079749
1226777595708137472
1226768090672893952
1226772569602195456
1226768026193756160
