1226194284040212481
1226192152675246082
1226191685299982339
1226191994525036545
1226194355762778112
1226203671148367872
1226193000021159936
1226194067693895680
1226191285863608322
1226191152786833408
1226200936546263042
1226193708103671809
1226191979790336001
1226203008670650368
1226193275251347456
1226203808855883777
1226195261019566080
1226194247893667840
1226201383759597568
1226202383627112448
1226194519143698438
1226201644477620224
1226190651194212352
1226203599765524486
1226203518123565057
1226201090346979328
1226190756072841216
1226201234085834754
1226193763753574401
1226191956969164805
1226195296507461632
1226190218459402243
1226193204975996928
1226191099284189184
1226193168053526530
1226190986088460288
1226202449800814592
1226190305726287875
1226192057250664448
1226194580397117440
1226202374781460486
1226191427077648384
1226201567176556544
1226201910660628481
1226201316650708992
1226202028143235075
