1225861033144745986
1225861687057797122
1225859835213729792
1225864957172031488
1225859769904267265
1225861454362038272
1225861809011380224
1225857561045368838
1225859820303142913
1225862332368158722
1225863107282718720
1225862485434978304
1225857580934844416
1225862030839681025
1225860757675376640
1225863624352288769
1225860817582620672
1225858649467359232
1225859379812913152
1225857787147816960
1225865167197626368
1225857940596436997
1225862534038573056
1225857357722185730
1225863074550353920
1225858670937772033
1225858772364599297
1225857459379568648
1225863493657579520
1225861314662293505
1225865359279972352
1225863441883291654
1225859153282969601
1225863315672489984
1225859159838642177
1225864789244678144
1225860294943137794
1225858586833833985
1225860363561791488
1225860377180766208
1225862148355743744
1225865441215688704
1225863080187514880
1225859493612834816
1225861728359112708
1225858902236987392
1225861477086777344
1225861550709395461
1225863084218040321
1225859351811891203
1225858890098757635
1225858018417315840
1225865711370801153
