1227814399273992193
1227807966604251137
1227813457325625345
1227808000792047617
1227810804939935745
1227807198149054465
1227809470421454848
1227811595658510338
1227814443771252737
1227806745298382848
1227808157969240064
1227808058312548354
1227816331212414976
1227819418136260608
1227816227470442496
1227808500010516480
1227807418429603845
1227805736920436736
1227813325464993792
1227811748020936709
1227817418749140993
1227814091869184000
1227816727888551936
1227808416392855553
1227806759227740160
1227819262435307520
1227810698991951872
1227806713904062465
1227807530463576064
1227806222914637824
1227808626858790912
1227805504161771520
1227815618465779712
1227805897839316992
1227813443333427201
1227808038712680448
1227818403966021632
1227809897359630338
1227813133722374144
1227806460219809794
1227818913997541376
1227812632280870912
1227817086954676226
1227819150984335361
1227807968743370756
1227813778382782465
1227818502448459776
1227819447278342145
1227805195159121920
1227808151308775424
1227808029703274496
1227808405617704960
1227815691945775105
1227812104008327169
1227807360762236938
1227804947640672257
1227805865245315078
1227814264221519873
1227808483296370688
1227808758379798528
