1228322348266348546
1228320933863022596
1228321909089210369
1228322125641060354
1228327850698145792
1228326917968977922
1228322261284933632
1228318988804993024
1228325753558851584
1228326361804263429
1228325607735320577
1228325815361781763
1228326961426190337
1228321281252171783
1228319181365399552
1228318962192044034
1228326692659376129
1228321129460387848
1228318102556856320
1228318908010000384
1228318996908380162
1228327196298743809
1228325020293726208
1228323269134123009
1228324796976390144
1228320146911059968
1228329097073451010
1228319969701777409
1228329511923511298
1228329360815468551
1228327951151718401
1228327326519365633
1228319993433067521
1228318929573105666
1228323878553808896
1228324967210680320
1228319235497086976
1228318424562044928
1228321080923820032
1228321052717133825
1228323164683427841
1228319128504631302
1228322784788516865
1228321551398903810
1228324794073923585
1228325587300814855
1228323356757446656
1228321754088521729
1228318841614282752
1228321795973033984
1228328789760933888
1228322137674416129
