1229296693935558656
1229298782824783872
1229295313145520128
1229287028048576512
1229295886494076930
1229295690955841536
1229292663452688384
1229290111478779904
1229286070812057605
1229285529469902848
1229286101367476230
1229288595489357825
1229291542780633088
1229294335855906826
1229285318597066754
1229296642681114624
1229288638091059200
1229296780560478208
1229286402199654400
1229285664140730368
1229285063185051648
1229289293195038721
1229290494825463808
1229294646003675136
1229295265145917440
1229285045837258752
1229286383321145344
1229293415466180609
1229292767701950464
1229296401189871616
1229289490579165184
1229299120382205952
1229289837410340864
1229293390589841408
1229295734282809344
1229296831416242178
1229292872240967682
1229285030104424448
1229286363335249920
1229295224603627520
1229287529905442816
1229286128781381632
1229292490332631041
1229292598717812737
1229288247567798272
