1226909064052932611
1226899293556133888
1226912459832819712
1226911867634954240
1226911725104107522
1226912611855486976
1226909240335331328
1226912150599471105
1226912325376135173
1226909023015972865
1226909012647653376
1226911897800212481
1226911681068052480
1226898706139623424
1226909651821875205
1226899209611350016
1226908976392044544
1226912905909522432
1226909422179561477
1226910726406778880
1226909968391118848
1226910720824004609
1226913275155230722
1226910441995194369
1226910073450123269
1226899035090542592
1226910485725024263
1226911852782915584
1226910099685412865
1226913188614201344
1226908749320704001
1226913344294203393
1226912126641397761
1226912161525649408
1226908770636369922
1226911179504644098
