1230738542151659520
1230745881160241153
1230734533990871041
1230745977499160576
1230739192713363457
1230739426436771840
1230735096363110402
1230744097821868032
1230748604815405058
1230734137809489921
1230737230617968642
1230741272622592001
1230746631022100481
1230740598367215616
1230738159878561792
1230736923863347200
1230747760678146051
1230747272549298182
1230746029617598466
1230738498153435136
1230738489144012801
1230746019874258944
1230744332170170368
1230746744629030913
1230746736773066752
1230738308667301896
1230742525444415488
1230735710493102081
1230736084662751234
1230744625284935690
1230745937498144771
1230736902770216961
1230747639198568448
1230737939161706496
1230741663531728896
1230743859392438274
1230744699842879488
1230741456203075585
1230748947792056323
1230748284228001796
1230736900098416643
1230742390090027009
1230745310118285314
1230743980658196483
1230736041666940929
1230735867943088129
1230740240806973440
1230743906150576128
1230742806756347904
1230742531677122561
1230737108639211520
1230734420765597697
1230735855276326912
