1224587948110123011
1224584825979359234
1224575609747062784
1224574917779345409
1224582099354734592
1224582719415427073
1224583625355776000
1224586681996718080
1224587082586157056
1224574262025117709
1224582573369643008
1224586724463955968
1224573650386313217
1224584930925002753
1224573466210373633
1224585488482222080
1224581834606030848
1224578146139176960
1224580949146587136
1224580021722812416
1224577868350590976
1224581557597290496
1224580289306849281
1224586407743754240
1224573442441150464
1224576799025385472
1224574978063921152
1224585283640995841
1224582516448718848
1224586514337804288
1224580853734563841
1224579764121288704
1224588063084597248
1224585011145297920
1224576243749646336
1224579076066668544
1224575732581568512
1224585545101148161
1224587857446277120
1224586271919525888
1224579833113350145
1224580606392074240
1224584352585007104
1224583966897987584
1224581184283271172
1224575215356825600
1224580990309261312
1224582449478287362
1224578075075260416
1224585762932436992
1224587189444653057
1224576817748676608
1224588008042582016
1224579285408677894
1224575248659443716
1224580005176299521
1224586641970319360
1224582987486023680
1224584480821776384
1224586667052298242
1224584477420089344
1224587979877806080
1224573386669613057
1224583445080199168
1224584382490578950
1224573297234333696
1224587904028217352
1224579099940646913
1224582475634089984
1224587335825809409
1224579121595985920
1224577412769427456
1224575320629530625
