1226463140663005184
1226467833644711936
1226461183097679872
1226471787635982336
1226467811876163584
1226463205917986817
1226474748089114624
1226471587215560704
1226468339007946753
1226463872988508162
1226464253072162817
1226463597955432448
1226468544872763392
1226466999980548102
1226468707456692225
1226465647841796096
1226464597982363648
1226462048940371969
1226467617801736192
1226470167229550592
1226471543351447553
1226465228902166529
1226464608040497152
1226468834196049921
1226474444354310144
1226466675618390017
1226469798055424000
1226472164808953856
1226467059317407744
1226468210414903296
1226469062676402176
1226460781430132738
1226464911271845888
1226469635412725761
1226464478838972423
1226464632803659776
1226466761312292864
1226471565107322881
1226462315219996672
1226470234195922945
1226471897505779712
1226462247712518145
1226465558528450563
1226467984106905600
1226464091578851328
1226462788744351747
1226473370499239936
1226460876485488640
1226470072564084736
1226467949516644354
1226470545669185537
1226465908425658369
1226463591412293633
1226464677095407616
1226471478410956803
1226464945862139904
1226470006759792641
1226470408683229184
1226466189578080256
1226461377327517696
1226469910932377600
1226461018974343168
1226466564054093824
1226467208810893313
1226469794943250432
