1228381281781768194
1228380950544945152
1228383234062352385
1228379019210559493
1228390860410236929
1228387526055997441
1228389896311754753
1228378871575334912
1228391120456957953
1228390983907389440
1228386398077509632
1228385127610249216
1228386686150725632
1228384621093675015
1228382778279874561
1228388206024044544
1228391480617771008
1228379146558021632
1228380799092903936
1228390657858899970
1228379450565246976
1228384005046898689
1228387051734695936
1228387465230258179
1228382376725598213
1228388721277521922
1228388089854332928
1228390965041418241
1228384475505135617
1228392803564212224
1228384788215738370
1228386203591987201
1228387992609357824
1228380142851874816
1228382857367826432
1228389824635297793
1228384604991524864
1228382279774408705
1228381341005291520
1228381325402529792
1228379513312206848
1228387877861707776
1228383298361053185
1228383965024784385
1228388012423122944
1228390356850335744
1228385840180514817
1228379814823776257
1228384667470090240
1228381098490634240
1228393454767570944
1228388652763381760
1228392282765713408
