1225605086514044930
1225613413931417600
1225611664889929731
1225606671868649472
1225611704966533120
1225613774775881728
1225611377282183169
1225610713860718592
1225615086393462786
1225614491808911360
1225604639682228225
1225606931445796864
1225613859089719296
1225604220390240256
1225612871482122241
1225605764280193035
1225608570214858752
1225614983192383488
1225609530718842880
1225610293692239872
1225604530701787137
1225613358138675200
1225610354237018116
1225612141555679232
1225607526382739456
1225611384618020865
1225614076472168451
1225609695726993413
1225614024022220801
1225613736745951234
1225608673130471424
1225614913709760512
1225606852840345600
1225612979460329473
1225611119949008896
1225613036179709952
1225604189683769345
1225610752926658560
1225612540404781058
1225606443459436544
1225609974484754432
1225607512306487297
1225612228063158272
1225609679402917893
1225605474348883970
1225608580893528064
1225614201860673536
1225611500364189697
1225604817365733379
1225611498967502854
1225607753772568578
1225608561226465286
1225605365061971968
1225613322290106375
1225609511278301185
1225609940724744192
