1227997541586829312
1227998665505112065
1227998684627030019
1228000865593806849
1228000101655830528
1227997716938014720
1227999630731837440
1227999658582126594
1227996128471343104
1227999080321896453
1227997036252975110
1227999356709670914
1227999622087487490
1227998364261851136
1227996547855634435
1227998447929683969
1227996129763250176
1228000122413314049
1227997493889093633
1227996030110552064
1227995884077699079
1227999159950684160
1227999593092112385
1228000038187499520
1227999657852272641
1227997894780866567
1227997572335308805
1227999174207180802
1227995289962909697
1227999071622909953
