1228766315369959424
1228764034712862722
1228764123187548161
1228769647958380544
1228770228605054977
1228764512142184448
1228769804208656384
1228770228378558464
1228766202765418498
1228761472034955264
1228765534004465665
1228763549922496512
1228764202438815744
1228763417600618496
1228768204488663040
1228761439789355009
1228758594805469184
1228764257011093505
1228763290316095488
1228769615305756672
1228769341451186176
1228759436786913285
1228764961087926274
1228769650646884353
1228766929298563072
1228768638787702786
1228759925687349248
1228763387397578752
1228769751612018688
1228764638365593605
1228763810212659200
1228760572054921218
1228767555780796416
1228763085634260997
1228762869413576705
1228768988014006273
1228763774347137024
1228758294065340416
1228768147202871297
1228766761169948675
1228768635952472065
1228765435119755265
1228767259557949440
1228761840492040192
1228768772586000384
1228761194732744705
1228757061741219842
1228769298262347776
1228765201971007489
1228755994139754496
