1233177314172628992
1233177857112756224
1233178239423508480
1233165306039853056
1233171975826178050
1233165432300941316
1233177947844042752
1233177497044422658
1233177851723010048
1233165767715295232
1233177017866235906
1233176979635085318
1233171438799994885
1233177059414773760
1233166066374733824
1233165231741898754
1233177394481156096
1233165714602811393
1233171028311822337
1233177626153373697
1233171829499584512
1233171636066684937
1233172494724616192
1233171840648040449
1233165982442622979
1233165859834580994
1233165624437768193
1233177154806001664
1233172004527902720
1233165436084277248
1233171081491623936
1233165876892823552
1233166425663012864
1233166081847627780
1233171057231716352
1233177747918381057
1233178241004949505
1233177776603181059
1233171267123130372
1233166225691336704
1233177415117135873
1233176863356444672
1233177788691165184
1233165222564618242
1233171938819878912
1233171815746473985
1233171623383064578
1233177118013558787
1233177838787813376
1233176875825950720
1233165646348857346
1233177356040359936
1233165428593168385
1233171644425887745
1233172172220141568
1233172043421511680
1233171619671089152
