1233900820426567683
1233904180802342913
1233893050037882880
1233890841615355905
1233895274277265408
1233898443485204481
1233894331913605120
1233901589154402304
1233894765038637059
1233890852034031618
1233898388028108801
1233890860032495616
1233897052029030400
1233897367050637312
1233899170680987648
1233895188243849216
1233895826507911170
1233900807541493760
1233895054311223301
1233894390419951616
1233896601967570944
1233894307440078849
1233900600972070912
1233901499064909825
1233895711219081218
1233891229047361538
1233903158822305792
1233903496669216768
1233903067856277505
1233894216062758912
1233894340268830720
1233892126821429251
1233904355281113096
1233893597130428416
1233893946742493184
1233903035702706178
1233899705509253120
1233901741118111744
1233898800709865477
1233891792610676738
1233900280972029952
1233897114704502784
1233894648646598659
1233894676408737792
1233893256133586950
1233900724939100162
1233890489763430400
1233896451765342209
1233892150707802112
1233896649946279936
1233894784269307904
1233899674576334849
1233902645368193024
1233891629121122304
1233894486612303872
1233902760023773185
1233891000361324544
1233896163234975744
1233894687489945600
1233903629846773760
1233894129538437122
1233895531572645888
1233893152077029381
1233904278093357057
1233899475094999040
1233896755890028544
1233900609356607494
1233899145989017600
1233890111168925696
1233891788563238914
1233894166930657280
1233898294603993089
1233900593158217729
1233891721190068225
1233894810706006016
1233900212906840067
1233902641148768256
1233898755126112257
1233895663978635266
1233893150277742597
1233901379762044928
1233900958079488001
1233895643489472524
1233896680761810944
1233902245063692288
1233895698971545600
1233890353482207233
1233894934270414849
1233897868089389056
1233904258405167104
1233900128047489024
1233894687649431552
1233903833895645184
1233892352206548992
1233893303088795648
1233899533957988355
1233893811820138496
1233891994562260993
1233895132329586688
1233896296597069824
1233891736071503872
1233899739017613312
1233895914026090496
1233895697742737409
1233892302545989639
1233901090967556096
1233895136339406850
1233900673269477377
1233894779504734211
1233892313463771137
1233893029611790336
1233894410024341505
1233890715416969216
1233901513355014144
1233903369128992770
1233902494192820225
1233894708931440640
1233901150237274112
1233897376630181890
1233898816769855488
1233889735090806786
1233900926307643393
1233890866760179717
1233902759868542976
1233896231019175936
1233900770694594560
1233890322884833282
1233896761791569924
1233894969024212992
1233896589900570624
1233899508741754880
1233901087519903746
1233899267103678464
1233896988091060225
1233900265029480449
1233892072056393729
1233891701187543041
1233897391759056896
1233900288907653120
1233891667696128008
1233894345763254272
1233891755260555270
1233895071730171905
1233890164566568963
1233891487190044677
1233898846113103873
1233898795336794113
1233897272456421376
1233894306324213760
1233900047399555073
1233894737104556032
1233898191180840962
1233891656195362816
1233900572027346947
1233897745452277762
1233902703111094274
1233893491614158850
