1223737863629692932
1223735853555556360
1223738357232152578
1223740487745536000
1223738285870198786
1223734102030979072
1223734834935357441
1223735177970618373
1223740065702203394
1223738691899625473
1223742776006692865
1223736146318036992
1223741773828280323
1223736357580767232
1223734536233738240
1223742265740480513
1223739295514734592
1223739939617067008
1223735144340762627
1223734077066485761
1223739425764466688
1223742323852398593
1223740387770208256
1223738419827752960
1223735673552875520
1223737775553380352
1223734817424060417
1223735859796512768
1223734411516170241
1223742103123111938
1223737027365085184
1223734457154273280
1223741627094786048
1223739893899116544
1223736817410809856
1223738382590926849
1223735941958979586
1223734115788382208
1223742545345122310
1223739832729591808
1223734506533900288
1223739306184830976
1223734016223907840
1223734463202349056
1223742425388052480
1223735004729159680
1223735089412149251
1223737781190610945
1223742142088003584
1223735300263903232
1223738472457998336
1223740672857034752
1223742297457606661
1223742145137467392
