1227495992301211651
1227498485361958913
1227490592914989057
1227497346168049669
1227492496453840896
1227497959262019584
1227496206114283522
1227499096249733120
1227496028539981827
1227493860252602368
1227498093509103616
1227496864745811968
1227495057160192005
1227497321664933888
1227490567912747012
1227492649893974016
1227497098448265216
1227493897170849792
1227498226544074752
1227498428759867392
1227492562375782400
1227495082745425921
1227499517898919936
1227497047642632193
1227495284894138368
1227497722367762434
1227494178889715712
1227502097760804867
1227500628559052800
1227496696390672384
1227491561937592321
1227496781665034241
1227490322214608898
1227500328355917824
1227491705038860289
1227498663464714240
1227495761467731968
1227491498762985472
1227492542784012291
1227492733557673985
1227492200658788352
