1223671555869356033
1223668722818117632
1223680827478900740
1223672473918550017
1223671461711360002
1223672225980612608
1223670642022780929
1223671108316139521
1223670595663093760
1223680462339616770
1223672246096605186
1223671232576442368
1223681733620420608
1223681158912737280
1223669727030939649
1223671009531707393
1223672010766635008
1223671444267204609
1223671997906817024
1223669088007999488
1223670819915694082
1223679935883235332
1223667963900911618
1223668469272584194
1223669146405048320
1223669645422383104
1223680748588322820
1223680114245824512
1223670663795228673
1223671289665261573
1223668426071334913
1223671755845316608
1223672349452427264
1223679803032842243
1223671224569483264
1223667797382901766
1223669417436823552
1223671974968414211
1223668241903558657
1223680319880159235
1223672199913050112
1223669805754044418
1223671100397084674
1223680681324183558
1223682043915198466
1223681889568993280
1223672392972668930
1223672536145154050
1223668496766242818
1223679810188111872
1223671304676466688
1223671554078150656
1223670667972837382
1223679854358487041
1223668171036491776
1223671798987812865
1223672857344999425
1223679871890743298
