1223902316324982785
1223900925296812032
1223899105388154880
1223901046205898753
1223900285468209152
1223901473622261761
1223900265218076672
1223898969526411264
1223900304426430465
1223900298285965312
1223900180463771648
1223900573587525632
1223900367802384384
1223901349542125568
1223899494497964033
1223900380460802048
1223899768989999104
1223900294100197381
1223898898466361344
1223900222209658880
1223900243504369665
1223901524335702016
1223900705813037056
1223901573002096642
1223901349483634688
1223898928447356928
1223899882357809153
