1232665539266273280
1232660036117241856
1232656491892662272
1232659835138609152
1232656608133554177
1232666621363281920
1232660962022477824
1232660141213798400
1232656991329239040
1232660908670955520
1232656215525806080
1232659519676674048
1232656299495583744
1232651550893449218
1232666420116434951
1232660220603617281
1232661007794917377
1232660664348442625
1232660204145254403
1232665837473075207
1232660723831984129
1232660240409276416
1232651614718177281
1232656152149798912
1232659604359671808
1232659511661518849
1232656696998154245
1232665891176886272
1232660252962820097
1232666146127667206
1232660266787229696
1232656641616752641
1232659779568328705
1232656231183126528
1232666176397991936
1232656660268584960
1232660939100450816
1232660282729779200
1232660769042399232
1232659663671328768
1232656227613708288
1232665647831769088
1232660575961993217
1232660236567302144
1232659613029425152
1232660969941237760
