1226672963598135296
1226684261706739712
1226684577189511169
1226682746891833345
1226683926694920192
1226674651939647489
1226682619104022528
1226673788898574337
1226684499179819013
1226683317497597954
1226679447207763975
1226679187190120448
1226684835302760453
1226681139332403201
1226680037421780997
1226685240229253120
1226686404396118017
1226683497223540739
1226675408365551622
1226684161387323393
1226687054085423105
1226680338535112707
1226682374764679169
1226686470494113797
1226675140714516480
1226678704627240960
1226682312362004480
1226673505376362496
1226675355081199618
1226684515340488705
1226680072939220992
1226680264191021056
1226676616639733760
1226678717944147968
1226677461636677632
1226677272473677825
1226672566741454849
1226680270071517186
1226685721395843075
1226686720638193664
1226685617746083842
1226685157018464257
1226678279148580865
1226675790080806912
1226685903122251776
1226684233546113024
1226673374904098816
1226672759067095043
1226672655496933377
1226682002226569217
1226673495960117248
1226677376786059265
1226686465452756992
1226685968331235328
1226674546331279362
1226674688568504320
1226680632417361920
1226682715409305601
1226686600966373377
1226682583028772866
1226686814842474496
1226673275025186816
1226685049568944129
1226673641661792258
1226681896756600833
