1233384283601068038
1233390197523599360
1233389902961790976
1233383380265373697
1233377799945310210
1233389249300500481
1233383771568836616
1233377271035179013
1233378062802153473
1233384232321306624
1233378356244049920
1233377294313566214
1233378259963961345
1233377542305914880
1233383325676580864
1233377819285237761
1233382836096229377
1233377063727435778
1233377848095731712
1233383858910961667
1233390238635982853
1233377052860047360
1233389958326620161
1233377298608480256
1233389978169856001
1233389449523990528
1233388804268023808
1233388883817222145
1233377392619655168
1233389064205635585
1233382823215669250
1233383942738370560
1233384085021577217
1233378344613433344
1233378410275262465
1233383120356986885
1233377497103945728
1233390271511060482
1233378439710879744
1233377869277073410
1233377023218851845
1233388933385531392
1233388744763486216
1233389563252531200
1233383280956858368
1233388737226252290
1233377840676188166
1233377295684890624
1233387909002203137
1233389165225631746
1233390229844889603
1233383557646573568
1233377828202217473
1233378029084250113
1233378008578351104
1233377182560530432
1233389248239325186
1233377067649175552
1233389622266384385
1233389181889589249
