1228410363085033477
1228418319843237891
1228418129451274240
1228410100936794112
1228412067465564162
1228419412950122501
1228421061601120267
1228412589329149952
1228416330413608966
1228416647238758402
1228419960243998726
1228419094401159168
1228408639372898306
1228421120086413312
1228410081445924864
1228408874211926016
1228418118134923264
1228414873471770627
1228416127593787392
1228417890849677314
1228421504695562241
1228410807580426241
1228419053393330176
1228422542915801088
1228412529866608642
1228415740014989312
1228413374343544836
1228411758655574016
1228422163310546950
1228418623036743681
1228419307094233088
1228423130609324032
1228409074699710464
1228421191481819138
1228419697940615168
1228411345571328001
1228408944802123777
1228413302209826817
1228409027119460353
1228415394978856960
1228419073014263809
1228422629524152320
1228420596351918080
1228417742677647365
