1232265146434801664
1232271796898017281
1232271325139476485
1232263864202518528
1232271893060882433
1232264191718940672
1232264834655379458
1232271516009746433
1232271477023465472
1232264822391263232
1232263207500337152
1232265700422668290
1232263209450602496
1232272241125138433
1232272182593630209
1232270990031413249
1232272240865095684
1232271352951951361
1232263168178761728
1232272007787532288
1232263417156849671
1232264051008458752
1232265338546294784
1232272772988067841
1232272442292203520
1232264150115479553
1232263095642398720
1232272495165599745
1232264127202066433
1232271643025821697
1232263637445812224
1232264639569940480
1232265302643052544
1232263758921244673
1232272518804799494
1232272142894497792
1232264921510891520
1232263660912943104
1232271273306329088
1232263179591249923
1232272116096962562
1232263626628747264
1232263534718877696
1232265314848530432
1232264857803612160
1232272664355581952
1232272564342448129
