1228180023711956992
1228175322329149441
1228178195255418880
1228178135625023489
1228180850405101570
1228169564359249920
1228181084099104769
1228180165554888706
1228176428249698304
1228167648594153472
1228169550174154752
1228168811716546562
1228181803413864448
1228174889690943492
1228168156780220417
1228172917764046850
1228179757138763780
1228175030082662401
1228179748452368384
1228180417804554243
1228169091812229131
1228180078422478850
1228170300434444292
1228181606956859392
1228173149738393601
1228176251023527937
1228181122070106113
1228177173728481280
1228181324956983298
1228170230184038400
1228170942821482496
1228170139985539073
1228167702776147972
1228170924408500227
1228179849975459840
1228172491605958656
1228173488491393024
1228173677079846912
1228175671450427393
1228169527113895936
1228167916425605130
1228170858885070848
1228168244600565761
1228174637994954752
1228177499865014275
1228169633930178563
1228170992549187584
1228172251154935808
1228181271836147712
1228168616060710912
