1233200879366328320
1233196008605089795
1233201327812907008
1233195154141536261
1233209382814482439
1233206863178731521
1233206499792416769
1233208595728257034
1233206902865223680
1233196038481154048
1233201565068079104
1233209792153321472
1233208740448522240
1233195287604350981
1233209226421571585
1233208136892370945
1233195949368807424
1233200534758313987
1233195422652542976
1233207792242171905
1233208242962149376
1233196029769469952
1233200643348652033
1233206448500477952
1233206952647430144
1233195614290227201
1233195171149418496
1233195787762401282
1233201293818236928
1233195354532782080
1233195582115766272
1233208254567788544
1233209228606574592
1233201508331773952
1233201579408277504
1233206431706382336
1233200819266314240
1233207993036046338
1233209406185189376
1233210024442376194
1233208087776985090
1233209525378768898
1233207548901281793
1233207470157254656
1233208030814228480
1233209805067706369
1233201382271967232
1233201892886536192
1233210193409925120
1233209226111012864
1233208622034735104
1233207010235043842
1233195380701048832
1233201655149142022
1233209581981007873
1233201674874949632
1233207388636770304
1233210124992417792
1233195287880990721
1233201013017825280
1233209582018842624
1233201914386485250
1233201494926774273
1233207255249502208
1233200882616954880
1233207614282125312
1233198862434738178
1233210185419616256
1233201356091121666
1233209748897570819
1233209753062563840
1233200492815060993
1233207213273047040
1233207150417043456
1233209069063684097
1233201277649055744
1233207172168855557
1233208625260183552
1233208008718659584
1233208814545055744
1233208103841091589
1233208722601775106
1233195808423542785
1233208903837659136
1233208056781115395
1233207694137278464
1233209895949828096
