1228436307451555842
1228425612324270080
1228437033867268102
1228432800858038272
1228428429059481600
1228426987968061441
1228427605415780353
1228428310448943106
1228424925213581313
1228429208440987650
1228429486292598784
1228434045031370754
1228434661912850432
1228424523789168640
1228437740469018626
1228433950416048128
1228426730337112067
1228434673908559882
1228434742279716864
1228426626024771585
1228424926941499392
1228433460664008710
1228433651437883392
1228431519116677122
1228429734280925186
1228432102359695362
1228435985580429313
1228433233060167685
1228433353994620929
1228434227059929088
1228428413553147904
1228429971867258882
1228431530822905857
1228425543256698880
1228424179541610496
1228434542316285952
1228427277328715776
1228429586851127298
1228435413208944640
1228438329366106115
1228437453251522561
1228426053393297408
1228434587107225601
1228425533995831296
1228426543275352072
1228432649561235457
