1233230120707485696
1233240061656780800
1233237514019917828
1233236631152316417
1233237352061034498
1233236320895590400
1233227042306416642
1233235119151779840
1233237036900835328
1233235071953522690
1233238115877298176
1233229754335211521
1233228163234140160
1233230580835287043
1233232612807921664
1233226768867192832
1233225316614594560
1233228849837740034
1233235768874651649
1233236189584379906
1233231443548987393
1233231632217149440
1233231280029892608
1233229792524341248
1233230510832353281
1233230584232763392
1233225322742665217
1233235437055025152
1233233394198360064
1233237595112427520
1233235324777586689
1233228253671768064
1233235482768744451
1233231964338970624
1233228782615453698
1233236865643425794
1233230360143593473
1233230185643724800
1233236269590671360
1233237097328390144
1233231372405243904
1233227670994989056
1233229738958680066
1233229469365653504
1233227618465591297
1233238785053249536
1233229969742016512
1233226878028304384
1233236299676618753
1233226121405063168
1233236276771295232
1233238890309410817
1233230145990742019
1233235657826480128
1233233734670995462
1233230256196202497
1233226313516953600
1233231349970079744
1233227958589902848
1233233630094213121
1233230185400397831
1233240378029023232
1233227942999810048
1233229125747380225
1233233801188388864
1233230229469941760
1233231495860453376
1233239102964633600
1233235901419003905
1233234182706364419
1233236649338900480
1233229049935253505
1233235912743624704
1233226740954099712
1233238365538926594
1233225557904678913
1233233232344363008
1233235892917026817
1233229017807040514
1233231373961437186
1233232355873054721
1233234321873358848
1233227509547913216
1233227341956034562
1233230279302615046
1233237918271098880
1233228953806131200
1233236462621151232
1233228071190155266
1233228981996019713
1233227852180574210
1233228774180704258
1233234271969652736
1233227902990397441
1233237665564233728
1233237166307676160
1233230299716341766
1233228757693014016
1233228666470952960
1233236752288145410
1233239908766142464
1233230073483988992
1233231004854366208
1233238007764795394
1233228451567542273
1233237258976841728
1233237446554509314
1233227209843904512
1233228959531159553
1233230370629443586
1233232508910624769
1233234030310514689
1233226907144994816
1233233893265829889
1233236164846460928
1233236841395937282
1233226927059668993
1233233693004587008
1233225373812502530
1233234089383084032
1233227814998085632
1233226208386654210
1233233640617701377
1233237329151758338
1233227956979404800
1233236492123664384
1233235815469371393
1233234805459804162
1233226518907715585
1233231142461022209
1233240230406189057
1233238733270507520
1233226423231537154
1233239268061065217
1233231371084144641
1233230948378062848
1233229716884205571
1233230434374430720
1233238020201091074
1233227544461099010
1233240373251760129
1233226855022350337
1233227751567560704
1233239307130937344
1233233125876080640
1233229349358329857
1233236157489668096
1233230799878705152
1233225682324422656
1233234246292119560
1233236958207500288
1233226901272977409
1233239405080367105
1233234993465495553
1233225526841491456
1233229372154359810
1233232081880264704
1233228322890383360
1233231503355793409
1233231334580994048
1233229360477409280
1233240356499513345
1233232042709725184
1233236491519721472
1233237552699727872
1233225633293099009
1233232880781885440
1233236420149436416
1233235875993022464
1233226132494966784
1233226337021763584
1233235042312298496
1233231962011291654
1233228771966087168
1233229272845676545
1233226610570121216
1233232569417764865
1233228549789646848
1233229850913017856
1233236593357590528
1233231471734906881
1233229265182826496
1233227789630832641
1233226331560628224
1233228523461939200
1233239255071068160
1233229723209060352
1233238281711767553
1233226452096688128
1233236412616597504
1233237055590879232
1233229871876378625
1233228124244074496
1233231279761608705
1233227456686911489
1233230314232827906
1233230011756433408
1233239971806531586
1233239002007904260
1233227803622985735
1233236863160332290
1233238870831046657
1233232832178216962
1233228725531095040
1233237056404492288
1233230489999163394
1233226175234891776
1233239011218477056
