1225847386175610882
1225846753804591104
1225847737570209792
1225847979635965952
1225846148453339136
1225856015364689926
1225847196702191617
1225848316077854721
1225846116404604931
1225849657311535105
1225847030368653314
1225846790186045440
1225849275923517441
1225847940268396549
1225847786278703106
1225849833535221760
1225847657035374594
1225856276791357442
1225846608736157697
1225847226745769984
1225856117256916993
1225846273183367168
1225847373177511936
1225848522093629440
1225848403306991620
1225846971212148736
1225848583745941505
1225850380120027137
1225846825535574016
1225847028628041732
1225856358081269760
1225847014845505536
1225849346882777088
