1228231803757973504
1228233518053855232
1228238301095743488
1228228357545791489
1228238123865341952
1228236843843371008
1228237058755325957
1228235192818487297
1228237087301758976
1228238547058122752
1228231662418350080
1228231996968554497
1228227596149608452
1228236568336273409
1228230400654266368
1228237170160201730
1228233436084596736
1228230451984158721
1228232702815391751
1228236515873976328
1228233561028718593
1228234647961665538
1228236876995104768
1228236056002101255
1228228482280243201
1228238784472416256
1228236130023133184
1228238686510170112
1228232305107320834
1228234604949078017
1228235180319506434
1228231557514575872
1228229696992579584
1228238632789504003
1228237430160945152
1228229673865236482
1228231162666971142
