1230394959951323137
1230389085841346561
1230392759720255488
1230393581187158016
1230388238734499842
1230387049540259840
1230390405772062720
1230393070841036800
1230387943518298112
1230386977104703488
1230390659380469760
1230392587737059329
1230386607410307072
1230393323635896320
1230392640102776832
1230386920443740160
1230391972889628672
1230391613697847297
1230394279899455490
1230388658080890880
1230394869673123842
1230390721225646080
1230392462767583233
1230389820586942464
1230392937252442117
1230390216634007552
