1230829474347933696
1230825228059566080
1230829193870503937
1230831665666297856
1230830002830299137
1230826618978848770
1230825114930839552
1230831053582921729
1230831126631059456
1230829365560111104
1230829638630494215
1230825900989702144
1230831237373186048
1230826252405280770
1230831416226844673
1230830404657127424
1230829925239836679
1230830620957454337
1230830018843926531
1230831603045355520
1230826523713687554
1230830913916985344
1230828543682150401
1230828262839877632
1230829788182351872
1230825580163190786
1230827225416683521
1230826893047451654
1230827592564998146
1230827174149677056
1230824836324192257
1230828407434334208
1230825341725396994
1230827511849869312
1230826914840895489
1230828299783290883
