1226244836350681088
1226237490480254977
1226242894517850112
1226237168739209216
1226242731028230147
1226243004899393537
1226248526604177417
1226241552776908800
1226246956583968768
1226245659713527808
1226242341431701505
1226246575950848000
1226237564492881922
1226244574550642689
1226237542854467592
1226243292301611011
1226236621407870977
1226241236018663424
1226244814217371652
1226234306554671105
1226235819691827202
1226244953984118785
1226237578631897090
1226244114095669248
1226242610496495617
1226235627252985858
1226247333249196032
1226240462895435776
1226242902092910593
1226246083346608129
1226237140868247552
1226242358330572800
1226241456396029955
1226238914408714243
1226239110936961024
1226246071585734657
1226247397581447171
1226240158552481794
1226234783551893505
1226237729392013313
1226239942390669313
1226248728853565443
1226244924334641152
1226244433122938885
1226235600304590848
1226238067083796486
1226239758734675968
1226244030259978241
1226245780727615489
1226236129466290176
1226246871879802880
1226246141718794247
1226235658274004998
1226245177041399808
1226242305180545025
1226247827883511811
1226239417506922496
1226239500315189249
1226238973061844993
1226243600868151296
1226237550047760395
1226244895725248512
1226242245981921280
