1233371888430116864
1233366636985491457
1233371339798515712
1233365966475710466
1233366751695515649
1233371675162443776
1233365341729771520
1233371749816897537
1233371389970829313
1233365911312248832
1233365628108623872
1233372235936784389
1233372102981488643
1233372286931083264
1233365468368560128
1233371989785620482
1233372152889577473
1233372064880504832
1233365593245523968
1233371478021701632
1233366079575076864
1233365764671000577
1233371397969399811
1233371200103075841
1233366478944112640
1233371297947770881
1233365875400593408
1233365392082513920
1233371578194264064
1233364838019190785
1233366239629783042
1233371269950820352
1233365703220060160
1233365925111443457
1233365639194169344
1233371619684503552
1233366095609913345
1233371188640067585
