1227139680887402496
1227137437995954176
1227129486262591490
1227128596935905280
1227138631019614208
1227132232701071362
1227129171517808640
1227126381554917376
1227135843019763712
1227125672054706176
1227132791717892096
1227134439186059264
1227131839862771714
1227131288324362240
1227136775153475584
1227133068957216769
1227136549697019905
1227133002615906305
1227130751822520320
1227131157126447104
1227126663227506688
1227138870266990592
1227138233764474880
1227128356862337026
1227134132758568962
1227137134856826880
1227127119680962560
1227131734699003904
1227125865667940352
1227137651649712129
1227125891966222336
1227136754928340992
1227130745925169152
1227138202768756736
1227134045399764992
1227126462022635520
1227126585163042816
1227135359303155714
1227138448999378944
1227128018465968131
1227133717002489856
1227136502930395137
1227134274362466305
1227128379595464704
1227131186247434240
1227132332706082816
1227133578624077824
1227135770735128576
1227127748914708481
1227127214472400898
1227128440215597056
1227133199894999040
1227128528845410304
1227128462961467392
1227134317811421184
1227132897896751104
1227127948668538880
1227131423204622336
1227129084481884160
