1232421756813684737
1232417006097502210
1232416900531048448
1232416305136967681
1232422605568737280
1232421628610519041
1232409964070739969
1232410459313262594
1232422538363445254
1232421698994966528
1232422059319447552
1232417184896421889
1232422376098283521
1232416571114610695
1232416766908911618
1232422710027923457
1232415678902276103
1232416091143581705
1232411179286515713
1232421999982583815
1232421870496030725
1232411238405148672
1232422088293699590
1232410834833375233
1232421799788523520
1232421502961668097
1232422484672159745
1232415848448634880
1232422526195654656
1232416734474362880
1232416520036216833
1232421639796744199
1232416728975413248
1232422511389925376
1232411061577539590
1232422370138316806
1232410504200695808
1232421872622501889
1232416572519612418
1232416547207028739
1232423099511058440
1232422444323004419
1232410236893442048
1232422522370568194
1232422688662204418
1232411008142073858
1232410561788420096
1232421720117698562
1232422726612258818
1232422782341976065
1232421699657711616
1232416636952551427
1232410318837559301
1232409953710641152
1232417077777989633
