1228259741245362177
1228264494087974912
1228264492372377601
1228265402297462785
1228264951384551424
1228272449352945665
1228257767980437504
1228265801632796672
1228270995917508608
1228268235591569408
1228263799133655042
1228259331939786752
1228270623362818048
1228263640333258752
1228267179197358082
1228268057178537990
1228269293755944961
1228257728377704450
1228270472627924997
1228257682399858688
1228261169825296384
1228268400012599297
1228271330572865536
1228262163564781568
1228260892724387841
1228268909029187584
1228266350683942912
1228261666812395521
1228269694919921664
1228266346737209344
1228259602329980928
1228260441236934661
1228258827730083840
1228259159071653888
1228262543627575296
1228272066677264385
1228266336247115776
1228270547248697345
1228269671851405313
1228272094007312384
1228260228564541442
1228268629679996928
1228261576001622016
1228267419245961217
1228257939867045889
1228264316421304321
1228269660572921856
