1229336367777353728
1229334695193784320
1229332850664710144
1229336838516678657
1229342772684963841
1229333425892577282
1229338551696941057
1229330228863995904
1229332376435806208
1229331025622253568
1229330403183529984
1229336778756251648
1229332062118850560
1229339606551867397
1229335474642280449
1229329893994795009
1229338140780838915
1229340898091159552
1229329814160596992
1229340841782571008
1229339597512904704
1229336551445934080
1229338611553853440
1229330025473662976
1229340429411221505
1229342098576547841
1229341286395572224
1229342715625631745
1229337656846405634
1229335407806046208
1229335986720497670
1229334661983358977
1229329999670501376
1229339229068464128
1229339821992292352
1229335247260700672
1229330846169124864
1229333996800221184
1229330071367716865
