1223758230150664192
1223761786312298497
1223761632691507200
1223762225007153155
1223762017737232385
1223761077953089536
1223762260990013442
1223760098675302400
1223758057307504642
1223759902411120641
1223759149529329664
1223772198743072768
1223772870225977344
1223760456768053248
1223761527217512448
1223762237673955331
1223761435425046528
1223758850286858243
1223772525680742402
1223762032031358978
1223761269892608001
1223758740215816194
1223772893726887944
1223760987628752897
1223760839867584514
1223772441916342273
1223772318293381120
1223772345325817867
1223771408888750081
1223760717569916928
1223771554804326407
1223758108985610240
1223760701648338945
1223762631586172929
1223762572975005697
1223772780954415104
1223771148443238400
1223758255454932992
1223759153463578624
1223761354642862080
1223758184751554560
1223772582018723840
1223760628143263745
1223760090320318467
1223760116484399104
