1230532519289815042
1230537042678951936
1230531489944629248
1230523087248134144
1230533633267654656
1230533606357032962
1230532057094402049
1230523629106061314
1230525640337756160
1230522883455299584
1230523428819607552
1230522761241669632
1230525416617730050
1230531293865136128
1230531506654724096
1230537369469607938
1230524731734052865
1230527897435160576
1230524820036546560
1230536033332129792
1230523438634237957
1230537149855883264
1230535981213728768
1230537113218646016
1230532632519139335
1230535709259452416
1230526752373518342
1230533995168854016
1230537583786151937
1230536272080297986
1230536645725655040
1230525212749373446
1230527293073825799
1230536984625479686
1230525912749400066
1230530586277810177
1230525330370236422
1230526587784847360
1230535923043065863
1230532024244588548
1230533299254243329
1230531396894109697
1230522513488171008
1230537414923497472
1230535362281431042
1230533334268166144
1230525775557939201
1230522719051173889
1230529929550409728
1230535223861030912
1230531523021090816
1230525224854020096
1230525864061874176
1230535639185051649
1230534766589427712
1230536248001015808
