1226371302711123968
1226380526937944064
1226379090346860549
1226382107154374657
1226381729809797120
1226374598750593025
1226371348118720512
1226380302928367616
1226374236752662528
1226371560887341056
1226378059747487747
1226382138850693121
1226377547018948610
1226373084120117255
1226374620556611584
1226378231831547904
1226378071273607168
1226370624743931905
1226378047789469696
1226382558457257984
1226374584347193344
1226378511465603073
1226374349961256961
1226376917965627392
1226378987481358337
1226370783519236096
1226373493001879552
1226370939215958017
1226377217984225280
1226378710720372737
1226377821007695873
1226371653581647872
1226372235365175297
1226373142156701696
1226370183268306945
1226381190187249664
1226382312633335808
1226376495574274048
1226372473882431490
1226376353106128898
1226373330413899776
1226380392799715328
1226380749349191681
1226373446390579200
1226379079294898176
1226375529340649472
1226378505228779520
1226377187072212994
1226374052639641606
1226374730300588032
1226380270372298752
1226372228515876864
1226376423289438208
1226372007241146369
1226375284196364288
