1231951738770378752
1231943786722451459
1231951683598585858
1231950407070515207
1231943465849774081
1231944003102396416
1231943258567331841
1231942262533369856
1231951464270114816
1231950080363466754
1231951197566885889
1231942329445109761
1231949980769845249
1231943030472495104
1231950145421553664
1231944320065908739
1231952037685841920
1231951398780252161
1231952018949861376
1231951954722447363
1231942682576072707
1231949946779095040
1231950549626437639
1231950256411037696
1231944457819480064
1231951004247171073
1231943033081348096
1231950527031697408
1231951831850528768
1231944080352935936
1231942401238978560
1231951601612529664
1231951898971758594
1231950562591215617
1231943586540871680
1231949991587045392
1231951062757625856
1231943535068418048
1231951865182593024
1231950836634443776
1231951375371841536
1231942559351672832
1231943995833507840
1231942410634051585
1231952158133612544
1231950671403868161
1231943104887836673
1231942474702163969
