1229528171369967616
1229540019372609536
1229531812575285249
1229533440648916992
1229531202974957573
1229533799773433857
1229534458228789249
1229530913652035587
1229527483692638208
1229540576254742530
1229533121252646912
1229536408831959040
1229535451851231232
1229531391819382785
1229531957593280514
1229529306675720192
1229535677202735104
1229540775874224139
1229532298887872512
1229532996308475905
1229537387899949057
1229537626677444608
1229535744491913216
1229534461164953602
1229531806623354880
1229526492780126214
1229527809816776704
1229534885976715265
1229540886221967360
1229540509770711042
1229526631103987717
1229538411461185539
1229529462271881220
1229538638603718657
1229526552137826304
1229534877877297152
1229539072772837376
1229530975362670594
1229526286881742856
1229525931477413888
1229533831956488193
1229531777552785409
1229534294630002688
1229532736093745153
1229535599473778688
1229534965630722048
1229530566099423232
1229532865571872770
1229532806633656325
1229535656101187591
1229539523194957826
1229540242228682752
1229536306549661699
