1227356227832885248
1227358900627832832
1227360856876257281
1227362613895614464
1227354374076235776
1227362269954215936
1227352074289078273
1227364036934684672
1227361411652866049
1227362259976048641
1227358187222859777
1227355072314503168
1227362240929685505
1227356387807813643
1227366053648486401
1227364160775819267
1227358290092359680
1227361601621299202
1227365474419257350
1227357107986599937
1227363209402834944
1227361055711596545
1227356884421705728
1227357338895552512
1227363499031973888
1227354422184775680
1227359387330764800
1227358605558587393
1227359182157942784
1227353851222724616
1227355133576544256
1227366607363559424
1227362756149383168
1227361541164498945
1227358444090425344
1227365957406003201
1227361624610177025
1227352579769679874
1227353839902261248
1227353224245587969
1227363118944309248
1227358135876120576
1227364561575010304
1227356923160227841
1227357442666848257
1227359476174422017
1227355019772616706
1227363979196030977
1227355421737877505
1227366521611149313
1227354014280486914
1227353326875893761
1227355227399086080
1227354708718891014
1227351619269992450
1227363067115134977
1227352296025030656
1227355820431749120
1227365758080077824
1227361140985843712
1227354759100657664
1227356403641278466
1227364575659659265
1227359650598858753
1227360279677358081
1227352220498374657
1227357324253257728
1227363041022562304
1227354247114547200
1227356554057277441
