1224781295336558592
1224775286945910785
1224774966484307968
1224780549723738114
1224779909459075072
1224777654236143616
1224781477021351936
1224774869339926528
1224781264147943430
1224776826515423233
1224781146573111298
1224781308603314177
1224775594338066434
1224777441433927680
1224779917814108161
1224779388606205953
1224776774682398720
1224778630930358280
1224777206057975808
1224778572273004547
1224776975828639744
1224781633565290498
1224777445095530497
1224777314627674113
1224776881456676866
1224781858770161665
1224782085250043906
1224780279283441664
1224778226641383427
1224779568294367233
1224781835433062400
1224778400742739968
1224780488289783809
1224776979846701058
1224779542436503553
1224778976675143683
1224778914234544128
1224779888135036928
1224779109072625665
1224782689733136391
1224780606569009152
1224779853154533376
1224774822435180544
1224778555483049984
