1228352571561082886
1228351113818034178
1228352258556952577
1228352259538477056
1228352405114359808
1228351466651312128
1228349770810433536
1228353853185314817
1228352735885565955
1228353479241953280
1228352224612376576
1228349170630692866
1228353581952249856
1228352243692257280
1228353356596297728
1228350573482840069
1228350709671878662
1228350272486825985
1228349232089882626
1228350408440958976
1228348579934298115
1228353027423080448
1228348182557532160
1228353543704326145
1228350449457086465
1228352377146822656
1228353754795253760
