1227882834397818880
1227894406503706631
1227890290847076352
1227881404416946177
1227894675975090177
1227887859513753601
1227880359263690753
1227885652664049665
1227880395548454912
1227883004997120004
1227889322923261952
1227884007108431872
1227886902591680512
1227892083572297732
1227894747613691904
1227890865911324672
1227883696272891904
1227883493830594562
1227880805776666624
1227891920501956608
1227886947563114501
1227887907584692224
1227886848585846785
1227892227109801984
1227883423508942848
1227888587988799488
1227888767551332352
1227892503967387648
1227880185682247681
1227889742286594048
1227894427374571522
1227893346103894016
1227894291713806338
1227881506124812288
1227881185310846977
1227892716488445952
1227883767055953920
1227894057097019393
1227887187334533120
1227889956967727104
1227885203408007169
1227888795812392960
1227884999631867904
1227894706723409922
1227880603359596544
1227885169220235264
1227891370540642304
1227893529206280192
1227894300815560705
1227881561737121792
1227880167458164736
1227890986908434433
1227884319412277251
1227894100466290688
1227891067804098561
1227890610528382976
1227880389869522944
1227882175766261761
