1230871996399001602
1230870208480497666
1230871994125750272
1230870465255702530
1230875655883063296
1230876154715725825
1230873521808691206
1230876460606357506
1230873469761359872
1230875032227725313
1230884520263639040
1230876165780324352
1230873591559938048
1230870937790296066
1230871006090268679
1230871438543982598
1230870886678454274
1230870289816354818
1230872738161659907
1230872388616716299
1230875048921227265
1230876216640471041
1230870767341985794
1230873721826631680
1230870542359515136
1230871237775253504
1230870165375639554
1230875545002545154
1230871300891193344
1230870467092918273
1230874739767468033
1230874917328936960
1230875556658499584
1230871725220532225
1230873626557190146
1230873135978815490
1230884616631980032
1230873090575323137
1230873192534880256
1230875136137551872
