1226326089070329856
1226326135996178434
1226327820521164800
1226327154138288128
1226328364790599680
1226325496360656897
1226328861308309505
1226325786300469248
1226325969486655488
1226328270271959045
1226327331737874434
1226339847104679938
1226339904088571904
1226327399131860992
1226328928203096064
1226325567256977408
1226339691252920321
1226325439309697024
1226326957865914368
1226326197820444672
1226326163456438273
1226325662387949569
1226325115333304320
1226328412781981702
1226325368749150209
1226324886915878912
