1224978280274546688
1224977094121271297
1224980534226350080
1224979340607283200
1224978079250030592
1224979159585378304
1224980409890545664
1224973984812453889
1224975079949336576
1224975610218307586
1224977543373172736
1224980671447228416
1224973370069897218
1224974367743934465
1224977033681195008
1224977890342772737
1224979470404030466
1224976803342602240
1224980602333495296
1224977401555247110
1224978837601161217
1224979435608141824
1224972797589540864
1224976945655377921
1224974905319526400
1224976433283387393
1224978326466547714
1224973159016865793
1224979340179406852
1224975806843117570
1224972686285164544
1224978976432480256
1224975129458987008
1224980955372367873
1224973189224095745
1224976852550242304
1224979890845274112
1224976146980319233
