1230787020554932224
1230786010746773507
1230786889797398529
1230785732995928064
1230792794798559232
1230790076373721088
1230790544978145281
1230784081413079041
1230783262940901376
1230789695476576257
1230788971036205056
1230780424177188864
1230790767041486848
1230790849518342144
1230784380601110530
1230783010695307270
1230791940813344768
1230789867342192640
1230790613227819009
1230791688244912128
1230794071058178049
1230780044630351873
1230792876503654401
1230786922446032898
1230793762885881857
1230787890340188160
1230787521333739521
1230792695678935041
1230788556303540224
1230785300437360641
1230787647305420800
1230782517323563008
1230782319306379271
1230785854374846465
1230780545715638273
1230782352730685440
1230791713687560194
1230787004146864128
1230788589249712128
1230782958266654720
1230786576617177088
1230791189378416640
1230792422365552640
1230783054332825600
1230784538176942081
1230783852802531328
1230781895274713088
1230786074282053633
1230783243156361217
1230790597889314816
1230791802359205889
1230789494980218880
1230783877192437761
1230779396492943361
