1231820373773168640
1231820930504122368
1231815344324567045
1231817078065135617
1231818251417653248
1231817222806556672
1231814894414004225
1231820421810360320
1231817522078314496
1231815304411377668
1231815298400915458
1231817763116720128
1231817024294342656
1231819317932486656
1231818128067305472
1231817118372462592
1231818263614586880
1231817850567958528
1231814751795269633
1231819695277387776
1231814574929780736
1231814454972579842
1231817419045273600
1231815756515553280
1231816235463000064
1231818828251746304
1231816971336839171
1231816005950812160
1231818123621392385
1231820298988724230
1231820188724580353
1231817292029272065
1231819729989488640
1231815687263252482
1231817617285009408
1231820311777173505
