1230125916308824065
1230126904201666560
1230124022035169281
1230119845305311232
1230122299635924992
1230126074312265728
1230126326880899072
1230124015987154944
1230120516926742528
1230125830510194688
1230126640325283841
1230122323807735808
1230122887375474688
1230124232417456128
1230124019615240192
1230122621200547848
1230124194270040065
1230123390171779074
1230125799791120384
1230123970269069314
1230127121432903680
1230125221358620672
1230124869746077696
1230120188793614337
1230120648766304256
1230120809508823041
1230123593708687360
1230123470345793536
1230121418450505728
1230119715957166082
1230123388745609217
1230120200667836417
1230121785485479938
1230120806958501888
1230126658494976001
1230123316507291648
1230121325047566336
1230122478091096064
1230124021632520193
1230122763865722881
