1227457860503818240
1227471769214345226
1227469035358560257
1227460446002786304
1227463751034601472
1227466550367719424
1227471061903642624
1227462406110089222
1227461438911979521
1227465221033332736
1227457476733349894
1227460623602200576
1227458535358959617
1227467522846416896
1227461804768612368
1227459511386071042
1227469385851441154
1227464120217284609
1227458570771451905
1227469527509807105
1227471302576963584
1227468546411835392
1227471727275454465
1227462284278104064
1227471166484381698
1227458297965563905
1227467098756128769
1227470883964538880
1227463331805630466
1227469374212235266
1227457528935612416
1227466379391111168
1227460497236201474
1227469096176046081
1227460470812135431
1227463799764070402
1227458856927846404
1227470245981540352
1227466534810988544
1227461758748635140
1227462501387948034
1227464016769011712
1227458505046663171
1227467326234284033
1227464102945214464
1227464885686145026
1227464696728555520
1227465414306869248
1227469302149910528
1227458530631917569
1227471011613986817
1227464928904253440
1227462171552047111
1227459720962768901
1227471697479184384
