1227779624412893184
1227785195371278338
1227785176123498497
1227777165502140418
1227779461031981056
1227783543478259714
1227780067184365568
1227774473299906560
1227785386878857216
1227784814612271105
1227784328886681600
1227783840669802496
1227782863111589888
1227782991155322880
1227776017864904704
1227782169591984129
1227782395237023746
1227779073109184512
1227780757952831489
1227775936860434432
1227775721629798401
1227775944003182592
1227781149428051968
1227783130523693056
1227783411009572864
1227777593610526720
1227775473943339008
1227776149016731648
1227781946987679744
1227774520465002496
1227781375819907072
1227784136091242496
1227784982439043072
1227776919405551617
1227774439770583040
1227774507215204352
1227778049351077889
1227781861302095878
1227784936712785922
1227777604058525696
1227781049045934080
1227774933767524355
1227775887338242049
1227776322362953728
1227780646371758080
1227774999160688640
1227781202918203392
1227779442585538562
1227785706929393665
1227779236494106625
1227779284263165953
1227775762020700160
