1233447545944150016
1233443895939338243
1233436816344305665
1233448397367074816
1233448204420734977
1233442109765517312
1233448904454098945
1233448439423389697
1233442117789159424
1233448879397515266
1233442365316026368
1233441761428672513
1233447894541316101
1233443099973734400
1233448623725334528
1233442889868414976
1233448820769349632
1233443015722663936
1233442415299760128
1233442214874951687
1233448392438767616
1233448883537227777
1233437085488623617
1233448208753451010
1233448077467561986
1233447876686221315
1233448183516164097
1233442273020477441
1233442793403617280
1233447952720502786
1233447890078572545
1233449063430971398
1233441882702782464
1233442265156202504
1233443136346738690
1233449001464344577
1233447654622978048
1233447784281518080
1233441769301385216
1233436958078242819
1233441681472544768
1233448539281350656
1233448417864617984
1233442101624496128
1233449076349427712
1233442138643484679
