1233825474796756994
1233829062004617222
1233829005373001728
1233827750760370179
1233822669251862528
1233825599623434241
1233824921320599554
1233825784407584769
1233818370732175361
1233826169151049728
1233819964638777345
1233822169416830976
1233823623481151488
1233819060300926978
1233828841426227206
1233819916140236807
1233821361782640642
1233820540583993345
1233818526277754880
1233823908186513409
1233823076523159552
1233828215577178112
1233822180028211200
1233816162351403011
1233825942574968832
1233819207130910720
1233825487216087041
1233815986173706241
1233823664933658628
1233818471798124544
1233824457078247426
1233826849945309184
1233822189981446144
1233825263038992392
1233825811012235264
1233828467797413888
1233817413465956352
1233829215302123521
1233816043153285120
1233821422046371849
1233825063897620481
1233816461958950913
1233823129023152133
1233827011413626880
1233823453473468416
1233824549969547264
1233817880329957376
1233828111621525505
1233827775183609857
1233827329459326979
1233821864889372674
1233823246467756032
1233818521404092416
1233823518329978880
1233816435379572742
1233820736072093696
1233815035178356737
1233818801055109120
1233824231865176067
1233827648679211010
1233828918886453249
1233818058503938055
1233828440006176768
1233820349646524416
1233817135249592320
1233829014306820096
1233824468130091008
1233816656679522304
1233815048235122688
1233824130761314304
1233816962192617473
1233825277991641089
1233824181420208134
1233824463747244034
1233817587773050881
1233821317352304641
1233821652770676736
1233825020310425603
1233814221466619904
1233826823257149440
1233826936885071873
1233818008017162240
1233815060104876033
1233818339530530818
1233822951931293696
1233814647867924485
1233821739341221888
1233823192520822785
1233828769036525568
1233824277662662656
1233821292245245956
1233827166867070981
1233827806490001416
1233819825916563456
1233826134418214913
1233816621866717186
1233826430523494402
1233817720115757057
1233819103862960129
1233829242636554240
1233819484949032960
1233823057711521792
1233816892017606658
1233824648720244743
1233816593790009347
1233825145958985733
1233817963565764610
1233824541438304257
1233828664640516096
1233823463623790592
1233823558729707523
1233823284950700032
1233822139557396480
1233822134121615360
1233822571424100352
1233823396552695816
1233821659087413249
1233815351730802694
1233825236090572800
1233815905802559489
1233820389228371968
1233818493604319239
1233819086322315264
1233820599929188352
1233818230088749058
1233814342249910272
1233821671330648064
1233820299302522881
1233828667324870658
1233818446992936961
1233825084181106688
1233826515441184768
1233823331700310016
1233815139863945217
1233819666461556736
1233821978567434240
1233817083193872384
1233818288259502080
1233825324896587778
1233824579228983297
1233825027872542720
1233817724347916288
1233825534196559872
1233820781848735744
1233818818331500544
1233818720453173248
1233820021350158336
1233823831225139200
1233825628010491908
1233815768577515521
1233826279788548096
1233818582301188096
1233824506810183681
1233824609671077888
1233814491110002690
1233820362460344320
1233821514891325440
1233828419974127616
1233823413350928385
1233823575863328770
1233821650560438272
1233815597143744514
1233817659675947008
1233820494907899907
1233824554415468544
1233823975731535880
1233818183380828162
1233822385175961600
1233815997523615749
1233828692528418818
1233822669969059840
1233825704132911105
1233826942941618176
1233821248238563328
1233818438491148289
1233818423106236416
1233818326939373569
1233820122806181894
1233819354309038083
1233821073516433412
1233821875895058432
1233814552766078976
1233819453563035654
1233821117233668097
1233824291390517248
1233816155866849280
1233824697462247424
1233815283086897156
1233828336213753856
1233816665177100288
1233824815024345088
1233820346819784706
1233820701561323522
1233824560753053697
1233827119374962689
1233816268362469376
1233823665101443072
1233826505953861632
1233814339179642881
1233827122994610176
1233823656377122816
1233820341052542978
1233824849828515841
1233818660667478018
1233823459651788800
1233817118233243650
1233827722960556032
1233821278538096641
1233824889263534082
1233823640367620096
1233814997366493184
1233824512648634370
1233818574495440896
1233823166654550021
1233822409494532096
1233819989355958278
