1230775501184090112
1230768160908800006
1230766078936006657
1230770326906134529
1230776985674297344
1230770947805728771
1230774029306359812
1230772932235816960
1230767128145358850
1230770440747905024
1230768193364348929
1230771818471886848
1230766255977594880
1230774622267666433
1230768279188148227
1230774745689231360
1230770629441286150
1230766310184771586
1230773770677149697
1230766318900527106
1230766065283584000
1230768068021776385
1230777794222870528
1230767817038786562
1230773823194009602
1230776580139560960
1230766307865284611
1230771131591745537
1230771538992910336
1230775352290467841
1230766896670068737
1230775063487696896
1230766021620858880
1230766390056910849
1230772038635114498
1230772804896739328
1230770411270365184
1230766681036750853
1230772377618747393
1230778266774048769
1230774517858885632
1230777218697220096
1230776432772517890
1230776075153633280
1230778442154725376
1230777998934069249
1230769656740270082
1230772710231306240
1230774095668641792
1230776014218752002
1230772969208573955
1230774072486682625
1230766908829421568
1230770661808693249
1230772009988026368
