1232398270028242947
1232397892381396992
1232409882772504577
1232404912224403456
1232398047235182597
1232403362865459200
1232403399641051136
1232403931130671104
1232409900795322368
1232403550459834371
1232397447164502018
1232403521032638465
1232397938061692933
1232409581642559488
1232397240867659776
1232397099137892358
1232403625290293249
1232397310144937986
1232409650622062598
1232397896324124672
1232398136779386881
1232397753608589312
1232404161641140224
1232397652937125889
1232397543327379457
1232398176688078850
1232403415675940874
1232398796992192512
1232397883275726850
1232398823798034432
1232397128502251522
1232397085414215682
1232404363244687360
1232397774689271815
1232403696765603840
1232398197269594116
1232404937776209920
1232398344594579456
1232403385242079234
1232404721010434049
1232405014821457922
1232404712449814528
1232403918828834817
1232398789115305984
1232403646719111170
1232403471112065024
1232404795207499777
1232404884177199110
