1226836014850887680
1226830835749392384
1226837534069678080
1226830069319884800
1226827594932375553
1226828218943991808
1226831651302453248
1226829317990223872
1226836813869993984
1226827268003160065
1226824334855065605
1226832584694542336
1226836094077095937
1226827256997261313
1226827261086707713
1226832315910848513
1226824522633969665
1226831358074314752
1226826541415325699
1226833815970156544
1226831377787686913
1226835184739287040
1226833617042595840
1226835330428354560
1226834432138440705
1226832351428300801
1226832191277162496
1226827150185160706
1226833332404736000
1226832367144357889
1226832807328124929
1226823542727004163
1226825368293736448
1226826600890720256
1226825243072688128
1226829543715090433
1226823317501468672
1226830073640181761
1226838015739342849
1226826880004710406
1226832618114736128
1226828579264221185
1226831330199166982
1226837438779183104
1226830645336297472
1226830456777142272
1226836863828148224
1226831377980678144
1226833024110735361
1226832245018619905
1226826351086166017
1226834424131657728
1226824201539067905
1226836207805530112
1226835715100557312
1226827373116416001
1226826493868859393
1226837830812368897
1226826014010929163
1226826701797298178
1226832120171110400
1226828039331422208
1226826550848434176
1226836339573841920
1226830595633758210
1226834905872551938
1226824000166354945
1226831366580391936
1226829934263513088
1226836049571262464
