1227532987350151169
1227534863747567616
1227538980545159168
1227539341112569857
1227538806989107200
1227534439405641729
1227536677566124032
1227541453787815936
1227537148171235328
1227532816935604224
1227540473386016769
1227540220553420802
1227540265801379840
1227538087884009472
1227534140884619264
1227541849537044482
1227540716282433536
1227537158266916865
1227533504184909825
1227536178317946882
1227538063124942849
1227536293976006657
1227535684946120705
1227539579017793536
1227537668512157697
1227536362301202433
1227539834144804864
1227533021202518016
1227540149111795712
1227540862298677248
1227533633663225856
1227532933688430593
1227539722160881664
1227539385899372544
1227539665584041985
1227537584651243520
