1228142974199926784
1228142390248189952
1228142464780750848
1228138675034189824
1228145712145276930
1228140986376900608
1228145288503754754
1228141629954854912
1228150638313398272
1228142126937960448
1228139149703761920
1228147849625403392
1228140301430059008
1228148734569144322
1228145141652701184
1228143017997033473
1228140531177443329
1228139005763518465
1228147055509561350
1228137554844635137
1228137167668613120
1228141277675282432
1228137298782490625
1228142416617709568
1228146358722363392
1228141221329154048
1228146873770184705
1228145773461876737
1228145257243537408
1228138563339837440
1228143058157367296
1228137915936624641
1228142755227914240
1228138966702010368
1228141872092192768
1228150279788318721
1228142854171693056
1228141875502161920
1228144331850211328
1228146459607883776
1228147695459520512
1228150906333663234
1228150831007985665
1228137824555134977
1228147910002372608
1228139074600521728
1228143272775712769
1228144879223525376
1228140379687526400
1228142283410690049
1228150325397213184
1228140218064211968
1228146690940497920
