1229862743253114886
1229870862070943749
1229866649077112833
1229862204255559680
1229858293767639044
1229869265043386369
1229864960555200512
1229871271363719168
1229872701784895490
1229871350606487552
1229867487400951814
1229858495199141889
1229869026211508228
1229872386482196480
1229869312783060994
1229861720727752704
1229859205609377797
1229867691768307712
1229866186302803968
1229870328727396357
1229859874814644224
1229870066004643840
1229870409471942657
1229866903922868224
1229862974891921410
1229865334812762112
1229858491977863170
1229858195197321216
1229870653815369735
1229863506138337288
1229858916642820097
1229863849580470272
1229858225467674624
1229865130021785601
1229868326924509187
1229872573107834885
1229862117186076677
1229872250037379073
1229864529233727488
1229866287733473280
1229869446711447553
1229867544204447744
1229860356899692546
1229858282082381825
1229870820794806273
1229862166150438913
1229859607645806592
1229863111919906816
1229868211522490368
1229860087654748161
1229859955186061313
1229861317328199680
1229868516582608896
1229870358305660929
1229865694789033986
