1230493356205072385
1230501284035297282
1230501523395756033
1230492299143999488
1230501150882979841
1230494159150043136
1230495427969060867
1230493722699153414
1230503194851184641
1230499398037041152
1230500730198319104
1230495736384688128
1230493548799287296
1230496941529690112
1230502069359927297
1230506666761822209
1230503070389370880
1230505485419323393
1230494761175351297
1230493096976306182
1230494384711299072
1230496394567454721
1230507303486377984
1230492437308555265
1230492957888806917
1230494029629911040
1230506957619879937
1230497928227119105
1230502616632709120
1230505780836589568
1230493093805219840
1230503067075805189
1230499155958738946
1230495467752034305
1230502589881606144
1230498977361092608
1230494815789473792
1230498871585001472
1230494255069700097
1230504992303276033
1230504737981620225
1230496603884134401
1230506329397219330
1230497902893494273
1230495100813348864
1230501331691036672
1230507386223448064
1230492317590544384
1230505464409911301
1230499489837801473
1230504292534161408
1230504136829001728
1230492298494062592
1230505809290899457
1230500082614665221
1230504938083692555
1230503215579484165
1230499251375005698
1230503350497472513
1230502431307567105
