1232544288426217472
1232544216019922945
1232543562530607104
1232536127581622273
1232537365735866368
1232537913197355008
1232537270000979968
1232543956593864704
1232537161175568384
1232536908473028610
1232536703015014400
1232536846594383872
1232537588780732416
1232543489029791744
1232537828422275073
1232543501046300674
1232544792174899202
1232543746698498049
1232544230079250432
1232544696985169920
1232537134562672641
1232536196909236224
1232536738083594240
1232537394890428416
1232545197940203520
1232537556161527809
1232537448900648960
1232543732823658497
1232537057219637250
1232536438622822400
1232537441875087360
1232530931069546496
1232545112900734978
1232537639116345346
1232537310689779712
1232537584590577664
1232543926814298112
1232544024654827521
1232544434685906944
1232536289494200321
1232536582663614465
1232536620261310464
1232545178965217280
1232543783969001473
1232536100813467648
