1224760753758052358
1224763798386544644
1224758667150594059
1224758820964065283
1224763182633357315
1224757994786676737
1224755706257190913
1224760977998172168
1224759358032093186
1224762082366644224
1224757800754143241
1224763020183818241
1224761828028362754
1224756825788223488
1224758794506256385
1224757205687316486
1224759707019202562
1224762407056297986
1224764098157645824
1224762529181773825
1224763666920169472
1224757113374855168
1224757371005808641
1224760322252210178
1224762303272251392
1224762746127966209
1224757072530636800
1224764014896582657
1224762634010009600
1224762499301441537
1224762578192105474
1224754873096462339
1224760408566726656
1224758054664560641
1224763010318655488
1224756212413001728
1224760568512491520
1224761208710029313
1224758456965529604
1224762761848205312
1224759365896429570
1224760832426274816
1224758018836963331
1224763305383866368
1224756950870548480
1224759230869262342
1224762398038544384
1224758574649430016
1224761509684875265
1224764295172390912
1224762945315508225
1224760598275219456
1224762011046875136
1224760693578137601
1224757789119172609
1224758799870894081
