1227080738131988481
1227088839895764992
1227091793570881543
1227090250985398272
1227083713432809472
1227083277539823617
1227093340698464257
1227089026055909376
1227083660764909568
1227094465594048512
1227089500448395264
1227089945048731648
1227081782669041664
1227087538126499840
1227088830475300864
1227089174752157698
1227082443628240896
1227086393379348482
1227086568629760000
1227083128331620352
1227090209654919169
1227090681639919622
1227087042540007426
1227091040613609473
1227085230323798016
1227080635090710528
1227091707855962112
1227082391241609216
1227082750596829184
1227088530398072833
1227093032496852992
1227082146847895552
1227088284993671169
1227090846874361857
1227084561672212481
1227088871407706112
1227087151977754625
1227083321479270400
1227080921704087552
1227080770570899456
1227092153157013504
1227089242624581632
1227083182907912193
1227091950987350016
1227082315903438849
1227085799742529536
1227090951534936064
1227080054028423168
1227094101998260226
1227084171656470529
1227091488011702272
1227089438913843200
1227081035583807491
1227083775697227776
1227086499289526272
1227093438304223232
1227090637574545414
1227090880386850819
1227082819538567169
1227083406720237570
1227082124097921024
1227085448641597440
1227091844707778560
1227088338898821120
1227079813292126208
1227085464655540224
1227083626883346432
1227094596582363136
1227084540146905088
