1230422933681491970
1230430235532890112
1230428403813060609
1230431585398349826
1230428519060033537
1230428185059303424
1230424844082262016
1230428679047536642
1230428677092995078
1230423513095385088
1230423991774568450
1230427645248262145
1230425806557544448
1230417938072489986
1230426709326872576
1230431156673359874
1230429206452019202
1230424225514573825
1230427456546463745
1230430013289140224
1230421847079964672
1230417774658322441
1230419372595990533
1230418932101566464
1230422927331360768
1230424681796308994
1230424910662471680
1230425843287166977
1230419955742429184
1230426018684358657
1230418510142042112
1230423767890960385
1230430800132399104
1230419535557165057
1230428602833022976
1230424657964171264
1230431563155988480
1230431569870905344
1230422070397259776
1230429273183465472
1230423830444666881
1230429153444319232
1230419942224228354
1230424168853839877
1230427378788077568
1230431879695863808
1230420137242529792
1230420699732488193
1230417000410886144
1230417898801254400
1230428337178198018
1230419528615702528
1230430808109920256
1230428293096202240
1230428142025744384
1230419664397725697
