1229169643719462915
1229169266471075840
1229176561414393859
1229172591920738304
1229173010281717760
1229178301505265665
1229175844725305346
1229172046602489861
1229178597472178176
1229177603204034560
1229177265768083457
1229173834345041921
1229173254822088706
1229166167660646401
1229164634051051521
1229168876375678978
1229174625822621696
1229170496090103811
1229166909335183360
1229171417952006144
1229176978152001542
1229171308509958144
1229164774442881024
1229164794000879616
1229166602127659008
1229166511014674433
1229167385581674503
1229164801504530435
1229174959987052544
1229177826429022209
1229176452618145792
1229176401376501761
1229165657649926144
1229172819998707714
1229170550318227457
1229167821223055366
1229174496990498816
1229171490043637760
1229173033429942272
1229163658329985024
1229166638848565248
1229165795260891136
1229164420351299585
1229165788843606017
1229174788817444865
1229168543650009090
1229171447442157570
1229172744388055041
1229164812011102210
1229168911343640583
1229176545249517568
1229173641411284992
1229171738522652673
