1232772618488614918
1232772660582633472
1232778935252860928
1232783767045058561
1232777852644401153
1232783725261443080
1232777785971703808
1232784217186197507
1232778851601698818
1232778403499184129
1232772867487608833
1232784803021324289
1232784023488954370
1232778272552910848
1232783275942244354
1232772828065222658
1232779019050840064
1232783600849801216
1232778654863777793
1232773084240805891
1232784642031456263
1232777451639410688
1232772941248634880
1232777794670645248
1232783943650418695
1232772400502190080
1232777454286143489
1232777513438453760
1232784620783009792
1232777551380123648
1232783503802224641
1232778809587486722
1232773016842620930
1232784598662291461
1232784350170767360
1232783951799996421
1232778091874934790
1232778713248534530
1232784439819808771
1232772354830368768
1232784614810361861
1232778655882809345
1232783838696427520
1232778385484476416
1232784589615194124
1232783375003463680
1232783692554285067
1232778845293621248
1232784472132636672
