1232832241618882561
1232820258819526657
1232825556158337024
1232826398508830722
1232819872540831744
1232825429234315265
1232826092794155008
1232819925825265666
1232832397202329600
1232826046854004736
1232826452539838464
1232826070539227138
1232825684856385538
1232825711947370496
1232826490397626370
1232819687773392896
1232831277595811842
1232831709273579520
1232826490179522563
1232825890343735296
1232832417829916672
1232825999735259137
1232831780606095361
1232825525275627520
1232826490590498826
1232831247958847488
1232826382498975744
1232819990098780161
1232826806350336000
1232831657897611264
1232819415076327424
1232821005158166528
1232820825125986308
1232820920517111810
1232820203882287104
1232819833676423175
1232832669819555841
1232831411289120768
1232832019744337921
1232831454326837251
1232819549914959878
1232819951049879554
1232826235908128775
1232820539842007040
1232820342541946882
1232819980057505792
1232825856977821696
1232819473180188674
1232820102854258688
1232825974212976641
1232820723942592512
1232831938416775168
1232826452430729217
1232832089181106176
1232831901586640898
1232820697728245760
1232825559006109696
1232832035594493953
