1231075505266462728
1231074688123555841
1231066771135664128
1231075452132974593
1231073427219288072
1231067439623897088
1231071171891941376
1231076001016270848
1231071112496214018
1231073756165988354
1231073278724386816
1231075939532124160
1231066257421549568
1231075441970237445
1231072697477521409
1231068444377800704
1231070847701540864
1231067826883977216
1231072745028538369
1231069518673268737
1231071309544620032
1231070287694688257
1231066547801796608
1231072334032855040
1231069659337613312
1231071236958150656
1231069961306677250
1231074377032224770
1231068513046937600
1231067981246947328
1231071002345398277
1231072661889060865
1231066665464532992
1231073796720865281
1231074043157082112
1231073990505984001
1231070285136322560
1231075105993830400
