1232157823775191040
1232166780505751553
1232158558373867522
1232158536911556608
1232167346841649152
1232158131859230720
1232158555903537152
1232158116386656257
1232167591361204224
1232157324997021697
1232167285210701824
1232166009592659970
1232158289699360769
1232157126165819392
1232167194437419009
1232167570255622145
1232158697666662401
1232166906024480768
1232158449376485377
1232166280146440192
1232157255304388608
1232165788741701633
1232166367123714048
1232165323979120641
1232166599836102656
1232165834363228160
1232166552482590721
1232157592492937217
1232167520527880192
1232157141328261121
1232166924512940032
1232158678574338048
1232157134118195200
1232165619321098240
1232156796401438721
1232157211045978114
1232158740482146305
1232156855683702786
1232158218769453056
1232156989813411848
1232158217632768001
1232165477486432258
1232166922172526592
1232158788641148928
1232167706532536320
