1224047055007625216
1224051182009835520
1224049309097910273
1224048608040890369
1224048632191520768
1224051575989075970
1224048693143318529
1224050533444530178
1224059556239532032
1224047492670656512
1224047205738262528
1224049269440569346
1224050009856933889
1224048594501562368
1224048162480054275
1224048384757108736
1224049466073866241
1224050045915410432
1224059469941751809
1224047451583275015
1224059406783934464
1224050797870075904
1224050058720575494
1224046893715599361
1224050850680668166
1224048874140184576
1224046641398894593
1224046846991126531
1224050113984827399
1224050174449922049
1224047965465128966
1224047621779619841
1224049895717380097
1224048724726308865
1224049454405312512
1224049178508169219
1224048541624143872
1224059741661548544
1224047309425606659
1224047131608088579
1224051139198488576
1224049280932970497
1224059883881811968
