1229230626039050241
1229310807017754624
1229194864840962048
1229432052874989575
1229412861224591361
1229281736158105601
1229488979503964161
1229403402372702209
1229539282374856707
1229402708404252674
1229278299618148354
1229284503480197122
1229248617602523136
1229375689046052866
1229203317395296257
1229255649059581953
1229225407377018880
1229232649593610240
1229245092109672449
1229366930722689026
1229383979670786049
1229312642646335493
1229197544296595456
1229326003119345664
1229263748717850624
1229240411585159169
1229292603050356736
1229324743310008321
1229291546551304193
1229366242697412608
1229256179613929472
1229413561669021696
1229472042183012359
1229202044440854528
1229446338267504642
1229375868096610304
1229515172986798081
1229440481085489153
1229200917972635648
1229223428647006208
1229491232977694721
1229331414388113408
1229411555764207616
1229476059768180736
1229429017582985217
1229533505454886912
1229401723963199488
1229449146806894592
1229416824011358209
1229223790095355904
1229429671063781378
1229541977831534592
1229272523642212353
1229386853448667138
1229483262768082944
1229224411074449409
1229340213014618113
1229450868631539716
1229327351458058241
1229413157216624642
1229202382937968640
1229385992970342400
1229232658925981697
1229372536896524289
1229444142779863045
1229489373462351874
1229313462666440705
1229331011890274304
1229195056147357696
1229301070062587905
1229238222196068352
1229505553703088128
1229260222453207041
1229401134558781440
1229388095486922752
1229255900969472000
1229415717998669827
1229221778615984128
1229288045616041984
1229231519719448585
1229400865276125184
1229507163204325379
1229543730274799616
1229454078675210240
1229518801135378435
1229536696003420161
1229363982458331136
1229436623785537538
1229536697244844033
1229533490225397760
1229377411206328321
1229414077027487744
1229307365524230145
1229310183240806400
1229502407605915648
1229198426581028864
1229446207728226304
1229542129409486848
1229409907306356737
1229379652101136386
1229369545988562945
1229530209684082688
1229372122297970689
1229470450360692736
1229283629429411840
1229500089212776448
1229226904382689280
1229482496800251904
1229379922667413504
1229368685195931649
1229431967336169472
1229477014727299073
1229341798641745920
1229364204752105472
1229299483642650624
1229432360309084160
1229271009099829249
1229221952012922881
1229340421823725568
1229507686871384064
1229245029815767040
1229481573063495680
1229541140187303937
1229360605519339522
1229452735910641665
1229227013896056832
1229479665775108098
1229224500786585600
1229247969179963393
1229447315695468545
1229308102731849729
1229377658921738241
1229339509181100032
1229257877342294017
1229244709715009536
1229507031612022784
1229334049207881728
1229341863250780166
1229299829894975488
1229484945418194944
1229365958080442368
1229370798055378946
1229518951878713346
1229431435922198528
1229433803149438976
1229535327334944770
1229293904081629189
1229431907823296512
1229262858757824512
1229485521010921478
1229473897424281600
1229196173665173504
1229448510535348233
1229385116339908609
1229498081873256448
1229379506215047168
1229372946667442178
1229520402860462081
1229449299454504967
1229381365444956160
1229493966078464000
1229300242207535104
1229534145984049152
1229386739434827776
1229490519237066752
1229362595636768768
1229226201849331712
1229382789969141763
1229301397448994817
1229295528518643714
1229533455001804800
1229485066624962560
1229447553072193537
1229381425553723392
1229272052584132613
1229489616530464768
1229540624866725888
1229406879291498497
1229416766175973376
1229302227556171776
1229231145151320064
1229536148780912640
1229509883109789697
1229414584513105920
1229539808810348546
1229233973571805185
1229240616380485638
1229511485950513158
1229257251766120448
1229544233079627778
1229249907950682112
1229412914685079552
1229201115549487108
1229511319935684609
1229475282526068736
1229231908451647489
1229276406523154432
1229444870806392832
1229374954321268736
1229450259945754624
1229292111889129472
1229487948271423489
1229537965459812354
1229320446153252865
1229433060145410049
1229367730844946437
1229290279238238208
1229384127545249793
1229521179926462464
1229237782779793408
1229412462589595650
1229445865120641027
1229428455353331715
1229226686190780417
1229243284998041601
1229474845919825920
1229522998861930503
1229375134039003137
1229534450050064391
1229236659998216194
1229408816594391044
1229449362759200768
1229249012664061958
1229469354124660736
1229387279996575746
1229471322939576320
1229449082424266752
1229414403881213953
1229453967811153923
1229288856651874304
1229338602104131584
1229499928617025541
1229229823584804864
1229411701356822529
1229258541635997699
1229532566253948928
1229341952828678144
1229404097637474304
1229529698155122688
1229413037154742273
1229194957858181120
1229537991963615233
1229282118225649665
1229275427375501317
1229502512035700737
1229314592234323968
1229480190520086529
1229541064328896513
1229318136735916033
1229359679068762112
1229286028307042304
1229437004951191553
1229270998463152128
1229486903726088192
1229278425652830209
1229376306107817987
1229277289944190976
1229256813293555714
1229363796315164672
1229310950819401729
1229360413931982848
1229200005472321537
1229474280838221824
1229242384749195264
1229241214391607296
1229467918032830465
1229534771535065088
1229432393746042883
1229295318992187392
1229479757370101765
1229443087467810817
1229400775035686912
1229364441520713728
1229468522989998082
1229225908927467520
1229364350835658752
1229445732786110464
1229379363155709956
1229378851454750723
1229470361441492993
1229272928048553984
1229412233643343879
1229518199873556481
1229237015226601475
1229199255929315329
1229381120661348354
1229296254431174656
1229320275293925377
1229468727415980032
1229307278391676929
1229501753000726528
1229450542067351552
1229342103727149057
1229510799049314304
1229501470833336321
1229203212063956992
1229368468262260736
1229262038314233856
1229273570511114240
1229403245405233159
1229333823449513985
1229409745208954880
1229521803585998848
1229243622295367680
1229265506038882304
1229221380849192960
1229324867486355458
1229316075361165316
1229275266205175809
1229236341541613574
1229274480159014912
1229507835106557953
1229415405774467074
1229342030536626176
1229337265215811584
1229202494187823104
1229243848439844864
1229221525053739009
1229536156162850817
1229194010524209153
1229254437732048896
1229245346934489089
1229542825932386304
1229472106011938817
1229264947193905153
1229322561969782784
1229326754449367043
1229493649798553600
1229262331730784256
1229407781398208512
1229404623854821387
1229484329920757761
1229537934598115328
1229368063293825024
1229409779199533056
1229431950542282753
1229471719875923969
1229508406542774275
1229440248914104320
1229257262260260865
1229504715328589824
1229337096655167489
1229278161478701056
1229474455472263174
1229472487584522242
1229266958857555968
1229430202922622977
1229269652972412929
1229430835339616256
1229525937483587584
1229472818586320897
1229316937227755520
1229232678928601094
1229443916539105281
1229363265433567234
1229271576949993473
1229515746553757699
1229264244945772545
1229511652141359115
1229276645933993984
1229289625530839040
1229322787451392000
1229534238963306497
1229532093350326272
1229504059838693379
1229249044326879232
1229278242604904448
1229377717625184256
1229226593198931974
1229329270067154944
1229443275205029889
1229287801700655104
1229341214341648384
1229383366392324096
1229378950297772032
1229279612154155009
1229472777066962950
1229269410868678657
1229528473556979712
1229222133903036416
1229318246899372034
1229274533984493569
1229314922108112896
1229385583702740992
1229199658158874624
1229320982558433280
1229373674328817665
1229515304738230272
1229243434105528320
1229373413912915968
1229241145709883392
1229316821842423811
1229513606565416960
1229230514877259778
1229294687711825923
1229505980481900544
1229543682040311808
1229385923906785280
1229369693997109254
1229441438431272963
1229372006421823489
1229326140801781760
1229480892399144961
1229254798752571392
1229232723119812608
1229541552202010624
1229437876938493955
1229196321447432192
1229310492935475201
1229489883183566848
1229330032369291264
1229276424038535168
1229431421875388425
1229243315293491200
1229256808138760194
1229370726836097026
1229486486715801600
1229480120739618819
1229513227555356672
1229495703656898560
1229473861101481984
1229485538920370176
1229402290190086144
1229194229546614784
1229284017016623106
1229401562201513985
1229491545038032904
1229293866659930112
1229410897866575872
1229438695654203396
1229278789684719616
1229528242245160960
1229371964189478912
1229447191984369664
1229258271678238720
1229415877906436096
1229301468139790337
1229532026027442176
1229333307386544128
1229308215176810496
1229340882807050243
1229227266460094465
1229361341388836864
1229340990483390465
1229281282590416903
1229436787178778624
1229378067723902977
1229310683763732481
1229247192231223297
1229482081211887616
1229248638536290304
1229271150494191616
1229541074080796675
1229230312971915264
1229382205358690304
1229287685858004992
1229225875935133697
1229279319408570368
1229441180150059009
1229439592392118272
1229199728375627776
1229252531349577728
1229539168235261953
1229443854622957571
1229439923624824838
1229501329212657664
1229518545911939072
1229438696719618050
1229270866699026437
1229518008118370306
1229431625408114691
1229223180780417028
1229415078572761088
1229386038264680450
1229339912488411136
1229511798308691970
1229299173230403584
1229521848834174987
1229361976872034304
1229452970930180096
1229307336679755777
1229363495801688069
1229482534032986112
1229226604179492865
1229203451034210304
1229248720388136960
1229533806144651264
1229255200675975168
1229264730360963072
1229337017407832064
1229293393676775424
1229380647829098496
1229239534304415744
1229449493147475968
1229405817746518017
1229319701039173632
1229384749359280129
1229504204332466176
1229238071876628482
1229538390560956420
1229373430807453698
1229288354367365120
1229365978733174784
1229380353648943105
1229224428661161985
1229506576970444800
1229506269188325377
1229306728208064513
1229483192073109504
1229332218813698050
1229335981515517952
1229535555773292546
1229509309479841792
1229500289746690048
1229513957343399936
1229486250530426883
1229259887768567809
1229401540273807360
1229378060820058113
1229256032544788486
1229238966856978433
1229388004357132288
1229280190548738048
1229402867615883265
1229444452768452610
1229402663936237568
1229263733714640896
1229404003534082049
1229500768044093443
1229300471900274688
1229529137783726083
1229534817873616897
1229508155031220225
1229509128793579520
1229270950643949568
1229408425664221184
1229316101147955200
1229360809538514944
1229442268668538882
1229507570764800011
1229275925302243328
1229272932100210689
1229402450190381056
1229493226542977025
1229330115122716672
1229382375370416128
1229254878125363201
1229338925812064257
1229277604282273792
1229299177051639808
1229506604774522880
1229400959865913344
1229478835109924866
1229500845387079685
1229333399069917184
1229410086767849473
1229251389655846912
1229196531787534341
1229359492866936832
1229468153308160001
1229403830426583045
1229429641833635840
1229387737058332678
1229370700512673792
1229516143792152576
1229437839580041218
1229478807503015938
1229227825443545088
1229287240754507776
1229409558524841984
1229518190838976512
1229494606854750209
1229298200051240960
1229295050250547200
1229447264613150722
1229284141151215616
1229439100379389953
1229416490237145088
1229514142085787648
1229283781485289474
1229478633074577408
1229228825717989376
1229296571088424962
1229414645275869186
1229529370571804672
1229294641725337601
1229300468225994753
1229251922160312320
1229320307871232001
1229440768835751937
1229235604317061120
1229410016001581056
1229199816917471238
1229289227957014528
1229337169740697600
1229408942800953344
1229520201567236096
1229492213421395970
1229522214577430530
1229435320283865089
1229386587483594754
1229504294732341254
1229301211037360128
1229385804490784768
1229318431230636033
1229498363189637124
1229514061731311616
1229381476640346113
1229366947722256384
1229369074213433346
1229531956376895493
1229452986767855618
1229489596720984066
1229383876604096512
1229485527776342016
1229275547546484736
1229286095814365185
1229431988815310849
1229263970155941893
1229469151544037376
1229490984087457792
1229313766422020096
1229536151595126785
1229306724542107648
1229298068563972096
1229445513080078337
1229360063397158912
1229327546438864896
1229444031605886976
1229496238715756544
1229528008039510022
1229342197071265792
1229480858047991809
1229498786487185410
1229244892703936512
1229196227968929792
1229328252507914240
1229444830448803841
1229203856728264704
1229227024889155584
1229195991166996481
1229540156362940417
1229198676507025408
1229303206053842945
1229313720167174145
1229453079667281922
1229324044333469698
1229485977841717248
1229238403499204609
1229279096116375552
1229375285683900417
1229527105194557440
1229489432274722816
1229438391764357127
1229445931042394112
1229380734671998978
1229286430108577792
1229282568496795648
1229326495467933697
1229409134132350976
1229199213608620032
1229502006345244673
1229430435693965312
1229511024765739009
1229364843087462405
1229412782677741568
1229528041665155073
1229470511807291404
1229484751041503234
1229378222325846019
1229493635709669376
1229201641804455936
1229366236926050305
1229300017719959552
1229539539640823809
1229337899037945856
1229437491117273088
1229309962213478403
1229293899048308738
1229339395062292480
1229239528952451073
1229330283742269440
1229195644079833089
1229499585120346113
1229401832469876736
1229297187835670528
1229521849052168192
1229446770704257024
1229198356062273537
1229442471999836160
1229309143405563905
1229337429552726017
1229411886220791815
1229220468353355781
1229416997739474945
1229493725702901760
1229517499135340544
1229494508846370816
1229229697092874240
1229370724856418305
1229481056795078659
1229481456407400449
1229534904536457218
1229440639970009089
1229247336036986881
1229278658763816965
1229468138997051392
1229522729256263682
1229440525079416836
1229500665321447427
1229509335824392192
1229483023453868033
1229468697237979136
1229371542037049345
1229340475133440000
1229240197520424960
1229387607450230784
1229453583835205635
1229538341906837504
1229302156135747584
1229298575856635904
1229326946397343745
1229511958363361280
1229327811258634242
1229380717626511360
1229289945958760449
1229276598228127745
1229311103261429760
1229415347817598976
1229277368046379009
1229304114942603265
1229328078897201152
1229471128164257792
1229517284911276032
1229409881750482944
1229412076059160576
1229414062397804547
1229287271771320325
1229538302019026944
1229481897740378113
1229201641003474945
1229255255407366145
1229264624450777088
1229238637000187904
1229226798086422529
1229441000449265664
1229505141629317120
1229382384333623296
1229316037234982913
1229477240015994880
1229366229657440256
1229260818283253761
1229262969764106240
1229488773487923200
1229199264376590339
1229386716483608576
1229498270331875329
1229411099562344448
1229468093665218560
1229231407752515584
1229252862162554881
1229195667744026624
1229269823273619458
1229267283261849600
1229380714233311233
1229263460531200000
1229327818363932674
1229297293259571200
1229220917475205122
1229244862601539586
1229449952054665218
1229409389078908928
1229541937847439365
1229450570156478476
1229306537258168320
1229540881537085441
1229314438106357760
1229510046880534533
1229258705041969152
1229409547116261376
1229248276769079296
1229221220333342722
1229326675030052865
1229443161707204620
1229513055937101824
1229235079768985600
1229280916079595520
1229532762333425667
1229268960907972608
1229306656867180544
1229264950876467200
1229274386852610048
1229485937630957569
1229303584799498240
1229448943299227648
1229381064294043650
1229429151536422912
1229276222443728898
1229300117733355521
1229231148175200256
1229451343204691969
1229220407280095232
1229517116832915456
1229285850887802881
1229381582617763840
1229332581331529728
1229262772539662338
1229491337298350082
1229198735726522368
1229408487769169920
1229229364492959744
1229315277126393856
1229375202661982210
1229250001051586560
1229448830631809026
1229433120002322432
1229247725297901568
1229469829691777025
1229283247387029505
1229203525181173761
1229532243766501382
1229500358772318210
1229502164860653573
1229507382818066432
1229413158768410624
1229246893298868224
1229515177185435648
1229437197868134400
1229240482368311296
1229468795200253952
1229326692839120896
1229330488197672960
1229255058581180416
1229480619790544896
1229274567560044546
1229433592121397249
1229451424884330496
1229242125948047360
1229332008272199682
1229491092741029889
1229382892481941504
1229492372427419650
1229478252730777601
1229273542404919296
1229293629476229120
1229271124279611392
1229201786142986240
1229221948384628736
1229384213033558016
1229200226390618112
1229436148155650048
1229247813898264577
1229247055937359872
1229259677789294592
1229417051397201925
1229288157893492736
1229541711652773888
1229221990558363648
1229499029140078592
1229279889137774592
1229413424355954688
1229360367438041089
1229278407533481984
1229403994071670784
1229201333552435200
1229413449836441601
1229519678822928384
1229305226777309185
1229401819543064578
1229532943216992256
1229227464427212802
1229449341296836609
1229227121387671552
1229249886152839168
1229286069473964033
1229471232321564678
1229231773504221184
1229328210623705088
1229473160682180611
1229504619237138432
1229468874548092933
1229232761384382464
1229297401585782784
1229308550611996673
1229365310622437378
1229444038748602368
1229520444560199684
1229495212558430210
1229405524912795648
1229402855070666752
1229445375964196869
1229373820156276736
1229439931577241600
1229336810897203203
1229364902428577792
1229336738822225922
1229375780460720128
1229430268420853760
1229369462782144514
1229433940894568448
1229382781639090177
1229386163766493185
1229273230579388417
1229334417610543104
1229440022622769153
1229237325185445888
1229406813147344897
1229364625701048322
1229526450149003267
1229436545809231872
1229250463914217477
1229307394359996417
1229228724630876160
1229402859646537728
1229488326828331016
1229436562766782465
1229432491515056128
1229376582575443968
1229328522960703488
1229327684309671936
1229273312481751041
1229510663149510656
1229337041583788032
1229321888553472000
1229446030749503496
1229302336167657472
1229411777034760192
1229321705140768769
1229435036430163970
1229373439946915840
1229380048869683200
1229416208501497857
1229340470943215616
1229318972560084993
1229490572261502976
1229436523705139201
1229526548987949058
1229403932411097094
1229284426695270400
1229414610660397056
1229524202723643392
1229325170168360962
1229471886582566914
1229202562194321411
1229473478484447237
1229476943487229959
1229324371535097856
1229499256173666304
1229415509940219908
1229442496805113857
1229232831139909632
1229440258099630082
1229473164545187845
1229328505420296192
1229203449277042688
1229198744727543808
1229300327595134976
1229329809588678657
1229200953800364034
1229486009672400896
1229196877863649282
1229295672244883456
1229331402191200256
1229470261537206272
1229274895546109954
1229194554747826177
1229376461670408193
1229224099521716225
1229280502130991104
1229472785358934018
1229337082461425664
1229383393261105162
1229408506241003520
1229451318785429507
1229284854203736064
1229431813828993030
1229403414263562241
1229515045362708488
1229481843055038471
1229452690561863680
1229415215223255040
1229330003759788032
1229323135247212545
1229198146762354688
1229469874830725123
1229241124474277888
