1228466672308109312
1228286937343176704
1228200632806301700
1228265080954867712
1228226285790347265
1228236070925398019
1228315155861327872
1228314595107864576
1228369686531801089
1228463256760725509
1228404395596890112
1228327199196889088
1228468259856343040
1228345212499566592
1228419617640603648
1228145136795697152
1228222373834285056
1228258279475695616
1228375366202544128
1228256382920556544
1228320954423664649
1228129647466078209
1228288446772346881
1228410011153465344
1228292318018654208
1228395713630859265
1228387670285602817
1228137843740102657
1228230575489552384
1228212878852800513
1228206843668783104
1228388294024728588
1228314802327560193
1228374346361659393
1228445624929902592
1228163803705036800
1228191628134739974
1228382024362119168
1228463541138509824
1228260886294487040
1228280708415795200
1228233765714972672
1228214604020338688
1228316203149647874
1228121784479776768
1228315015368888320
1228132800685056000
1228417258109775873
1228238469413011458
1228224882246242306
1228261845326323713
1228385087630168065
1228131190093205504
1228152076276043776
1228366821813837825
1228203969786204163
1228441556568416256
1228276225518559232
1228190271881400320
1228294047124656128
1228440195630018562
1228322261683163138
1228200360264601601
1228325590920380418
1228346154397683712
1228169673671229440
1228181022317015046
1228446505666781184
1228113997401972737
1228177492050993154
1228160014105235456
1228190897935806464
1228128891266576384
1228378034006302720
1228124502162165761
1228346124152393728
1228433537575112705
1228286124470284288
1228300112616620034
1228400144720117760
1228207209172963331
1228466827652714497
1228466656457850881
1228142284157472768
1228324171513397248
1228272664927711232
1228294131207811073
1228416640594911233
1228348122662785024
1228153875800023042
1228120860751515649
1228260363512221696
1228145742537265152
1228203800730619905
1228324526385180673
1228380888226025475
1228151875238858752
1228119185601056769
1228341486477025281
1228276911908040705
1228161239903137792
1228298071672590337
1228444358422204416
1228270096830779393
1228419105864044544
1228132569641865216
1228279540113342464
1228286385280303104
1228170844838350848
1228156483164000257
1228120599295340544
1228295999493414916
1228363664127692800
1228150654339833856
1228121398876557313
1228224723999322112
1228281112616562688
1228119633674358784
1228233842462380033
1228425005312004096
1228277657583808512
1228157346326564867
1228279857072656384
1228410473864925186
1228289111364001792
1228419895479631873
1228293327390466048
1228322985553154048
1228326968988487683
1228153154170167296
1228217450744823810
1228415020163358722
1228457567946510343
1228155681531822081
1228151880540442626
1228369424257814529
1228352245344997376
1228163985117044743
1228169127254085634
1228124314467209218
1228283319030292481
1228394570259386368
1228467184457773056
1228400208603754498
1228189655239016449
1228407657113014274
1228114799759908871
1228318642074308608
1228327007345242113
1228399620771835904
1228146221153259520
1228263278893322241
1228462848638144513
1228432407033856000
1228153617422659584
1228378970711707648
1228391649593692161
1228163506748289024
1228314802780426242
1228194512867999745
1228299510398373890
1228368450986414081
1228131691991990273
1228202463125049345
1228429446610407424
1228259070743760896
1228230403112103936
1228418293494616066
1228203418193317888
1228236573923086336
1228371977284374528
1228156623186616322
1228297523212668930
1228140311379050496
1228163615376543744
1228351304323387392
1228419906451804160
1228192641788960770
1228371892664438786
1228415186375147526
1228203853583020032
1228318518141124610
1228175093802553344
1228343448291487744
1228225898010181638
1228173946928779271
1228428660962742273
1228298995673337862
1228414538237849600
1228229712037605376
1228263649975898112
1228423043120336903
1228430250624897031
1228442456334782465
1228406859998072833
1228163984097828864
1228135962368188418
1228394123641552896
1228377470614855683
1228196439521497090
1228286014503956480
1228450140207427589
1228383696547393537
1228231537658695680
1228185833577992193
1228323602413391872
1228147915765338112
1228137419033071616
1228227400497946625
1228175794179981312
1228117561763491840
1228438634350743576
1228231461636988928
1228150579056300032
1228189197795655681
1228407657561755648
1228297540581253120
1228346941798375424
1228121953267060737
1228369166287200257
1228410087959597056
1228217511100895233
1228392892059676672
1228323183444578304
1228223352101199872
1228171453306044417
1228412892917055488
1228263762920116224
1228385591382937601
1228389577343340547
1228176955666681856
1228460402473873409
1228454574140329990
1228372701535969283
1228438021479030784
1228450249741656073
1228185600001339393
1228352853858648065
1228414186897772544
1228281805536514049
1228395070891552768
1228134637244829697
1228323062606651394
1228422246169030656
1228457975389589504
1228416859160096769
1228170554781208578
1228398872755687426
1228401940696125443
1228281215138107392
1228383678365097985
1228261149898047488
1228467524884258816
1228344257620123649
1228277090836873216
1228288303171944448
1228347404178485248
1228114034257530880
1228347842084794369
1228415008549113856
1228270196130902016
1228414061941067778
1228369116257492992
1228349982266347520
1228193306695192581
1228451630573654016
1228214176067153922
1228206452650594306
1228144115482796034
1228263478286323712
1228123599275466754
1228188556075487235
1228210991164358656
1228113730938032128
1228203627392585729
1228225266985517056
1228232866196148225
1228390872720519175
1228464909005930496
1228341712277340161
1228378510508658689
1228235317536161796
1228452131457290240
1228413087432220674
1228273897063231488
1228214306837164032
1228126267603447808
1228256984916344832
1228145801957797889
1228315876371255297
1228267699442155521
1228179648929882112
1228366040490532865
1228174243197644800
1228122207471095808
1228461137190100992
1228423738380574720
1228403839105163265
1228316485795188737
1228154306546688000
1228366135764115456
1228455774361288706
1228366606188695553
1228163328251330562
1228265868817129472
1228153312962154496
1228281614683250690
1228327197980540931
1228186383728050177
1228156199931129857
1228230916733947905
1228292508997709827
1228276408985751552
1228184528495112198
1228446052098793472
1228265476175941632
1228351410330271744
1228383574245638144
1228416183298379776
1228461193020530689
1228404876713000965
1228119421253832704
1228225384346308612
1228463054041554949
1228441596468875269
1228225440097038336
1228380408238235652
1228278799948800000
1228174861266079744
1228322737996914688
1228439667294560258
1228293065875447808
1228179631401885696
1228151545004351488
1228272153855954944
1228423776217337858
1228141528641654785
1228318706796613633
1228299937542266881
1228382457541660673
1228386309514944513
1228258092866887680
1228203286206902272
1228126851060486145
1228179037295501312
1228398271959269376
1228198546916044806
1228382475770122240
1228145779170140161
1228325008386052096
1228259870236794880
1228409863186698240
1228295098099585024
1228158496501223432
1228321287770079232
1228417968624848896
1228463870022320128
1228396436771033090
1228423142185541638
1228316112582062080
1228225054518857728
1228421351209406471
1228234802169434114
1228468775630114816
1228170811325857792
1228158928636104704
1228386293849169921
1228118756150431749
1228230571333013504
1228373464928616448
1228168622083698688
1228343708229230592
1228436439634935808
1228139968603869189
1228350133412270081
1228131953511223296
1228423061743034371
1228116646021169153
1228321788142215170
1228389914699542528
1228165831269289985
1228350785542672385
1228364352039915520
1228203232360452102
1228275119648387072
1228274481128341505
1228201392508035078
1228152048622821376
1228154399781875712
1228466127937757185
1228159692200759305
1228300191238950913
1228326697134510080
1228213426360483841
1228197607521914881
1228398483276648448
1228399594775560194
1228279810452946944
1228159284359286788
1228386058917875713
1228236524019310598
1228461734408663040
1228429048570880002
1228349527918166016
1228192526986727424
1228415502495518720
1228298621881184259
1228345739593388037
1228398506194472961
1228437602732253194
1228324178110992390
1228282853483397122
1228392685632999426
1228258180725125122
1228423491344457729
1228410425592643584
1228298845647446016
1228410733739880450
1228155809110069249
1228167077204123649
1228351803810549762
1228317945056591874
1228114472990117888
1228445510635311104
1228143267142721536
1228222841083940867
1228315267677114375
1228420480215941127
1228118603377057793
1228277683626229760
1228377828250411008
1228458621408874496
1228299657685741568
1228448145006350345
1228464957513183233
1228402377037733888
1228389847506636801
1228267158511046657
1228453929609916416
1228203127226032130
1228438654613442566
1228212177120583681
1228295806806921216
1228433052772093954
1228154314901745666
1228280693861601281
1228383677815623680
1228142636399308801
1228286260424265728
1228134906103906304
1228258385168080898
1228155675299188737
1228136823605477376
1228123003403350021
1228281309874671617
1228159020155826177
1228267735248986112
1228449583002292224
1228318828372717579
1228421505408585729
1228279603803783168
1228317960214892549
1228279713786929153
1228190416496807936
1228315808050434048
1228428517358161922
1228438926190370818
1228446554899599360
1228316950947696641
1228277342004400129
1228164397861720068
1228212946909548548
1228116644913930240
1228380432133083138
1228180388981301250
1228159998032666624
1228282399991255045
1228271742696771584
1228404559338405888
1228210827011903488
1228327490961145861
1228145088372412416
1228413035066404865
1228396404030177287
1228194747388329984
1228315828409585664
1228454897718366210
1228206555012583425
1228382500310966272
1228344275550818304
1228432114451963904
1228375000211652612
1228396426851495937
1228341362723934208
1228315470950010881
1228138050976305152
1228126101899108352
1228321370204971010
1228190699146731522
1228124895197794305
1228233829149626369
1228124296062603281
1228446489988472833
1228402612241911810
1228259823113793536
1228193602636935171
1228451512835289088
1228373682168434692
1228170652206563330
1228262763878928384
1228435122434670592
1228179989230546949
1228322229873709056
1228342799935967233
1228170315945017344
1228219963237748738
1228417910927974405
1228235416706240512
1228440583590621184
1228170715548962817
1228381982041759744
1228136945823318016
1228184502343618563
1228182634435465216
1228429041729974272
1228156613523054592
1228400322038636547
1228381803485908993
1228378488828116992
1228115272822738945
1228368088158044160
1228151388846379019
1228433299502137344
1228159895414788102
1228283587851669504
1228193636413624320
1228179515492294657
1228372006351097861
1228380519609618432
1228276611096678400
1228379636687659010
1228181010258354177
1228431759278329858
1228159705031172097
1228132966926143489
1228376268825153537
1228324139393519617
1228178912712118275
1228173246580674567
1228368242286133250
1228219638414098432
1228292733820952577
1228368818642259970
1228407605405589504
1228133627902472192
1228430508469751808
1228179557305290752
1228142727646318594
1228329270939987971
1228468851991404545
1228120523986624512
1228215061014958080
1228131285211611136
1228131630499364870
1228182535055659009
1228438915603927047
1228173525468319744
1228350182976155649
1228170613216272386
1228208227176701953
1228411185495781378
1228401392932589568
1228218246765006848
1228446398707838977
1228238629312450560
1228446257498202112
1228371885186076673
1228461915816505346
1228299436415213569
1228151767193440256
1228384187662491648
1228192277043933186
1228133930701688832
1228375839198326787
1228326218749140994
1228209859801186304
1228321319738998785
1228396715935502336
1228143375112642562
1228132291865534464
1228429812206841857
1228260767230656513
1228194214023847937
1228352159378550785
1228111688681086976
1228207410067603456
1228150486215184384
1228287446741372934
1228216399400558592
1228386508878512129
1228296351605284864
1228132477962616832
1228464872905695232
1228255879771938818
1228440455886458880
1228443521973211143
1228386618597310464
1228453365048336386
1228115664767979520
1228282477434691584
1228325125965021184
1228314072724070400
1228228442983788544
1228328926830829568
1228113210164690944
1228457017943187461
1228194603213344769
1228204303350779906
1228203790416760832
1228148925221285888
1228402463427956736
1228281879947771911
1228152491176366082
1228288117980962816
1228294583982882816
1228217962563162113
1228424794938339328
1228435542657961986
1228453990125506560
1228367373607952384
1228215957937508353
1228328277132988416
1228197425661104133
1228173554132213764
1228318980118589440
1228348264250040321
1228287455402414080
1228168439384039425
1228320668032192513
1228234559461851138
1228268709980131328
1228208673425518592
1228232467863130113
1228140407311106048
1228370239957630976
1228178710320168961
1228200905608052736
1228126040825978880
1228124242325180416
1228326096828952582
1228467512603561987
1228223748936876032
1228289847502221313
1228138143938801664
1228378311790714880
1228217216941690880
1228255486694178816
1228369078101909505
1228174133063630849
1228149136131854336
1228370820839477254
1228194879513055232
1228134670023348224
1228322002571644928
1228322005201477633
1228255722627948545
1228272754593607681
1228371105813012484
1228177599190319104
1228275082558083072
1228373419290505216
1228210460500975618
1228204421726625793
1228353597211119618
1228315495683821569
1228233474307346432
1228346849020588032
1228364369215598593
1228347112682852352
1228345727027269632
1228121806218854400
1228274250785660929
1228318947180597248
1228232045534441473
1228208047064903680
1228167560958373890
1228414405009907713
1228420352860184579
1228161878221676544
1228179170917642242
1228371366274977792
1228366333516992512
1228135799771684864
1228376741871325185
1228208860822794242
1228180886367039488
1228370063188807681
1228322796599750657
1228152057565081601
1228451181644697603
1228268595353919490
1228180449286975489
1228392696013680640
1228163783442305024
1228170563601874944
1228316323307913218
1228350362555256832
1228409481425379328
1228160955135094785
1228255903557836800
1228458065252376576
1228454485237915650
1228389934597312512
1228467012159991808
1228316993083842560
1228368380069056513
1228194818469158914
1228438320197169152
1228316723582947329
1228203338287575043
1228237511962415104
1228212093796536320
1228320237944131584
1228371033784188928
1228192901760344065
1228403636725846022
1228195288780640258
1228406079735898113
1228134151636705280
1228364004759724032
1228412977579274240
1228320945653329923
1228433255172468736
1228161749217464320
1228408179157012482
1228188420008103936
1228174633049870343
1228230670901579777
1228392005970980864
1228343601794555911
1228341428536868864
1228322052949438464
1228418045409931265
1228315746209542144
1228439537094774784
1228318461044101121
1228183103459348481
1228291766077579264
1228287664971042817
1228389075159138304
1228179590671028224
1228166401459798016
1228115145072746497
1228210411729641472
1228453024198250496
1228379793097281538
1228157197609132033
1228169409660743681
1228159446225784838
1228417327315738633
1228402710644264960
1228432607647424512
1228270174597533696
1228274813107466240
1228423791958728706
1228377915924021248
1228349482988953602
1228207140076048389
1228352356930199552
1228158858779971587
1228297109461487616
1228268429464915970
1228159478299688960
1228313765558587395
1228393664663244801
1228343905042735105
1228113821941846017
1228161052455600128
1228326957789696004
1228389423584350209
1228379584653078528
1228399456577609730
1228430377288716289
1228433980132818947
1228134683889684480
1228125597773119488
1228347870073454593
1228195505588461569
1228123869183168513
1228420364260253696
1228465289530085377
1228341368747155456
1228294518862237697
1228395293122744320
1228420502332616706
1228277719823196162
1228451714606354432
1228200359824224261
1228324807151882240
1228320917295595520
1228117224063488003
1228369892740456449
1228199784558649345
1228350088927334401
1228149990217830400
1228164135403192321
1228298118443065345
1228139520509517828
1228204333788844033
1228235759703904256
1228369758141046785
1228155046837309440
1228130362540412930
1228139007797678080
1228390734941716480
1228286331769389056
1228147077441556484
1228433531971436544
1228416954240786439
1228375245028900864
1228441331661508608
1228430339913240576
1228320838836985857
1228196858398310401
1228402700850794496
1228318616732368897
1228452192304189441
1228450444961353730
1228259379385782274
1228221963228704770
1228366459824414720
1228274408504078336
1228425984682053633
1228449445102092288
1228163397142732802
1228327505636913152
1228284443854544896
1228279985120538626
1228424454159699968
1228112588015312896
1228297671430955008
1228468592242495489
1228174490514755587
1228171325652340742
1228212253146529792
1228143364840869888
1228198723693371392
1228264132950077440
1228454408742154240
1228139194884788224
1228205092181987332
1228450812361203712
1228152854889631744
1228256639498772480
1228137669965860864
1228232608489672704
1228380159687958528
1228174556260470785
1228394862602588161
1228298854409342977
1228214315527729154
1228284016656355329
1228351494635868161
1228463490920321025
1228191528264224771
1228321922275930112
1228260821236682752
1228387813860823043
1228174720413007873
1228224951448039425
1228199471319666690
1228266237408501765
1228269419857494017
1228226421429923840
1228328467839799297
1228117017615458305
1228383115351150593
1228185126825160706
1228207348772040706
1228364168949927936
1228463128339415040
1228202216097370119
1228373562660204544
1228407234876583936
1228399074627530752
1228350041451925505
1228426218338426880
1228419746477068289
1228122822473588736
1228159284866732032
1228421861035433985
1228267434274148352
1228261140196622336
1228221950817755137
1228346312220790785
1228392270489145344
1228397142059798528
1228150651940569088
1228438216262455296
1228425606938996738
1228257024200314885
1228329206599340033
1228424784960262144
1228300024779431936
1228315795354275840
1228376942224658434
1228346421969117191
1228222014961283073
1228445683306418177
1228129157504262149
1228375245117063169
1228170171275042816
1228133455424188416
1228290907767595008
1228138045863415810
1228391823221121024
1228374578583478272
1228404352492199937
1228286301587279872
1228236093247459329
1228342238750683137
1228449460574982146
1228202754276909056
1228341344533385218
1228196124911030272
1228160477798133766
1228390455190196231
1228228096928542720
1228257698304512003
1228353799271542784
1228122339818246144
1228179042190315524
1228329066404573184
1228318251542700032
1228443303810457601
1228319618806296579
1228189626315112448
1228117510467121152
1228326351679184896
1228201877084368901
1228201807958032384
1228285760039608320
1228424833182158848
1228424849284116482
1228212662850310149
1228411437258805251
1228325802976083968
1228164587452678150
1228234416477990913
1228350603790704642
1228213538159648769
1228184045558779904
1228438716517011456
1228373341888819200
1228458714597875717
1228152950993776640
1228346761326055425
1228298386106748930
1228298712239067136
1228197466064863233
1228430349392199680
1228219952332541952
1228207376743796738
1228408178393669633
1228122986617675776
1228448740047978496
1228437589960556544
1228442617521807361
1228133301862486017
1228179661756104710
1228230536012816384
1228183855074381824
1228326611658924033
1228409732890812419
1228366145918525440
1228343155990331395
1228285399015010304
1228201944210010112
1228420335176994817
1228284637409140737
1228296551551905792
1228160321748996097
1228235473258082306
1228459476073644032
1228140233692237831
1228275835662004225
1228277897204576256
1228327379698774016
1228403089134276608
1228383523805024257
1228120893181722625
1228449772085760001
1228136252823699457
1228154926624198657
1228386088231690241
1228182611756908544
1228231984876359682
1228429259364016133
1228238029904437248
1228441295091191808
1228438467211718657
1228298565660938241
1228122762440372225
1228281387029090304
1228435689466810368
1228148541836713984
1228206300716101634
1228154702929498112
1228125097854042113
1228323113684873219
1228151947515105280
1228122814365855744
1228289675451826176
1228114923751976960
1228210043792707584
1228237558011723777
1228169329067192320
1228162874998083586
1228287461530492928
1228297264323391488
1228199169845645315
1228407329554563072
1228232190204338177
1228136973698764801
1228230634864119809
1228176114536706049
1228317432927965185
1228439877383020544
1228213615343230982
1228397280446894080
1228387266437025794
1228382973256318976
1228328139396452352
1228415922739781643
