1225132917317341185
1224866286234165248
1224976770119557121
1224913313357651970
1225060959741448193
1225119608279093248
1225151590069350405
1225185934372634629
1224912478624276485
1225062298001330176
1224918478093615105
1225136438867480576
1224918620171431936
1225041711014932481
1224951441460121602
1225129473575702533
1225131533675253760
1225090810582118400
1224940628460523520
1225185918325100544
1224916268131635200
1224887387664322566
1225189102183542784
1225096096961236992
1225155685677174784
1224911692682887168
1225048420160659456
1225173230031257600
1224907010262622209
1224866336154669057
1224948112919150593
1225165084848283651
1225180508948246529
1224887318525464579
1224960409448247298
1224885666535755776
1225011453452787712
1224939514214305793
1225094157317951488
1225101085972385792
1225090560526102530
1225097676108091392
1225138778609737728
1224855496236118016
1224981907454119936
1224915601392467968
1225153647757099011
1224981735605252096
1224943338727469056
1224906249684312066
1224954170333110272
1224948418210095104
1225059795389964288
1225184261839323137
1225116647314292736
1225095803779342336
1224861092364591108
1224920511853088768
1225162350300405760
1224949343347593216
1224857343457923072
1224868669915713536
1225196301060624384
1224915191634092032
1224956845376147456
1224939124014010368
1224892802582093824
1224886012159184897
1224989551359225859
1225112991609151489
1225090009713250304
1225079919102910464
1225011313874632704
1225095159626502144
1225094838472720385
1225063723154325506
1225153118398185473
1225009553571373056
1225074004920295425
1224885440324358146
1225024141293543424
1225074281152802816
1224916625515851778
1225173587390128129
1225162063867252736
1224940560357527552
1225078100159090689
1225063943103795202
1224924974294560769
1225188334122737665
1224989347109384193
1225028939955023872
1225181243291176961
1224986518114197504
1225111984405991425
1225074930250809344
1225075495852814339
1224909007556468737
1224870586028965890
1224955424027238400
1224985272967888896
1225008344357715968
1224977895711543296
1225097850301734912
1225185604847243264
1224886494181183488
1225048669050699776
1224859690082820097
1225048784171872256
1225197063647961088
1225177736127361025
1225005778093924354
1224914425385082880
1225060662369497090
1225198256780648448
1224986652868665344
1224957571439759360
1225012188076744705
1225094279967563776
1224886797794267138
1225165053659439107
1224944445742669825
1225045137669197825
1224855092056207366
1224940242500648960
1224883278714494979
1225183349892898821
1225099477297528833
1225134421558190081
1225117586783981568
1225041686637793281
1225061876498935808
1224887561203511296
1225189651977293824
1225023813223473153
1225197217658441728
1225029400107700224
1225124922814554112
1224941837103878144
1225097888478314498
1225163859016679425
1225138785685405696
1224974618663870464
1225122866154225664
1225096012995289089
1224941216950652929
1224912275384889344
1225176920742137856
1225135309383458818
1225197192417366018
1224869614254993410
1225059529613856773
1225076525000585223
1224866587368480768
1225011571790729221
1225113930923560960
1225075690934095873
1224916876205027330
1224860753691402246
1225002973073494018
1224976074246737923
1224868933901090817
1225161310150721543
1225009579030806528
1224865562922078210
1224988684325457921
1225181844712382467
1225124420362043396
1224922665871384576
1225158169720213506
1225025034512523264
1224919307211042816
1225041044233830400
1225080144995373056
1224989054879485952
1225161604473532416
1225157811874811906
1225042585174962178
1224978444246798337
1224953944046231552
1224914297165250561
1225128089304174592
1225189506900344832
1225133741011431424
1224943901749866496
1225022408052158464
1225162726487592960
1225061868932218880
1225180881817624582
1225011232974893057
1224890903539531777
1225023298834247681
1225115600248344576
1224959096203464705
1225160784587771910
1225096454185857025
1224956292243980290
1224919016772255744
1225023248972185600
1225117136202477568
1224921083670859778
1225005108628348928
1225060495473790977
1225078049604947968
1225160486041182210
1224859005295579136
1225099855204438016
1224988838637924353
1224869394876026880
1225078158828896257
1224863846013308930
1225049308648570880
1225173458390343687
1225194201157111809
1225030749604208640
1225136615594635264
1225137688732491781
1225074914702524418
1224973215056793600
1224925491888476160
1225049115685355527
1225011411526410240
1225112878480527363
1225179561077415936
1225076572685651968
1225041786906636289
1225183043645853696
1225003998354104320
1225041127515906049
1225153854083219456
1225077568887373825
1225118531018203136
1224943069180481537
1225160826774003715
1225097726267969537
1225158125608689665
1225031382667124738
1224886883869773825
1225112084813402114
1225045746505768960
1224957205998460928
1224947349639708673
1225098448992497664
1225129732406153221
1224986000524316672
1225127531944136704
1225045680718114817
1225025370883153920
1224981306146091009
1225175699822202881
1224985413539885056
1224982319112392710
1225130035528577026
1224945853049253888
1225174607772241921
1225041180062179328
1225096604048334848
1225170606674587649
1225044366802276352
1225007991419756544
1225099675490848768
1225006075923042304
1224917587588534273
1224894015482540034
1225121296742264840
1225164207995355136
1225091607034318849
1224976096917118976
1225031521632833536
1225161055988592643
1225093016299417607
1224865390351667200
1225061382875312128
1225172373608906757
1225121722627694592
1225176930887979008
1224980138082914304
1225063798345613313
1224941148352831488
1224945626099544064
1225008781475696641
1224886989419208705
1224981145755893760
1225173655610646531
1224945785630007296
1225179390650261504
1225192110359490560
1224870808943722501
1225101080842964992
1225061271461957633
1225005521767489541
1225064116378796032
1225059580884860928
1224939733878337543
1225006635229368320
1225074752622153728
1224978857343832065
1225028517303160832
1225047996510789632
1224908290930266112
1224856326641049600
1225029072071380992
1224862091808509952
1224860073882804224
1224911227622572033
1225193209992597504
1225116091174858752
1224912278329360384
1224910800483049472
1225152013895446529
1224884500867338240
1225097813148631041
1225046727109107714
1224863624432238592
1224977119819849728
1224987413992226817
1225064271815593984
1224866868755750912
1225100373511172097
1224856466378588160
1224860223418048514
1224887682960150530
1224855642122272774
1225076979205959680
1225195563819225088
1225134923205566464
1224982165479403520
1225116595925606401
1225173308427112450
1224989798126931969
1224890113550774272
1225099541000728577
1225169769793540096
1224882004141006855
1224882205060730880
1225115409394937859
1225127470296375296
1224889399571337217
1224889741243371520
1225096120906416128
1224942471010045952
1224945682517118977
1225061992664305667
1224987561229258752
1224980434938781696
1224860464842264577
1225064685935964163
1224887942528847873
1225025259201384450
1224922756401135618
1224907374097354752
1224925632431370241
1225193994470199301
1225090069033365510
1224868299529342977
1224858062684672000
1225094038161891328
1225188625341648896
1225186768728838144
1225025306949386240
1225136540482928640
1225100219173326849
1224977514323312640
1225059957327851521
1224919461628497920
1225133432197378049
1224884275708776449
1224983161395744770
1225139031643774976
1224983799475232768
1225113227442434048
1224947215073869824
1224891148713332737
1225028171889807360
1225041766279208962
1225060498162343939
1224910054509309953
1224854119900426240
1225132661896818689
1225130320741261313
1225010767478607874
1225192245999144960
1225159899987968000
1224941559260385281
1224917931366084608
1224952517257097218
1225157167197585410
1224918810525757440
1224871201274810368
1224884517011324930
1224887216515710976
1225026125224710144
1224918379527655427
1225065348329701377
1225169334902849536
1224989479510953985
1225001218361241601
1224870051271962625
1225023871159390208
1225075005039489026
1225090789153394688
1225003001552740357
1225198205769412608
1225060291420884994
1225169182003621888
1225008429221269504
1225180106399920128
1225097126050398217
1225176753586524163
1225112880187613185
1225100383774748672
1225153324170665984
1224944813419581440
1225096800958328832
1225093106023923712
1225094601083703297
1224918653293826048
1225045596983005185
1225131137728700418
1225154582176784384
1225025329623859202
1225165325626433536
1224982560259723264
1224986130317074432
1224984600159686656
1224923082797744128
1224956824585027584
1224957200801468416
1225190257466970112
1225112652319424512
1225062064470855680
1224866459240800263
1225128122036772865
1225078541965873152
1225029187280547840
1225098592899096576
1224989582787334144
1224986073648041984
1225196127823245312
1225168724153511936
1225195724192641024
1225065196810457088
1224982333666840579
1225176480193232897
1224888170485112838
1224941532689485825
1224917940211982336
1224855052910825473
1224909315351302145
1224885496704270336
1224857818299170819
1225111752808882176
1224913959238549504
1225152010984591362
1224988391693000704
1224884076378759168
1225023667593269254
1224853795680555009
1225001300628246534
1225190727270817793
1224883449904812033
1225187255897116673
1225027637338411015
1224950324311601152
1224959591689134080
1225191745278836737
1224926445799010304
1224863661841403904
1225010660276342784
1225077241102491650
1225168935978274816
1225114747751694337
1224913766954831872
1225043176743931904
1225063463237505024
1225010443099541504
1224862455538561024
1225181066329231361
1225124106510786564
1225118228344500224
1225177101583769603
1224950264802578434
1225075963815321601
1224950838528884741
1225161002284716032
1225181880305233921
1224882575069437952
1224973557480001536
1225026081973067781
1224910332977647616
1225167222030708736
1225060304683290624
1225060757181693956
1225005174063656965
1224945554142179330
1225178317957058565
1225189911277588480
1225074824688689152
1225022468936622080
1224892770478972928
1224948261410095104
1225029078375444481
1224906108222889987
1224906603989590017
1225064700200620032
1225100176810897408
1225001735019610112
1224857738871820289
1224909919326879744
1225170038736543746
1225045928957972480
1224926428669440000
1225188769407602689
1224868836354207745
1224892297067683840
1225027072604758016
1224886564603355136
1225061170870149123
1225175263585148933
1225076845772541957
1225157371581935616
1224889957367476224
1225077415644237826
1225059065983897602
1225131506915532801
1225005863271686144
1224890180814983173
1225092491759759362
1225191841890553856
1225180656205996033
1225139072634687490
1224915091235254273
1224944517113090049
1224859958715592704
1225090636338036736
1224891761199403009
1225090616440344577
1225063401942147077
1224917712989642752
1224921098321461248
1224884245128085505
1225163159465611264
1225152060284256257
1225090843175944194
1225048164392042497
1225115401354219525
1225043083554951169
1225099346468843520
1225022788236468225
1225122073397338117
1224865851062358016
1224893084657340422
1224907499423309829
1225121378619265026
1225010053515792384
1224863093496385536
1224906338364542978
1225195956091514880
1225003674360922115
1224865114823761920
1225046966175821824
1225006930105638912
1224955838961307648
1225064189124923393
1224854321805717504
1224959319994535937
1225011257100656640
1224925791760183298
1224973392853385216
1225124244910157824
1225190798079283200
1224882433239044098
1224914635737964545
1225028255033458690
1224855742240493568
1224893339666931712
1225096313164845058
1225157385565552640
1225115757954072576
1225185533900414977
1224916998032805893
1225076874939969536
1224972888228405249
1224922916460081152
1224908372886970368
1224910276014641152
1225059400487964672
1225115703612727296
1224869650145718273
1225062525781209088
1224953117587820545
1224857028260257792
1224890666150436864
1225027141504360451
1224906240364429312
1224953291118768128
1225137031099056130
1225192550937444352
1225006483433066496
1225047297861603328
1224892580326002689
1225042814624567298
1224985527855669250
1225027731970088962
1224960430747136002
1224987270748364801
1225178580595945473
1224883689533923329
1224985097247522816
1225007584265920514
1225076582961696768
1225173030160060416
1225191865797861376
1225059630230986752
1224956415023841280
1225161051202891782
1225001499832483840
1225077764480471043
1225030272749580288
1224908363911323648
1225153660285603845
1224951144964853761
1224939665750396929
1225116898079080449
1224973728150249473
1224921464517861379
1225138482491904000
1224866640161980417
1225160816258961409
1225118319491125248
1225094261231759361
1225197254207852545
1225120419637682177
1224895178877460481
1225044099150925826
1225041484912697344
1225026869763936257
1225080194903486465
1224922264669343745
1224977522934321152
1224890865027432448
1225189478354038784
1224885365430865920
1224868023426666496
1224868914502475776
1225154559011672065
1224889460254396416
1225176028630351872
1225077538667552769
1225042437036544000
1225166429026050048
1224861463304527873
1225129300640313345
1224915673962303488
1224855177896906753
1224980562303225856
1224866416601358337
1225191774374809602
1224939114618744833
1225139190775648256
1224918868893818888
1225062029041401857
1224857054151630848
1225129667964948485
1224855657578287104
1224958889168338944
1225121153259393024
1225063183800512512
1224908773896019970
1225079661866164225
1225182642586259457
1225129140245782528
1225173647574405122
1224912101761662976
1225134529964396547
1225128947974672384
1224888485724610560
1225089980332150785
1225139248946348038
1225062907882270720
1225011119653367809
1225160420429836289
1224918779269828608
1225194265124507648
1225186507046051840
1224885934992187392
1225169527060733952
1225091766229127168
1225182062749024257
1224857572357763072
1225061459438100480
1225113379561451520
1225010640835579905
1225007167238836226
1224984195648425984
1224946996986859520
1224887237416050688
1225192597863456770
1225096388163272705
1225062230498037761
1225159339050262531
1225164329185619970
1225125059188215808
1225111276180791296
1225169224194232326
1225065371217956865
1225195105524559872
1224977598087868416
1225182067190726656
1224942266474590208
1225185142219534336
1225151777588289541
1225192511389474817
1224886170171035648
1225074472987897861
1225062261766656000
1225131075749523457
1225129147674124288
1224974447070851074
1224867767846723584
1225121508495974403
1225125878633504768
1225186138736021505
1225168918697914371
1225131985338806274
1225041842971918337
1225125633166057472
1225080793828978689
1224866467729924097
1225115225298554881
1225004047217954817
1225008333876318209
1225176230439288835
1225124833056477189
1225175676946407424
1224916217103704064
1225154542288998400
1225041432722857986
1225042228457934850
1225181612863868933
1225001672847458309
1225079008838197249
1224863935205138432
1225049659959234561
1224859083628519430
1224940531903393792
1224984340167262208
1225156753353924610
1224857938814210048
1224960051623997445
1225010777465057280
1224946322446438401
1224915460203991041
1224858425143844864
1225098746968662016
1224974782313259008
1225100171836416000
1224886493082075136
1224974254296326145
1225089917207924737
1224857078843441153
1225009616024633344
1224868155777925121
1224869166668222465
1224869252059893760
1225031224940318721
1225168850745950213
1225198164086575120
1225175336037560320
1225128823034929152
1225048789230280706
1224981748930547712
1225009916060016641
1224960632342163456
1225024857940746240
1224973576362758144
1224953489106669568
1225041220038082561
1225061632210096129
1224893168644083712
1225041058280558594
1225159728856272907
1224885728313839617
1224958047686098945
1225185657380855808
1225154113710718976
1225181290757943296
1225064069935325184
1225043190413049857
1224863375756185600
1224856282911272960
1225047934305046529
1225190362592903169
1225114236428288000
1225025194076463104
1224977721530302465
1225155774596382720
1225156600584904709
1225119524749361153
1225134786315988992
1225030958925041665
1225029135145111559
1225090412777332736
1225174499282300931
1225184207716212736
1225176914316480514
1225127009556357121
1225044213861179395
1225152191503241216
1225189168176926727
1225029136910966784
1224921278915796993
1225168620742942720
1225173615915651072
1224955421171101697
1224891870213365760
1224886353206239234
1225097620978388993
1225185908682416128
1225044754603266049
1224960571369410560
1224925652660506629
1225154064213737472
1225132886657052672
1225059597498699776
1225065124836335621
1224980098102824961
1225169358030327808
1224884488062238720
1225127049095983105
1225098772624969729
1224951633806651392
1225195764474839042
1224924209131982848
1225152179255808003
1225124191319416832
1225155955668721664
1224861874136612867
1225007943004745729
1224921365825736706
1225091338653315073
1224885813940387840
1225138411222315008
1225192542523838465
1225030081980116992
1225155556500881408
1225128957542129664
1224949160782123010
1225049298007678976
1225007314270216192
1224915193622409217
1225163817312825350
1225098290171125760
1224857296175542272
1224973845393813504
1225076946629005313
1224981212394999811
1225122438767431681
1225123510495993861
1224952006189543425
1225172973784576001
1225010771907641345
1224947281889255426
1224854597220675584
1225119376581505025
1224870974438248449
1225022979727249411
1225136105890230273
1225156535233499136
1225166130123132928
1225009918236819456
1224984185997316096
1225169680324800518
1224944937981997058
1224888199786315776
1224882847300947968
1225062898604490752
1224909155498065921
1224923722940739584
1225098595751399425
1225164456159784960
1225095720979570689
1224980594083291136
1225024910189158401
1225176826818859008
1225002282443390977
1224906911771840512
1225093526582591488
1225134485659967491
1224862463788630017
1224952229645312000
1224861200791560192
1225152387972771840
1225182908014612480
1224868648327581698
1225194720541831168
1225174875905708038
1224883968186757120
1224916555823104000
1224862049068404736
1225175942856953857
1224911680179785728
1224944292579414016
1225076476447297536
1225097640741871616
1224906555528708096
1225121589970264064
1224946929492119553
1224924538514755584
1225093644136386560
1224921873714008064
1225114968015675393
1224907472596393985
1225179311352631296
1224986211300904961
1224960464431415296
1224950176235671552
1225091933850296321
1224945286855852032
1225123626543874051
1224939729851863046
1224863961662836743
1224942994387718144
1225044289987796997
1224869468595195904
1224957292505788416
1224941539589099521
1225195753653428224
1225119535205900289
1224912841125183488
1224885369583423489
1224958362728591360
1225011311467098112
1225042937760776192
1225090649990606848
1224957516049719296
1225094561506054144
1224884184377974789
1225123961039728646
1225174728832319488
1225041956771966978
1225049565138751488
1224973354815213568
1225090491647188997
1224858825125244928
1225198244390678530
1224946921661501441
1225092876205547523
1225191133065699328
1224979035488317440
1224913935221968896
1225161652934512640
1225120911461945345
1225129491871215630
1225074270834847745
1224942576915992576
1225115537170206721
1225176356876640257
1225127398703759362
1225098302695313408
1225044342508806144
1224888559665999872
1225192227930017793
1225170332249677827
1225186949696237570
1225078040973185024
1224853729582645250
1224882233942691841
1224865004819828737
1225111035734118400
1225100200894590976
1224920385285754881
1225095390829207552
1225022564793188352
1224856752077729792
1225111003282788360
1225158022990684160
1225122079864971264
1225134877714022401
1224954226297597952
1225047012028174336
1225095902349660163
1225002040750796800
1224987669647765505
1225063431285374977
1224870613849923585
1224951262589800449
1225123169603932160
1225077224711299077
1225163682205904896
1224942605068382208
1225026457161760769
1225152866387550208
1225059469962272771
1224947973726953472
1224864600853606401
1225047850540814336
1224891708137181184
1225012036137971712
1224859259701288960
1224894616853340160
1225094359814635525
1225127014203645953
1225060564075978753
1225172189269385216
1225027991492800514
1225137368908386304
1224856232571260929
1225042911051386881
1225063838338256896
1224888125622644736
1225079066946043905
1225075037482278912
1224911327967109120
1225196510511394816
1225060011103133702
1224977507499302913
1225119185417666561
1224885051793391617
1225094476097392642
1225080366140198912
1224854018587086851
1225180271303106561
1225184443528171520
1224989816787546112
1225094837155708928
1224920507658702848
1224983167230205953
1225062319337566208
1225192377440034816
1224959646407983104
1225162481221492737
1224888255998517254
1225022484065419264
1224889997855272960
1224985186212835329
1225190326081478656
1225191268877250560
1225001367967694849
1225128035445329923
1225126442192850945
1225091422333726720
1225133233987293184
1225124553808076800
1225151886350680064
1224943619188187136
1225029172780601346
1224983536551301121
1224986027166593025
1225196791668150272
1224939485571551237
1224979704353972225
1225044324666052609
1224947289698926592
1225010046402277376
1224959010484490245
1225177121628327936
1224979356763619331
1225134959079280640
1224959974067068928
1224922196398592000
1225063793094352902
1225043933060722688
