1233847595077980160
1233842604497920002
1233803519666180096
1233794386472972288
1233731320548937731
1233733770202755073
1233651749782802432
1233870174656385024
1233649379870855169
1233587483776028673
1233766228591771648
1233626325295992832
1233579543497256960
1233855469422358528
1233652235801944064
1233656031277993984
1233844285860085767
1233759616951083008
1233690427007602691
1233738322696122368
1233679140408188929
1233838122498220034
1233771546348576769
1233763236576727040
1233604731387469825
1233615625672699905
1233756287172780032
1233752168395616258
1233887080972943362
1233576981683412994
1233744044444045312
1233608098134269954
1233562521312710656
1233758082511097856
1233723399437979648
1233626166151589888
1233646531594641408
1233848123447009280
1233600676070150146
1233754337412878336
1233623131694059521
1233856219904925702
1233776306807922688
1233695676900552706
1233655361401311232
1233656538298036229
1233702044453744641
1233582663291682818
1233786975804624898
1233769502954999811
1233691643984961537
1233591858493784068
1233845104957444097
1233881120707694593
1233691442951811072
1233547218688176129
1233883651500167170
1233795803749109760
1233776280115408897
1233607529986428928
1233665550489989124
1233602767828213761
1233895053539643393
1233708252522782720
1233638098459856896
1233871961148624896
1233777436262903810
1233845271110602753
1233825747242045440
1233605809839497216
1233576117002362880
1233847186682716160
1233680486200942592
1233674784413638656
1233569479721996288
1233868889857122305
1233679436232265728
1233594917009494016
1233671689931649024
1233814607468335110
1233586801647816704
1233616730879971328
1233649660218236928
1233901120369524737
1233615780417343491
1233581264474693632
1233708617582272512
1233575482664390660
1233836911015407617
1233873174888095745
1233602378617802752
1233812739262500864
1233583912879824897
1233663732103778305
1233818837486841857
1233848015569338368
1233897728964485120
1233878515784790018
1233689543989170177
1233847704163360769
1233574443429089283
1233807807897575424
1233858751997845504
1233862434311438336
1233768556543823872
1233730606930055168
1233770184156090368
1233773538047213569
1233873614962741248
1233599892318310400
1233827759497105408
1233856647564578818
1233775470656622592
1233846383339241473
1233753383485480961
1233640959470133248
1233561783782100993
1233784647017828352
1233818223344115712
1233633884291653632
1233740953535549441
1233696233706921984
1233716405578739712
1233891932541247490
1233781346125983744
1233802106554998786
1233898171849494538
1233892340294615043
1233840982296268805
1233717397627928577
1233880991296638976
1233562074812317696
1233757728872550400
1233770915344736256
1233865576726061056
1233636031527735297
1233598703526711296
1233698178836373504
1233823984778727425
1233837038807519233
1233871313627996171
1233715439710228481
1233621090099875840
1233783918211608577
1233771544553435138
1233565078810574849
1233793613311696896
1233561210127364096
1233720448094834691
1233610519803760640
1233825966755065856
1233858092821098498
1233883479756009472
1233827486548578304
1233703125631946752
1233612442191704064
1233852219453210624
1233659241484996608
1233810214325014528
1233842104146808833
1233693241213505536
1233639576058511361
1233853690903175169
1233656150853242881
1233621480396804098
1233880238687477763
1233864575352786945
1233836180099280897
1233886816606064641
1233843465114603522
1233716585069629441
1233718554266161153
1233789464339795968
1233657098195456000
1233737553594941443
1233763216150454273
1233801260546936832
1233787587615002625
1233752068625780737
1233780148786225153
1233575170163400705
1233793520231735300
1233780230231191554
1233788803065708544
1233847973123104768
1233772919827976193
1233725288003129345
1233609803072667648
1233743027174174722
1233726747524452352
1233884442139209731
1233890341343895553
1233835621208207362
1233836351922925570
1233602620859666432
1233628183523495936
1233749035644805120
1233791948168876032
1233788570210574336
1233616132327792640
1233709114187907073
1233679784963522561
1233876869591625728
1233795458671226880
1233837542455332866
1233584553173934080
1233871110556585985
1233708590634033160
1233888407589392384
1233755995945480192
1233754064824999936
1233696711551463424
1233850608395997186
1233726885227462658
1233895587457781760
1233633067194974208
1233614542984372226
1233666901202657280
1233689334408077313
1233899666506424321
1233835711855501317
1233678988171759617
1233675044850552838
1233661431540633603
1233900615736053760
1233622764054925314
1233847397572390914
1233825486280761344
1233788778894020611
1233887838774554625
1233884547500167170
1233764149718446080
1233839562058649600
1233888748678635522
1233838135005630470
1233587429157654528
1233824114881843200
1233661658305847297
1233801874907643904
1233616753848045568
1233863485274017792
1233597768196816896
1233643957298462720
1233727869685092353
1233838275841929216
1233573166879891456
1233657210799935489
1233772062587658240
1233783989032423425
1233811685250600960
1233753318075379712
1233727624523874304
1233621735167217664
1233575258235514881
1233796911678869506
1233586526535245824
1233562084157190144
1233817468482850817
1233800136150671360
1233815875423215616
1233558649772990464
1233868316315279360
1233697060123283456
1233704272568688642
1233865085556330497
1233901932680548352
1233838474341560320
1233882580442808320
1233869377373720576
1233805165007798273
1233612793472925696
1233865267693989892
1233822666278068224
1233852079426408449
1233837022638485515
1233590824555962374
1233857780383191040
1233609651641573376
1233866179783032832
1233607203703025664
1233640193636343812
1233835236796108800
1233901770012811265
1233728684948938752
1233694506110914560
1233868067597377537
1233843834766995458
1233756584754343937
1233592893417443330
1233865569687961601
1233776108350459904
1233811185247539201
1233586682785484802
1233830461232705536
1233877286069428224
1233765385167523840
1233757522735116291
1233604843396325376
1233573750626541570
1233829092530819072
1233792772890595329
1233847400759996416
1233766802330505216
1233887054603440130
1233675572338925568
1233789557943832577
1233825548222201862
1233655334540984320
1233737115973890050
1233592145933733888
1233591128038854656
1233730376843120640
1233689911729033217
1233711108202139649
1233874180090814465
1233685224447344640
1233871337484980225
1233624430548406272
1233721567043035136
1233742355087400960
1233841795454423040
1233902397337899008
1233553079594823681
1233610290572537856
1233559314880745477
1233754221297774593
1233904000728059905
1233809153656750082
1233835376525090836
1233759159985684481
1233728355041595393
1233670379924852736
1233564816075304960
1233888133713928192
1233576488215154688
1233783374281662464
1233703194410307586
1233877546720268288
1233782996836028416
1233672637596856321
1233808455426879490
1233800807822319618
1233737721044180992
1233791549521235974
1233673403111858177
1233603518759464960
1233580316419395584
1233580247871717376
1233706970013741056
1233570658862239745
1233576603298476033
1233648188122259456
1233899103676981248
1233808434891567104
1233837444342198273
1233751754858225664
1233563053859336192
1233604049640939520
1233702814779445248
1233547001100455938
1233806846256873472
1233817822863798273
1233690428307697665
1233801563698683905
1233771516350935042
1233759381671620609
1233743570286317569
1233644388909223936
1233568827516039170
1233606670351134720
1233638108064821250
1233877898865459200
1233830865144250369
1233580273364692997
1233889605423898630
1233702602564493312
1233872764831797248
1233572837342040070
1233728061348204544
1233850270058188803
1233720500792307714
1233619853581455360
1233729318095859712
1233834153814065152
1233894474583068673
1233598305424347136
1233779408323870721
1233861899793485824
1233737936698347520
1233608429085741058
1233574307856412672
1233595420493975553
1233813567352311808
1233599177583521792
1233599689917812736
1233852326470914053
1233691431660748801
1233569807146065921
1233622081247440896
1233826396813787137
1233763683517464576
1233630981560598528
1233739030015201280
1233675472891834374
1233565212801929218
1233641964702035975
1233804882001485830
1233740398218153984
1233867701086384128
1233869243009175552
1233895304530944001
1233885249039478784
1233560497464713217
1233883802981847042
1233576288037883905
1233787114879275009
1233878332539838464
1233627248198144000
1233547131119534085
1233900350962372610
1233819968942280704
1233738496524742657
1233615665975545857
1233766841740398592
1233659636084961281
1233875706742001664
1233744411235885056
1233601260605132800
1233844605600387075
1233877868037447683
1233795555643490304
1233823661792145408
1233848298152304640
1233604082062983169
1233748358096916480
1233899810161397760
1233789894885068802
1233782741411516416
1233765347074830336
1233594217793904640
1233740576484446209
1233626059679027203
1233672845735190530
1233661365199355905
1233705460072665090
1233776209156300800
1233831972100661249
1233719937467850753
1233729267231600642
1233870853814837248
1233665081520640000
1233726508465827840
1233815885728497664
1233841649828204545
1233858099355631616
1233854141904105477
1233583718910038016
1233887806390439936
1233870696129814528
1233798904665141248
1233897244174229504
1233663132154753024
1233806402889625602
1233577770137145345
1233592131396071424
1233834122377859074
1233799527930454016
1233739200924725249
1233626584390619136
1233590016221306880
1233753765922136076
1233882688290983939
1233653312152432641
1233711294286422017
1233874828395872256
1233742838032105472
1233754505642217472
1233845432201158658
1233900372021960706
1233862687827931142
1233883589307138048
1233736228639563776
1233825178494345216
1233796301600546818
1233572575432904709
1233567164747206658
1233856017798172675
1233691667896532992
1233730567205785600
1233760714973761537
1233877230842830848
1233829727783264259
1233661984584790016
1233867652810104833
1233600273555345408
1233546430293299200
1233598296641413120
1233675907832872960
1233875311311368193
1233806724915744769
1233864263669706753
1233561932587814913
1233708421293182976
1233822163653685248
1233640671757520896
1233891716333211650
1233754757468237825
1233850054609383424
1233744379224870913
1233830628174503938
1233899328902594560
1233870642476285952
1233552895414587397
1233591451444969474
1233624710186815494
1233649469964587008
1233580747728064514
1233729182313566209
1233553049978908672
1233827245522849792
1233904723842850816
1233561093273944065
1233853271732699137
1233559088459546624
1233583284799639552
1233630274698665984
1233877901394796546
1233843648481067008
1233794339270254599
1233854458334982144
1233837215073099776
1233855155075940356
1233620506332581888
1233610239515222017
1233806984278765568
1233826136116756481
1233883208527368195
1233876869696675840
1233804576723292160
1233744936459231234
1233848043600039937
1233900047399555073
1233768774228049922
1233810001942048769
1233564965300326400
1233621885725937664
1233870651204784128
1233627893772607489
1233788532319125504
1233574409157386242
1233593955201273862
1233712079879753728
1233777633835569154
1233857475406901249
1233736426707181570
1233842974238420993
1233710766001442816
1233751956914626560
1233650446243221505
1233735256915816450
1233820672415215616
1233805844694937604
1233870548456951808
1233812287099564034
1233722644383617024
1233746505586151424
1233837119933730816
1233705751966650368
1233904770122842112
1233647105807269889
1233821217821544448
1233832840036376576
1233798571973136385
1233827089280720896
1233800857994567680
1233778079841038336
1233853914195382272
1233892240495300608
1233805717704003585
1233787607567536128
1233804129220354049
1233598416149721088
1233832467603316739
1233842787377930240
1233850879507410945
1233743778114101249
1233852698518343686
1233804473979396098
1233623539996975105
1233820815222886405
1233561504407945216
1233595807804215297
1233761608062529536
1233841512057909249
1233784257174106113
1233830074132000768
1233824270641315840
1233728454409039872
1233553267990372352
1233880281691586561
1233577845785612290
1233763992624979968
1233858950375837698
1233662422491099137
1233891356763774977
1233614337652051968
1233610816794046465
1233725274363064320
1233752266991177735
1233882525245825025
1233847800888164355
1233896138702372865
1233693430125035521
1233634965436452864
1233778849302728706
1233831880404893696
1233731460332425218
1233785560050724864
1233702703261507584
1233830616598269953
1233838946628591617
1233644170591514624
1233795223123320833
1233713293321293824
1233698279285637121
1233633147855818752
1233783152709111813
1233848056086515715
1233796273796345856
1233894691399249920
1233768875222687746
1233864933701492736
1233667152281923585
1233571570368430080
1233823008839491584
1233668177890074625
1233650584017866752
1233619132991647744
1233807237283532802
1233787588089012226
1233715611479527424
1233575354494746624
1233704447202619392
1233743540859080704
1233696700986011648
1233644118149980162
1233671396510728194
1233616732134178816
1233598750398042112
1233787467666378754
1233597811976835072
1233600468200411136
1233831593044795392
1233876536555687936
1233792263425347585
1233860124072083456
1233852394749997057
1233820262442786816
1233834200199028736
1233899044004454401
1233599824512966657
1233547736286466050
1233745241255108608
1233841240510226450
1233889815805878273
1233874640793006081
1233619941456109569
1233824182082953217
1233859741081796609
1233710503421042689
1233619780042547201
1233824349406318598
1233576848224813056
1233711192637607938
1233559318923841538
1233883279750836224
1233714717656526850
1233546612594630656
1233732366612541442
1233854216504037376
1233870515564974080
1233794917220126720
1233609067802906624
1233641795826831360
1233674608299016192
1233834401819021313
1233808410191310850
1233560660035895297
1233630508728254469
1233560993361547271
1233834896491085824
1233862356045881344
1233584308855746560
1233631066587484160
1233838178743832576
1233775575262564353
1233854998867513345
1233579437620449281
1233878355910381568
1233628248623288320
1233854456611119104
1233876210402250752
1233734729565974528
1233705998071795712
1233884328783941632
1233760646405218305
1233852379822534658
1233765628693172225
1233858565535944707
1233596302698565633
1233850444927074304
1233820689834090503
1233796002076864512
1233581609997217792
1233605008513536000
1233585181442760704
1233894830926974979
1233826456976994304
1233873991699439616
1233577588473221121
1233623762622279681
1233644500146380800
1233694771870388225
1233805949372129282
1233865381242032128
1233817394327572484
1233874286210842631
1233846056263110656
1233574496948215808
1233775748118245378
1233696606823895046
1233877268000169985
1233810294356529153
1233637184093196289
1233765629204688896
1233794743651438593
1233886493447512070
1233786966824693762
1233852192244862979
1233735977199448070
1233824554276933638
1233730088044318720
1233791856825241601
1233767519208558592
1233706681323999235
1233884768049090560
1233672341164560384
1233592728010682369
1233818644657905666
1233611941018578945
1233643535322140673
1233626118789488642
1233797556930523136
1233560940978851842
1233570555955236866
1233668216121102336
1233638549074927617
1233897854831230976
1233898468868943872
1233659621274943489
1233650416287723520
1233772794426454017
1233829045017726976
1233764195004567559
1233766930240212992
1233638488672653313
1233794475874496512
1233650701873618944
1233879789817167872
1233885692343857154
1233643815451447297
1233734074356899841
1233726535263277056
1233884699723878400
1233897673511534592
1233867574690975744
1233662607774511106
1233847091681779719
1233733510046740480
1233823613998030848
1233862678076100610
1233626056621543424
1233767119839465472
1233553091712225280
1233626738799759360
1233618487236603904
1233611228452458498
1233559662236241927
1233788442636627969
1233757081846472709
1233713138882826240
1233559319700000768
1233888719771488256
1233741924218982400
1233568639472635904
1233673343594721280
1233582715485556736
1233622170187661314
1233876765292015616
1233795585746112512
1233665955756171264
1233875532422537220
1233810968536387584
1233715583104929792
1233673990406754304
1233581762783174656
1233578134437367808
1233757302517313536
1233633004645314561
1233731571007574016
1233564059133456384
1233753993354018816
1233832479276044294
1233863015835095048
1233876427327426560
1233829941847834624
1233892275509485573
1233788680764100609
1233690669664915457
1233674892572119041
1233752624568119298
1233897746911973377
1233745482700206083
1233568866753818632
1233589620274860032
1233599501899882496
1233862851678179328
1233853760360927233
1233618149746061312
1233852278710259712
1233853566806261761
1233771389716316161
1233747527381458945
1233815157282918401
1233648402593796096
1233610834749743104
1233864756320075776
1233846973565792256
1233768457650540544
1233772692291178497
1233737337563238406
1233756384048467969
1233889180020887553
1233591513311072256
1233663534073925635
1233836315696934916
1233598842874056704
1233855598955040770
1233895249774145541
1233592933883887616
1233726115665076231
1233819519308771329
1233798758888026114
1233800311451652099
1233737181744828416
1233663654559502336
1233581588203679750
1233810617095639043
1233688095305822208
1233581165908545537
1233873137550282752
1233790409765199873
1233646901700022272
1233722458567475201
1233575042358956032
1233876194132725763
1233837454643355655
1233579486525841408
1233776159193567233
1233892827458916353
1233805773509218305
1233864901090775040
1233866995621298176
1233640539414659072
1233765339306938368
1233885108047896578
1233697830679826432
1233604155547246592
1233888400115023872
1233819388152811521
1233571807829143552
1233567517941149696
1233685064384270336
1233633742704406530
1233837104423145473
1233860997732917248
1233762150386225152
1233831683415248897
1233575727645233152
1233759439108349954
1233749991715491840
1233889785338564608
1233722970956271616
1233745817997135873
1233760995681673221
1233795337632002049
1233855971958480897
1233843291604557825
1233604004824932352
1233659823755010049
1233833045138059264
1233703996415672321
1233882740988284928
1233738346066632704
1233779774226563076
1233829379802902528
1233783161441488896
1233869216891232256
1233578740594044928
1233825352302125064
1233801310945914882
1233719682609205248
1233719027945627648
1233883185957593088
1233770837632634880
1233700259118735360
1233643460491718656
1233889473877901313
1233623789562261509
1233863353308766209
1233673983989407746
1233617848947265538
1233710018156994561
1233794620804542471
1233739629859426304
1233658744891834368
1233747395663597571
1233649460024049664
1233711473979002885
1233732476587184128
1233828628900667393
1233886243211108352
1233731823898972162
1233581796983439361
1233589342796419072
1233816096110792704
1233879354406580225
1233597177949122560
1233767893277585411
1233888574686334982
1233766200024289282
1233899577696120832
1233818496225529857
1233640339174559745
1233891353794404358
1233594940107550721
1233733716725231616
1233864370758787072
1233679682836451333
1233580572527747073
1233818637145759744
1233791016638939136
1233559669202968576
1233884907363086337
1233694813343514626
1233781481723584518
1233812060733091841
1233839327538335744
1233793576481558528
1233771454417788928
1233709945608134658
1233837754611650560
1233630220416114688
1233796577170460673
1233626355159330816
1233594849309446144
1233754006406733825
1233810936303095810
1233587993904123906
1233697193980235776
1233669529227665410
1233597974288240640
1233684637869842432
1233661150161600512
1233859170849325056
1233876728424128513
1233695554905018368
1233602263353937920
1233652478966730752
1233735984937918467
1233579294737211392
1233824139078619142
1233783728826200067
1233821397127958529
1233761095275438080
1233822786306527232
1233671499413741569
1233786199942123528
1233878529944817665
1233898649454862340
1233679722606977029
1233874479471833088
1233661681563316227
1233574555316375552
1233587310790246402
1233739215529222145
1233823888288763905
1233898412996734976
1233783298327007233
1233853042270838785
1233755345853370369
1233903280616615936
1233716973395116040
1233689953722175488
1233609950070370305
1233867689455767552
1233759837185617927
1233676003890868224
1233596469652992000
1233749083824762882
1233865714316009473
1233819096661319681
1233581888960204800
1233794208164712448
1233895736728788994
1233755810477400064
1233829046141771777
1233825111368749058
1233610470491394049
1233593780097314816
1233774818022920192
1233760734896697345
1233664382531358721
1233605219428159490
1233600510684487681
1233602730247090176
1233802878990606337
1233610444272799745
1233751540650954752
1233842636647260160
1233743109449711618
1233601801439600640
1233572007192625152
1233568021811286016
1233817465613774849
1233696609957023745
1233654685090951168
1233837976435744768
1233656288464125952
1233685387127795712
1233579404602806278
1233731416707473415
1233546389759676425
1233609890037477377
1233688425406091264
1233557944513384448
1233823514005733376
1233677888941019137
1233879199884173314
1233598075618263040
1233720376041070592
1233656642023165952
1233771581920464897
1233888029657485313
1233780549183004673
1233720547269173248
1233799867639586816
1233828111013359618
1233811229971365888
1233702644134371328
1233770313671938054
1233611829726732288
1233850760871501824
1233773745782681600
1233811904361041920
1233855290682019840
1233729236516704256
1233826586215866368
1233636010103209984
1233634805587136512
1233854803664613377
1233565020916764673
1233623073833791489
1233614691915751424
1233715073476112385
1233575257472028674
1233742188225466374
1233780741835640833
1233810589899612160
1233892345956962305
1233688068395327488
1233586133428137986
1233650494041722881
1233655527223255040
1233715082145751040
1233750621846691840
1233802798606667777
1233778179606708225
1233842578459709440
1233758191206510594
1233629108204122112
1233632325507792896
1233754270748565504
1233702559870783489
1233826065187049473
1233766537816875009
1233604358228496384
1233586839656837121
1233828448398987268
1233818045845401600
1233820850656247810
1233869876936224774
1233571982194675714
1233859049181106185
1233868054339235842
1233582141260341248
1233839425400037383
1233687983599112192
1233656266012024833
1233759634177110017
1233844125788753920
1233615922155229184
1233831242912522240
1233684229541769216
1233719669338640385
1233858679511928832
1233754984245841922
1233887702946213888
1233874333321302017
1233864833704943617
1233686480586866689
1233855893646774273
1233824101971701760
1233611457746612224
1233807056236417025
1233775721555910657
1233757507438489602
1233789334945435650
1233643501612605440
1233635315837030401
1233679128039219205
1233752924863504385
1233801515401392130
1233783640871653377
1233802404904259585
1233654652295467008
1233626933944111105
1233641049651916803
1233813711858651137
1233848520790151171
1233800574677737474
1233600065438179328
1233775589892534272
1233661237277446145
1233798761308213249
1233881172217909248
1233660158666039296
1233839119521984513
1233880266646491137
1233859561498476544
1233644083131887617
1233605231117815808
1233570962609709057
1233586666570338304
1233761208299376640
1233794223176114176
1233608159325032454
1233584484446015488
1233650176734253057
1233553461267951616
1233638722706509825
1233871576161894400
1233695069003083776
1233809113475403776
1233889774051590144
1233761415128850434
1233718751771725824
1233889083736383488
1233563923896397824
1233866547430596611
1233743091657560064
1233861437895794688
1233563249813151745
1233662185928159232
1233852871541710854
1233888218631802880
1233899350989787136
1233731649944334337
1233610380909383686
1233852161496420353
1233772352942608384
1233858219220590594
1233559643063865345
1233628640501522432
1233797118973923328
1233835405776183297
1233841868217241602
1233803458735525888
1233789172378406913
1233661139591917569
1233580596292661249
1233866381336207360
1233786391798009858
1233885174649081856
1233573514193428481
1233730479825866752
1233573703621005313
1233880447144337413
1233603282913746944
1233854269414989824
1233801233493712897
1233846847678164992
1233850430783926275
1233594945698762752
1233806199004352512
1233743562174423040
1233768003977777153
1233600363716055040
1233560302790246400
1233889223834578944
1233691001086234624
1233732908134916098
1233791967978455040
1233865608673935361
1233576175642873859
1233894617034166272
1233606711182864385
1233564042192703489
1233818210300026888
1233798064630095873
1233730828519321600
1233780081467838470
1233795183919140864
1233697389057368064
1233888677211885573
1233823909872619521
1233838043389452289
1233890041312763905
1233598321945718785
1233673369402454017
1233730025997897728
1233564448431853569
1233775872815046658
1233690764867252224
1233574417839611904
1233809788385071105
1233626978147848192
1233802560684875776
1233569705253724160
1233711986334146561
1233640060915998720
1233552676891320320
1233797820479504389
1233696346999283714
1233643802948071425
1233899177840664577
1233668925117935616
1233589558555619329
1233833750993231872
1233642461060165633
1233671486730313728
1233822745751883777
1233877808625192961
1233823529776361482
1233825462377279488
1233823287958016000
1233624218853466113
1233828914071343105
1233644319002656768
1233672550514855942
1233564362029326336
1233901861591076864
1233851951546281985
1233795046152925185
1233818221116964864
1233838451335675904
1233656552608813056
1233611415547719681
1233871376718626816
1233651170763268097
1233798127242530816
1233865730233446400
1233574782932856832
1233718666916716544
1233594131584344074
1233624944019484672
1233725398292353026
1233898057084870656
1233772127075041281
1233609265652387841
1233680551514521600
1233667136515645442
1233592818557317120
1233750939347148801
1233819821692850176
1233766372108390404
1233571362561761281
1233604124983386112
1233750358826115072
1233774314169593858
1233589132594642949
1233643045309931520
1233610673231261696
1233581756630130688
1233837827756040194
1233575419942723586
1233564029265707008
1233673875151560705
1233899436989919239
1233780367066378241
1233618340007956481
1233826393873690624
1233696747358171137
1233754878050283520
1233569120181985281
1233678290063216641
1233764748010967042
1233583692334927873
1233661413354283008
1233725892007952386
1233875450637832193
1233679572119351298
1233596074163658754
1233900817775833090
1233563681297960962
1233800568218554369
1233692610545508355
1233553150197587973
1233665441844924416
1233726249589018624
1233836144305090561
1233696306054348802
1233593104327831552
1233883924587261953
1233813783199584256
1233895949661065216
1233662339611791361
1233570656190484481
1233648700221804544
1233765632820293643
1233709688056840192
1233612880454602753
1233629570898763776
1233738330904367105
1233822463944990720
1233789451018522624
1233569744281690115
1233625216753864705
1233837894151876608
1233656694007193606
1233702589885288450
1233611351853092865
1233825029722386433
1233855661412216832
1233817603673645056
1233741222352687110
1233580391182655488
1233774379487694848
1233757882925174784
1233688621955321857
1233623885993500677
1233788385237635077
1233744399802273795
1233737461169303555
1233878826603761666
1233790768667492352
1233832959892971520
1233820244235284480
1233754699809116162
1233622836859699200
1233892337270624257
1233796038428770304
1233643275778584578
1233873817174446080
1233809658445475841
1233867505564704768
1233612908531154945
1233662730051125249
1233783596625907713
1233879462426660869
1233884576159850497
1233833342644015104
1233570422253187072
1233848214182338561
1233801859938344966
1233699848869810176
1233602587900903424
1233864958737178624
1233729354720587777
1233766477007745025
1233779806816362496
1233744713351598083
1233858285108965377
1233562441449119745
1233875597979373569
1233845507052621824
1233784129382223873
1233891787132919810
1233887547178311682
1233829897640042496
1233752268521893888
1233574908627689472
1233850813883277312
1233712373388713984
1233773344333258753
1233589615925194753
1233650641408532481
1233623874849271808
1233865042967375884
1233872578462261253
1233893185727934466
1233885601574854657
1233806430055976962
1233576547308584962
1233876375339225088
1233770502100930560
1233571902565818368
1233814363020103681
1233678941380055040
1233903271309238272
1233748799123644417
1233558882636701701
1233798218812710919
1233876384776257536
1233731040046350337
1233850499738329089
1233685590010286080
1233780646893494274
1233622467773652993
1233809915304697856
1233893902836477955
1233721998238461952
1233643608483323904
1233868081170014208
1233587905446039565
1233661451631570945
1233598137408737280
1233574235135782922
1233840866286080001
1233636796103303168
1233636120107397121
1233766052602970112
1233803568408416257
1233615595100426241
1233897114935218176
1233895515307245572
1233820261964800002
1233690647443300353
1233796918771318785
1233855618282348545
1233591416481288193
1233609808026259458
1233783665202589697
1233800090483122176
1233561596342996992
1233646784410529795
1233614232492462080
1233725519948021760
1233694808788656128
1233849218693025797
1233581408406396928
1233841619498962945
1233617419291308032
1233825325370363904
1233730389396643840
1233837855010689025
1233825232131104768
1233584049521876997
1233832316956340224
1233609869330132992
1233679789761998848
1233849325626830849
1233781126247747584
1233610301657894913
1233790153665150978
1233872333485592577
1233741570366636032
1233835882781634560
1233649831723388928
1233684184985751553
1233881755708424193
1233761865072689153
1233802622034944008
1233628077483347968
1233858890359427072
1233833026666352640
1233724700649455616
1233871681216827392
1233831077388726278
1233553023747710978
1233655448844349442
1233704601246765057
1233707851241136128
1233806712186036226
1233884264804093952
1233705009294061573
1233682457083420672
1233902043301109760
1233807576179073030
1233603183991091200
1233756008167739397
1233632664718053376
1233849790041067522
1233560694743687168
1233575980171759616
1233553431102619649
1233617468548997122
1233865492022120453
1233575199288762368
1233811753739472896
1233849004255064067
1233723963290812418
1233796592362283009
1233755406427660289
1233865464779927552
1233681121948454912
1233760356394323968
1233860188492517376
1233728810614325250
1233812442171559936
1233847797297881088
1233845199958401024
1233674195902447618
1233693200541519873
1233822796926586880
1233821756055527425
1233899813759926272
1233585781140344832
1233621617198002177
1233558970624806914
1233904002653474818
1233791756874981377
1233613193169129473
1233618917534437376
1233903610414563329
1233868388717301760
1233798365260832768
1233702386067267584
1233665567988387840
1233601012021284864
1233836055859810304
1233860251834867712
1233571384170811393
1233649579024883712
1233770403094396928
1233596917415698432
1233781613781061632
1233844400003932161
1233832844025196544
1233847992299462661
1233598407719170048
1233811623359348736
1233886959019253760
1233560972239003648
1233553167645802500
1233727513622237184
1233599294407684097
1233850509062295558
1233839095270559746
1233835971910737922
1233853650080083973
1233570736893288448
1233861647212699648
1233880142998626305
1233712575629713408
1233822657545523200
1233679679850151936
1233903255379496960
1233667619242168322
1233682333351411712
1233573534221336578
1233569297961750529
1233607640191815687
1233655192861605888
1233785800694755329
1233587809409126400
1233858426201165824
1233606346651492352
1233610338496663553
1233734509557882882
1233788436844285962
1233849472452636672
1233815895794966533
1233870585513398272
1233575861875441664
1233685555600330752
1233887408615239680
1233764105539878912
1233812666982051841
1233870826702868481
1233623673736749056
1233737122646855681
1233787367464542216
1233696299209412608
1233704651159220224
1233668542823829504
1233845255658758147
1233904585359622144
1233592261000204288
1233598259710398464
1233786418297700353
1233862457392713729
1233723656943132672
1233558678357213184
1233577236931858432
1233687517175500802
1233725983070572544
1233610040487088128
1233787569323827201
1233832728556163072
1233675094368669696
1233763939600781314
1233638166604599296
1233857244447563777
1233610819222425600
1233895239909134336
1233777570329636867
1233628871905378305
1233748470865039362
1233892256462991360
1233761316692725761
1233820219099033600
1233799917321302016
1233900878572269571
1233598492552990720
1233854784232448003
1233610138847719429
1233726132240949248
1233864463649894400
1233615401252114432
1233901834781151233
1233763985767329794
1233762445040214018
1233708175037288449
1233825258815344640
1233858448409931778
1233896109904453637
1233608796057915392
1233634052097232896
1233882762211282945
1233593714263515136
1233596653803909125
1233565092203159552
1233807461766684673
1233800893407035392
1233769121705267206
1233819603970777093
1233582755075612673
1233818405427281920
1233854461644333056
1233581248234299392
1233726030243717121
1233599283305369602
1233793328807727104
1233756517289152513
1233622353382260736
1233872230712520704
1233812290308231169
1233820621714448386
1233820408027238403
1233738264739241989
1233861078594965504
1233732141936238592
1233900376702713856
1233773409575854081
1233808941513105409
1233623281510436866
1233817802668154881
1233628666770448385
1233866678682996736
1233779137183088640
1233606225100754944
1233617145164173313
1233629523108757504
1233834866673770496
1233887711032791040
1233621546410835968
1233720452796674048
1233705167989673986
1233699550872903680
1233558498329399296
1233853017155342336
1233894529847029760
1233844393863458819
1233832466881794049
1233896086676344832
1233741765699608576
1233892628007194624
1233747418698657793
1233673677629054976
1233856087398502401
1233791895920209921
1233821128214401024
1233899477519306754
1233841323855273985
1233758345040998400
1233792420321488896
1233852472529018880
1233607668247486464
1233567435950784515
1233875665331642368
1233587809992114176
1233854979007557634
1233780304575266821
1233648277020532736
1233785629873324034
1233821766977564676
1233889720050081792
1233561322387693568
1233846086491504640
1233604698298552321
1233821761206136835
1233765373998174208
1233762022300536833
1233653953574981632
1233685564907540480
1233696689594105858
1233794967283339265
1233779031788515329
1233808520652447751
1233885759888928768
1233812125656788994
1233893716986908673
1233825007081545729
1233840226277085184
1233580450645467136
1233829876483919874
1233713288300695558
1233854062556274689
1233604635614679041
1233741640155779073
1233628446103867395
1233819570303049728
1233749662164803585
1233787229358653440
1233798941453561859
1233897266529939457
1233866553805934598
1233591872213471232
1233841592252891137
1233840626107547654
1233683061629284352
1233716145271623682
1233876614343274502
1233812241549447169
1233769114822422529
1233819398143500288
1233823414583992325
1233795560160677888
1233776691425746944
1233576483295121408
1233766910971580416
1233722040101810181
1233832048906948613
1233855103687417856
1233843880350535680
1233774115837837313
1233833479483330560
1233748656702001152
1233707842479091712
1233716151676366848
1233846478403059712
1233598632567431169
1233576323219673089
1233794548385689600
1233874499419938818
1233605589042855936
1233900400501252096
1233772318037544960
1233871170577063941
1233576690460180480
1233609329716027392
1233773379733217281
1233702978638557185
1233790914990088197
1233592294294470656
1233779691485573120
1233776782123393029
1233725789025263616
1233805865582501888
1233883652049776640
1233743927259344898
1233668539086786560
1233649238892044288
1233832213420167168
1233616130931150848
1233760504910417921
1233613892611387394
1233644342658641920
1233607809817690113
1233765481762508801
1233583366680657920
1233854650282938368
1233779935774466050
1233806637066018817
1233857253192720385
1233706024315564032
1233620814479548416
1233824346789023745
1233798150638440449
1233661944000729088
1233845407094059009
1233744544111439872
1233778674190704641
1233605554821566465
1233593471388258305
1233651548569382912
1233760315873144833
1233570526087598080
1233707614195736576
1233822708711989248
1233557890243465216
1233823937634529280
1233641036657971202
1233860011085848578
1233618563551899650
1233629346360954880
1233702779966767104
1233607494200680450
1233801699564740609
1233870221359734785
1233852734387970048
1233703367060467717
1233760490658115584
1233753045617586177
1233812961929703426
1233871346079191040
1233803139859402754
1233812125002407936
1233771519098183683
1233682041251778561
1233821353410781184
1233732134352887808
1233611967887097858
1233806594892345344
1233860105831157766
1233882852351258642
1233754668037279750
1233840270149607425
1233846947447898112
1233845595879723012
1233877911171629058
1233868005643345920
1233776910154383360
1233667484672126976
1233847307608694784
1233859074837663745
1233707887731630091
1233844698650959873
1233648651978690561
1233812521011859462
1233693301800304640
1233846933170442241
1233794977202831360
1233822119345127426
1233801290141929472
1233693929171587072
1233578536738459653
1233655192450560000
1233787105521938435
1233801999369543684
1233842907028885505
1233805961397178374
1233823872199405569
1233826199425691651
1233730774396014593
1233879270641913856
1233727272907104256
1233749970676666368
1233734595520212992
1233699980365324289
1233577357778313216
1233738417097396227
1233635689037619201
1233855339705049093
1233595142336065536
1233760128844865536
1233733573095690240
1233785266705444865
1233729198839205888
1233619118328295425
1233802500400173058
1233888054743621634
1233687636608458752
1233773370748985344
1233744784352841731
1233830019656450049
1233784139175858177
1233774964534398977
1233637452654338048
1233604724697337856
1233811530988294147
1233820484799803394
1233886697764638721
1233584976098201600
1233823258774032384
1233866827907751936
1233727401693069315
1233822981903642624
1233602393633247233
1233866497669378054
1233778624089726979
1233617363351719936
1233824000318427136
1233781556034129920
1233603788847579138
1233635160832303104
1233696466901835777
1233889194352631808
1233606380436807680
1233821047578906624
1233610876889878533
1233784914673328128
1233571859750256640
1233826847055634432
1233703096074883073
1233808316368859136
1233650809277231104
1233600571686506496
1233818463430266880
1233636243885346816
1233893794250215424
1233664251610435584
1233814658261364737
1233598767980371968
1233714284405891077
1233759798509875202
1233717145068081153
1233774560950001664
1233870494597885953
1233835842004799489
1233717124767444992
1233801595856531461
1233807211639345152
1233781454016012290
1233900104689451008
1233728129090322432
1233862143239475203
1233650383798579203
1233656470698369024
1233847897361391616
1233673591830519808
1233888807466000384
1233846576839303168
1233758615909081090
1233796381061480450
1233708793789341701
1233748297715720195
1233553054718361604
1233800026352160768
1233786247639814147
1233854884564340736
1233629512920731648
1233900817272492032
1233592814237372416
1233643938990436353
1233575789100257280
1233746289948491776
1233786504331350017
1233575241097662468
1233898991693303808
1233596171643490305
1233750078185181186
1233628937940389888
1233795612484816896
1233673960308363265
1233655542033326080
1233670687761534976
1233656604895195139
1233667403004821506
1233593995332333574
1233761298917228547
1233803583587483648
1233776529294974976
1233674075966304256
1233569085994274816
1233585681659641856
1233835178570764289
1233657254722752512
1233582330616242176
1233802918559649793
1233593034660552705
1233791023567867904
1233791776915443712
1233748139695316993
1233757034341904384
1233732456718561280
1233823286322135040
1233836331568070660
1233682714290573313
1233813813188644864
1233749344312053760
1233789636402720773
1233818308891303942
1233849266034139136
1233735385064321027
1233611851444998144
1233753506286313473
1233753249490055168
1233849409890324480
1233842308618932224
1233817959031721984
1233660103854706690
1233766232551194624
1233900530776174592
1233792874447298561
1233865686440529920
1233835409437863936
1233848960843862016
1233563183354281985
1233805319941361669
1233772120615870464
1233586102352719873
1233781069129945089
1233733292353978368
1233660658849206272
1233587471180414976
1233671592955326465
1233732604349812736
1233743348810354689
1233830196341624838
1233809889455169537
1233816742801137664
1233762149094318080
1233795286801289217
1233771660777598976
1233628023011848193
1233585625539870720
1233748943693111296
1233865538398347264
1233573140971716610
1233805008950513664
1233841897103331334
1233743885949489152
1233813947570163712
1233725219526844416
1233598249816219650
1233737503842152448
1233844155371151367
1233605846141218816
1233898771945336840
1233644527581310976
1233799174719586304
1233786212206276609
1233744111481442304
1233572896024530944
1233564478098161664
1233880666506481665
1233827966272053252
1233611057060384768
1233638152516100097
1233638891925590017
1233685305447919617
1233846943433908224
1233752788183764992
1233630825939382277
1233813003654619137
1233679291164090369
1233576405197295616
1233803179550236673
1233836141335457792
1233721112036610049
1233770583881592835
1233772302438928385
1233685694855421953
1233795017883303936
1233884369724542981
1233749688333012993
1233569779807440896
1233587613493268481
1233855617628020736
1233621136946147329
1233871012502044673
1233858649921064961
1233661532195577856
1233643493949526017
1233859774162165760
1233798147199111168
1233694568173928448
1233553129607761926
1233634929063448577
1233858853156130819
1233575434996068353
1233689372303618048
1233838466624106496
1233868288259579904
1233670980083560449
1233892577314770945
1233736091011866624
1233844819841241088
1233737957070327808
1233864123634442240
1233741709907046404
1233705851833274368
1233586181394157568
1233902721121607681
1233631211463020544
1233573975466414082
1233632094255013888
1233855743499145221
1233581686341935104
1233601668882849792
1233710189540327426
1233663347867865088
1233646719314714624
1233576487707664384
1233636343240065024
1233774241696354304
1233859489176150018
1233780698634260481
1233559258643431436
1233851994940596225
1233727681406980097
1233667294829711360
1233787119560220675
1233572029418397696
1233737194583420929
1233547038173753344
1233659551645347843
1233835316068462599
1233547534443962369
1233857229515821057
1233795001072660480
1233844414927327233
1233726194874380288
1233702616099631105
1233680747615092736
1233750534949146624
1233835631089987586
1233711316847616003
1233826708891062272
1233770018334052352
1233765847728099328
1233561538344124418
1233680978557558785
1233887666812399620
1233683396926345216
1233812444272828417
1233847994304385024
1233895186390044673
1233882700819333120
1233873044935888897
1233782919782633472
1233901011053445121
1233570450426384384
1233760125564989440
1233875098932850690
1233697206072496129
1233779394658930689
1233800880522051586
1233679738016796672
1233603266912624641
1233572623759630336
1233739437172903936
1233775454114304002
1233797471173779456
1233594747731660800
1233736976639102977
1233649780036907008
1233700471325548544
1233695109109239811
1233857486064693254
1233567360667308038
1233826916215468034
1233663644153634820
1233888205448990720
1233859454304575488
1233795156295417856
1233756612151533569
1233727109899653121
1233833918782222336
1233879023735971840
1233817188383035398
1233754227597619201
1233800101849493505
1233872277692874752
1233812932204650497
1233836174873124866
1233824120476925953
1233585799347630080
1233871789878439936
1233794509605089287
1233854583807475712
1233776578989109254
1233889651825553409
1233573767202234368
1233720301936136192
1233830775834976256
1233799368475541504
1233564662949650432
1233877821929508864
1233665212328370176
1233816537393483777
1233604646662483968
1233704125684178944
1233674056119017472
1233714560818991104
1233897046127599617
1233748500678086658
1233757845356793863
1233898811988336648
1233712702327066625
1233730036940840962
1233864532977750017
1233855983295881217
1233848230900830208
1233679753107984384
1233848827599347714
1233843141586743296
1233614608759263232
1233609559815737346
1233855857609379840
1233697455918723072
1233839419100160000
1233713853856223232
1233596089988571139
1233624770081476608
1233582694606528515
1233766039034437632
1233841767948013568
1233564275194519552
1233610515760517120
1233621533769203712
1233828353905438725
1233668049020096512
1233802932396666880
1233748499713417216
1233727185124499456
1233748506705305601
1233619019069968385
1233546447397801985
1233600019099521027
1233685459768770560
1233799896429256706
1233564000606011392
1233781986671693824
1233806629465804800
1233862811194970121
1233718062106447874
1233749322648428545
1233547706389450752
1233701844758691840
1233661962426470400
1233643372436475910
1233783155439624194
1233799416416555011
1233888115242127360
1233675364343349253
1233634615207710725
1233877516185669632
1233565594915610626
1233866957688115200
1233613468923768832
1233842324347793410
1233833431542439936
1233904255444144129
1233650082072928256
1233759770269667329
1233733001374158848
1233588959717888001
1233863305107632128
1233591306183565312
1233787459357442054
1233835940377976832
1233883528498204672
1233841067553886208
1233864546361712640
1233576871075471360
1233888680823132170
1233737317640286208
1233632900597370880
1233876613785362433
1233616063440596993
1233648235274588162
1233755578289311745
1233851922630791169
1233552856168296449
1233841975318761475
1233579546240278528
1233797944467390464
1233594694006902784
1233659675155058688
1233799004036771843
1233788938332049409
1233652826317848578
1233743630818521088
1233895372948373504
1233847669245849602
1233876794111143938
1233684154459590657
1233870541649588224
1233837097720545280
1233778790632914944
1233616430265847809
1233837972505624576
1233586432804999169
1233582114903187456
1233765097270583296
1233863321729634304
1233823728112488450
1233850290258010112
1233902759868542976
1233852453033930752
1233759317989429254
1233640408405741568
1233611498301227008
1233900218468511746
1233755041745399809
1233605259785834496
1233667924088573952
1233818805387788289
1233842274196500480
1233564423756775424
1233864993793175552
1233592307829460993
1233883926030102529
1233825952708337666
1233790497799507968
1233871098351095808
1233791825812393984
1233584991130357761
1233662887681413120
1233669688103784448
1233903960077094913
1233699233636577281
1233799210354409472
1233790959206457344
1233642094335602690
1233629679044579328
1233842286577975297
1233561480227893255
1233824371661295616
1233815699119800320
1233817269190479874
1233634175959343107
1233670117591879680
1233576206202789889
1233869520705593349
1233656772507779072
1233604906910654467
1233740695455883264
1233812117842624513
1233898102408368129
1233563714516914177
1233783504456036358
1233615133580124160
1233800396986101760
1233890720622284802
1233844811549093889
1233570669171863552
1233830275995574278
1233581750632296448
1233766047905406978
1233793361934520324
1233664748207706112
1233634827288510464
1233808409012518913
1233762197676994567
1233748396848144385
1233730919736979456
1233778647346995200
1233746969916592128
1233754431990136832
1233842827907534856
1233785912800239621
1233610556449275904
1233709015764365312
1233795707879985152
1233631784103038976
1233781436878131201
1233771603076345856
1233768929148968961
1233679645288980480
1233840703886807040
1233730849083985920
1233651549429088256
1233581222502133762
1233813679021449216
1233867821463080964
1233787636898304001
1233590436372987905
1233577244427051008
1233748649705922561
1233782524851015680
1233856468622827520
1233708653829451776
1233792510478233601
1233847171637764104
1233823675582963714
1233829740345200647
1233585367351201793
1233765547252310017
1233592863100813312
1233581248670502913
1233811883616014338
1233887981162893314
1233777657667620865
1233644486556868608
1233865265621983237
1233872513492381696
1233657437699399681
1233658318549213189
1233775699422564352
1233806411852701696
1233810611634503680
1233690321223069697
1233609825642274816
1233748821429170178
1233577559226507264
1233623557713739776
1233836983560101888
1233871206530605056
1233836412249620480
1233747420615299079
1233858277408169986
1233726004826398723
1233602029970325504
1233605023440961536
1233712132337938432
1233801522351198208
1233615398983127052
1233859292475936768
1233714512299163648
1233815320973824001
1233843262206676993
1233846874114842624
1233783724506066945
1233897152960761856
1233783657355083782
1233839039213645825
1233877720708321285
1233662171935985664
1233734790836359168
1233586170229030913
1233843827796041729
1233810507146170369
1233735676300070913
1233600268278927360
1233652183704293376
1233833047268741125
1233816156147998720
1233832625774768135
1233820960228302850
1233882991031660547
1233684531879673856
1233672640994435073
1233801608976310274
1233837285692649473
1233828572202033152
1233855133542494209
1233866903119990786
1233593462903263232
1233649911704494082
1233640277203542016
1233618030627823616
1233845342069755909
1233853141600342019
1233794637879545856
1233752524110409728
1233592397977866240
1233684253801451520
1233900004491825153
1233660855675428865
1233587225323024384
1233782568350298115
1233886003452051465
1233757057024696327
1233557850045153292
1233875410036940800
1233615151938535424
1233862997472247808
1233564552295374848
1233619716758962176
1233850711357771776
1233740011775852545
1233586047298068480
1233899072928370689
1233582145848905728
1233670210567061504
1233827615259017216
1233857467395837959
1233876021205721095
1233584159517499392
1233613450351431680
1233821554691256321
1233692542274695168
1233613829097107457
1233587836173144064
1233570084913680384
1233661387605364738
1233722934310555650
1233652284309082112
1233784779469991940
1233821565403291648
1233627547931422720
1233765998064525312
1233868505075900430
1233779918682587136
1233870183036407808
1233820423009099776
1233688011138904064
1233846896084471808
1233863399806832649
1233651810713374726
1233881630533656580
1233632448166027265
1233886345132556288
1233696209191215107
1233678689084334081
1233628748848582657
1233628516446593025
1233757505806716933
1233737586423803904
1233655831419187200
1233777186072670208
1233848340082823173
1233655116781191169
1233732219451121665
1233800369702146049
1233600230064476160
1233810587076960259
1233859071645601792
1233858999033978885
1233794334618767361
1233638104533172224
1233570221266554880
1233572657234231296
1233643352777728000
1233867042391916544
1233736082761617408
1233569960221446144
1233837590379364352
1233795448533504006
1233690903547502592
1233820584414470144
1233860131726745601
1233662100523843584
1233804272090976256
1233735242558689281
1233784219190644737
1233594931006115840
1233833805091233792
1233748280674279424
1233570510312632320
1233783124238225408
1233864265993465856
1233817157655580673
1233867063371948033
1233887113000538112
1233874825036345350
1233717647004532736
1233798627337748482
1233583259692355585
1233553107499520001
1233805705867603968
1233652852335271937
1233726530557181953
1233795202046971904
1233737991656484865
1233900404305383424
1233710813602553856
1233873475577794560
1233587010570461184
1233743504670478336
1233576029874262016
1233864337632178177
1233807919675691008
1233758482878255104
1233667767095586816
1233621920693702656
1233899231036899330
1233574667107098626
1233790311652036609
1233719583963570176
1233579801962778625
1233882330156146689
1233852556285218816
1233641312085270528
1233864676338847744
1233787426545553415
1233592949163819008
1233771475452211205
1233771448302329857
1233584377814278146
1233839180565929984
1233841314958991366
1233819278366793728
1233831505681698823
1233712160276086784
1233690987026714624
1233668837758906369
1233866230177492992
1233704961252503552
1233827645143560202
1233674771721703425
1233593895549796358
1233611121254453248
1233710430645678080
1233770256461635585
1233682328649715712
1233568760503689216
1233881900898537472
1233830800216346624
1233899506468519937
1233784871992078342
1233726711839305728
1233590982983241730
1233847476303671296
1233890231012728834
1233785410297499654
1233734987314188290
1233636937992429569
1233857133185204231
1233694975709175813
1233610711361708034
1233602813927854081
1233606529242271744
1233718504462995456
1233566337835790336
1233661998220615686
1233782669877661697
1233874092433870848
1233873982132113409
1233792924795621383
1233751807781851138
1233807926747451394
1233810092861972480
1233832031689347073
1233735974334685184
1233808572246642688
1233600925866086401
1233780677247750145
1233897383794114560
1233774013219913729
1233701345779240960
1233824430025007107
1233783413020282882
1233559239936921606
1233616126816292864
1233560053199908864
1233870234471276548
1233884708263456768
1233892020080513025
1233792827596951553
1233737876728315910
1233742163265060864
1233888490263281670
1233643758446505985
1233600627336335362
1233589030870122497
1233582313646231553
1233853145660436481
1233724803145662469
1233877421969092608
1233840936054149120
1233825328168161287
1233670444169007104
1233836440737505280
1233740957146808320
1233624836259434496
1233710056627228674
1233575429472161792
1233820061262966786
1233720594295906304
1233576947722194950
1233842166570479621
1233661914967871489
1233894936317177858
1233874610740875266
1233852149039353856
1233879662880788480
1233767186403090435
1233609360535719936
1233595684659449856
1233795946565246976
1233789804527136770
1233826757385392128
1233852787651379205
1233746080019308546
1233897278416531457
1233833453319122944
1233603757218287617
1233583014472495104
1233820282336555008
1233848135358828547
1233618089587171328
1233745317931163648
1233863228934877184
1233594828044275717
1233724437138231299
1233868683489030144
1233638850536386560
1233677016655974400
1233762315209592832
1233697903224422400
1233839460707717123
1233586444901416962
1233752608466243584
1233835572113723392
1233609286850211840
1233558334952833025
1233610889267335168
1233579343789613059
1233750951577767938
1233697644351873024
1233598507786932224
1233811233012408320
1233714075269509120
1233818354495803392
1233634259455266816
1233609379607437312
1233628767911862272
1233779691842129924
1233629423200604160
1233765544341442561
1233823730788270080
1233837176435150851
1233574412672290816
1233880632763142144
1233745163559657473
1233697067798867968
1233772699765227520
1233592441808224256
1233891904431042561
1233765422832537601
1233573732314017792
1233626027617869826
1233616107061170177
1233808431267688455
1233628209117351936
1233616308375302144
1233736038641627138
1233743785806442496
1233621403158495234
1233573708943560704
1233762779435237377
1233882149528403970
1233606136143605770
1233733534419783681
1233771739223490562
1233849685670055936
1233818839873413121
1233623708427673600
1233651761417580545
1233858950807769088
1233873980982951937
1233852590737149952
1233768002669039616
1233569562576199680
1233837572457222149
1233813974052937729
1233678791110799360
1233781949069529090
1233805552381255680
1233786237733015559
1233569605991485441
1233856819933528064
1233793729678512133
1233600438894596096
1233769727236956160
1233620963314536448
1233552998988701696
1233592929207377920
1233842772903387136
1233719835286102016
1233763639158616064
1233864966865702912
1233631992060751872
1233870576630091776
1233659494191783936
1233823135008296960
1233760571683692544
1233774997451268101
1233841533092343808
1233772086080032770
1233803708636356609
1233718182667440128
1233891487118581760
1233824193323524096
1233693938067869697
1233759965367717888
1233667446940237824
1233630804535734272
1233869481539014656
1233833380585717760
1233629478804307969
1233689870629003264
1233851434107625474
1233570951549243392
1233663985779605505
1233858886785957894
1233729044484698114
1233706177835433985
1233835510734434305
1233841679234457606
1233690501674655745
1233813943988019201
1233775455775461376
1233587101838364672
1233595757732782080
1233852591257329667
1233858972379164672
1233748009084706820
1233749146135400451
1233814670429052929
1233669904751984640
1233594883560165378
1233655134929879040
1233875443662516226
1233656091122241537
1233764557677613056
1233685644108607488
1233871610936987648
1233875672705138689
1233578399869886464
1233759711654182913
1233806750169600001
1233564793174396930
1233693327872098304
1233831070522576896
1233602087373635584
1233871422990307330
1233663013208707072
1233575106972008449
1233766509429821440
1233778880911036416
1233605591878135809
1233597082876948480
1233741343593238528
1233834832335032320
1233856808894246915
1233816514454859777
1233842593181683714
1233810404473786368
1233847976574902272
1233848198231461892
1233817842262278144
1233560096208191488
1233593150997839873
1233669875635113985
1233637245334081536
1233627354733273088
1233870524654268416
1233821775689113605
1233598952345305088
1233568620329881602
1233685910841020416
1233815655247273984
1233615773232316416
1233855576028913666
1233811313886945282
1233759153396572167
1233825790208479233
1233803289768202240
1233552738665009160
1233766665566945281
1233883393949151234
1233868301627002881
1233708605641252869
1233597393385541633
1233566668883820544
1233582896105054208
1233732771572518913
1233808121107185664
1233722635596554242
1233894060223537155
1233760626419339264
1233801429476872194
1233830625171263488
1233829587705946112
1233885897369755648
1233575074680184833
1233765520362569730
1233834139331244046
1233728789240147969
1233857122250653696
1233761841324544000
1233901064476221442
1233690489238564864
1233879674062856192
1233769026456891393
1233588866424213505
1233788735092920320
1233866239791042566
1233638113362079744
1233827201713344512
1233776402970734592
1233834481758408705
1233682067336110081
1233714393872879616
1233821860678250498
1233897941179367425
1233644187897278464
1233653065888043008
1233587132968644608
1233798753846317056
1233856069178417157
1233744651036872705
1233565704848277504
1233704513669926917
1233654344907677696
1233873195695996929
1233795504825303040
1233843429446160384
1233711534674608128
1233820230448599040
1233884112877785088
1233613774776438785
1233697337391882240
1233812590872145920
1233562207646027780
1233613388334477317
1233867069617311744
1233798968284499973
1233711991086288902
1233871480892665857
1233564927442309121
1233614470385192961
1233622682584875009
1233845832883064833
1233900909798789121
1233836696791322627
1233563083202797569
1233655200491200514
1233697951802892288
1233835162762448896
1233796984076521472
1233738884317577216
1233732628483891201
1233581573049503745
1233865911347687424
1233804644473688064
1233662676322177024
1233677391479934978
1233560026196955140
1233840349430341632
1233733215581560833
1233858385793122317
1233757764012429313
1233799399731392512
1233894280034443265
1233617079254732800
1233713545038032897
1233693988550565889
1233631946221268992
1233806556250042369
1233771807536074753
1233727875674566656
1233601332742848517
1233771053312335877
1233845088176033795
1233843831864467460
1233841831290580997
1233715507683045376
1233673177475141633
1233836251377262593
1233883011755716609
1233706542068666371
1233574750229684225
1233565587592417280
1233637332605165569
1233599185024421888
1233646605296947205
1233604813830705152
1233845219919114241
1233877232197738503
1233626923730792449
1233862312529989634
1233825775922507776
1233570019277180928
1233891889205727232
1233605979909963776
1233794321087975424
1233738547301056513
1233564188544360448
1233643690599387137
1233606343463927809
1233552461731893250
1233671907867791365
1233869374500425729
1233883267297955841
1233764126393896960
1233632300367327233
1233635226263445505
1233614818617069569
1233772655389614080
1233596001774075904
1233836843168419840
1233789395284578304
1233893154971144192
1233730213508472833
1233830124656693249
1233823780251848704
1233894101457809408
1233899346824962053
1233569326327746561
1233624825224056832
1233890166932168704
1233902610744147968
1233815174643159043
1233754967321776134
1233775195548196864
1233593277846294529
1233743679812067328
1233678015143350273
1233650721888669696
1233587391031435264
1233807794869948416
1233880129086132225
1233596795151773696
1233819820338143232
1233888336466599936
1233627313083863040
1233823236703621121
1233747077794017280
1233600933008789505
1233552669052194816
1233689959116214272
1233632054576865280
1233837250535772160
1233859806554923010
1233839532765851654
1233754828465033219
1233597489116307457
1233586975883628545
1233715820028743680
1233624000879706112
1233884124353445888
1233760923099238401
1233665009172897792
1233817562422464512
1233552756184510464
1233642944785272834
1233853291127287809
1233876637428703232
1233807839069646848
1233792623451811840
1233882632905273344
1233643495023312896
1233794990674993152
1233865991962099714
1233562560516915201
1233898837984477184
1233842984644464640
1233797820190035968
1233585398934376448
1233736919621783552
1233835731409350658
1233586531790573571
1233845276529451008
1233871459422023685
1233884633248473088
1233846834080165889
1233759717983387649
1233689916799770624
1233580388666114048
1233703064554442753
1233900673290428416
1233558313855602690
1233731838465761281
1233758350682345472
1233903910571528192
1233646209438552064
1233822187850694656
1233776917339344896
1233741020195704832
1233657769313460224
1233902814163881985
1233662528560992256
1233708950916341761
1233651097723498496
1233858778480697345
1233754536856125441
1233860754438336512
1233888880065159170
1233570047928520704
1233759150334713857
1233783917217447937
1233820554660057095
1233839652165103616
1233847611414716416
1233857122435293184
1233791774373474304
1233646489186033664
1233589362065133569
1233631364752302080
1233702727953285120
1233699368336625670
1233783734119411718
1233863625053331456
1233584309585444864
1233650964634034179
1233593281558319109
1233601868934238213
1233894598709325826
1233737264502579201
1233827609089363968
1233878772882952192
1233821383324508169
1233801129684848640
1233805377944326144
1233644504076427264
1233789482664632320
1233732396673048576
1233754287806828544
1233659230550462464
1233651404620881920
1233614756969426944
1233597139030302721
1233869747709591553
1233587634829697024
1233742965190860801
1233764752679002112
1233763501799243776
1233671800548200448
1233884337147457536
1233719299044528129
1233547327752884226
1233735088019558405
1233839042451660802
1233897154739089409
1233576392090148864
1233765754589339648
1233890755128832006
1233563341404155904
1233847391901683713
1233851579373060098
1233850566402437120
1233732593117540358
1233807168865832960
1233734901582594048
1233740027340959744
1233894684033982467
1233599980356689920
1233895625978150912
1233835777366294529
1233651129982050304
1233604518291615744
1233592894163828736
1233846856733659137
1233586312587796480
1233863242319003649
1233605462874087426
1233888745922809856
1233616153509011457
1233634389927415808
1233825946660040704
1233806225822928896
1233628140070633472
1233662610035367938
1233650512442118144
1233703396256780288
1233567903053733888
1233842493785018370
1233877113960378370
1233660199891681280
1233746223796031488
1233568036189286400
1233689617032859648
1233639001703059456
1233870143924518912
1233795307772796928
1233835721406009347
1233827965873553410
1233691223161917440
1233749394320584704
1233679494914818048
1233653067343523840
1233559025884762113
1233889064039911426
1233866446800904193
1233869098104348672
1233719981793136641
1233780538282053635
1233624999933566977
1233808796587134976
1233606124055621632
1233820145040207873
1233815105579601920
1233766083938734080
1233604377044144128
1233724539235901440
1233788225933672448
1233679345983639553
1233578819694424070
1233620707768258560
1233572781716959232
1233770922407907330
1233776223039307777
1233818205715517441
1233817032904314880
1233851213977989121
1233732326737285122
1233868535664742400
1233736550183100416
1233806304642289664
1233759694864494593
1233811893195702272
1233626321386782720
1233807030755954688
1233717634325209089
1233679280044945408
1233782603070758912
1233777724046692352
1233888899245568001
1233879582090153991
1233563761681870849
1233672970092105751
1233838367143419904
1233657245914652672
1233765600381390848
1233646835601989632
1233861719543382016
1233562056927797248
1233813431142223873
1233889206352531456
1233838259798761474
1233816131711971330
1233873748471709697
1233815514864128000
1233570669054451713
1233655817670283265
1233783305742348290
1233904320665587712
1233780377791025153
1233893014822641665
1233602900116422657
1233708795001495552
1233600082110550016
1233716687423164416
1233894821871443970
1233866797276901377
1233561345821413378
1233721615957024769
1233794073561116674
1233867733093085184
1233803431846055939
1233671756340191234
1233693650498007040
1233746364183478272
1233564949361938435
1233687518475882497
1233867846138159110
1233846572800184322
1233807152848015367
1233754380182179840
1233553041451888640
1233564358610808837
1233806464860319744
1233607221604278272
1233720875884482560
1233588765236645890
1233805988647452674
1233744913793245186
1233803746867437575
1233771337505787909
1233772960533688326
1233684797228232704
1233754250032881664
1233784066521976833
1233679541010341888
1233892877668777984
1233747387341930497
1233593138855366656
1233713207061008385
1233795588862488577
1233620491879043073
1233739584938348545
1233896685052391424
1233721764565389312
1233867320268771329
1233771524060000267
1233869169180860421
1233901548511596544
1233570032975695872
1233884221992816640
1233794138711232512
1233900733126176768
1233660028235632642
1233677463756181506
1233564945494761472
1233571064837496833
1233768214103904257
1233902608865210369
1233761165919965184
1233833066553954304
1233766246031777792
1233832642543603712
1233851796906545152
1233862204560199684
1233597834995339269
1233829151863341058
1233759103496966144
1233592279643959296
1233622944711970817
1233827851222298625
1233782387726835713
1233767358952607744
1233797777257324544
1233853947183599617
1233900581829447688
1233876711420432385
1233701668794974209
1233649365983559690
1233571961663631367
1233650635808985095
1233601740357980160
1233696122532716544
1233891339856732160
1233655298939904004
1233883130458755072
1233645507026833409
1233902108908367872
1233882885037461507
1233855889184055296
1233593914730405888
1233738754709508096
1233857336264904704
1233789305560023041
1233804314340020225
1233836737996238849
1233743578750496768
1233796687115800580
1233843969756262406
1233643378195214337
1233661408212025344
1233762692659372032
1233610425406717953
1233673684855873536
1233702338822594560
1233712210695860226
1233881454565875714
1233800286126460932
1233847515973398530
1233808848554725380
1233567567333097473
1233782388121100288
1233592260694024194
1233846444534247426
1233546985006870528
1233814318887493632
1233834346672459776
1233897317893148672
1233845206937632776
1233846914686291968
1233806347050737664
1233615683524669440
1233586189245894658
1233847065257619463
1233806828628332545
1233546615056748544
1233638299807305728
1233817413826818048
1233799558343405569
1233588003597058048
1233780351681646593
1233817051031990272
1233624738250969088
1233755317747494912
1233667955419836416
1233838134993002497
1233866447962554368
1233649727037534208
1233726038305198080
1233844648390643712
1233633915941855232
1233576274418905088
1233722271044337666
1233729145328238592
1233786099803119617
1233848776441376768
1233860800483352580
1233716653654974465
1233776086275645442
1233755762540843011
1233570885392531456
1233863251248599040
1233866513007857664
1233823981532258312
1233742400713035777
1233827474217164800
1233871888599932928
1233656691033395200
1233627263138070529
1233589472618516489
1233866582847295488
1233712656235794432
1233563387596066818
1233878350126632966
1233871724799840258
1233601597793611776
1233649446195326976
1233865334098190342
1233588338155757568
1233575588176199680
1233564529109413888
1233805869080629248
1233847100858929160
1233573071073742848
1233603797357932544
1233893922314838016
1233844811154755584
1233670427731324928
1233897102687821824
1233855327654813696
1233850535247302656
1233867226215833601
1233599438423240705
1233599011690549249
1233586799252926464
1233856657689468929
1233766489406296065
1233725231124140032
1233601368251715584
1233762077484965889
1233793179046105093
1233820983368310784
1233664277308829697
1233643903821254656
1233877933279805442
1233852056756244480
1233702163534110722
1233852828675952642
1233729829301866496
1233755024234369025
1233877805525499906
1233714372486324224
1233656524548886528
1233873163445948416
1233853861057777666
1233806318575771650
1233794410539778048
1233835691588669440
1233892923042750464
1233663068090974210
1233856893229174785
1233714857222033410
1233871581895634945
1233716273625882624
1233696561357606914
1233667100780027905
1233625910345113601
1233622672027930624
1233679590935191552
1233833268866355211
1233731436366090240
1233726978651557890
1233574279360499713
1233562262268497920
1233853532266258432
1233589144716271618
1233605959727091712
1233629094492938241
1233842250825728002
1233724936658866176
1233855777401475072
1233553102889984008
1233756365606309888
1233747087931645952
1233594630882488320
1233824492989943808
1233886502641373187
1233894832621289472
1233735393960394753
1233636919159840768
1233760398387687424
1233713616962060288
1233853419066142721
1233621374943494145
1233812925300690944
1233591502565232648
1233737967069347840
1233762508835577856
1233854281184239617
1233638135113740288
1233663180506849280
1233667881524580352
1233600953401536513
1233810063845838848
1233859757682909184
1233871257508229121
1233752732072321024
1233578708851548160
1233547501178949632
1233831547830030336
1233835421970391041
1233574467193827328
1233719839912583168
1233729730857168897
1233596363830628353
1233593292694138885
1233670013053276160
1233821449133182976
1233827595751288832
1233721303456083968
1233659237043068928
1233824068685750273
1233864520986189832
1233601116320956416
1233658582543093760
1233840844626636803
1233853293631287298
1233759269713072128
1233822976568700935
1233800407442436100
1233672034443395072
1233827126656282626
1233615833282285568
1233801845253931008
1233581803589357568
1233679031331106817
1233779223841689602
1233783489100644355
1233706868620562432
1233684142958637056
1233656074261057536
1233799777575428097
1233696446236516353
1233591491651461120
1233675402490601472
1233671497161396226
1233859072509829120
1233824256984698880
1233633543580004352
1233566913550147585
1233565703866703872
1233588766733811713
1233734313402929153
1233811750627237889
1233877892477657091
1233558267424624640
1233689571843436545
1233701284479303681
1233649730267185152
1233818874262380544
1233677894821568512
1233754002124419072
1233792967808253952
1233691044459339776
1233605019003432960
1233840777039577088
1233596145227550721
1233586006441496576
1233754772894777344
1233857329742798848
1233633772479950848
1233839656573317121
1233824130430066688
1233827369661554688
1233778507198717952
1233725636092612608
1233572448450359296
1233699429640617984
1233904565495439366
1233849936787230720
1233797476462628866
1233590942151692294
1233762913074241541
1233811950192275456
1233625381678153728
1233645750313267200
1233857871571451911
1233813098512953344
1233899652291780609
1233841126358036482
1233896480555053056
1233667275842113536
1233799466563575813
1233722960952860673
1233876771004723201
1233903378725470212
1233552354135416834
1233822911863152640
1233896489115512834
1233632423604191232
1233818388218220545
1233837915236519936
1233756086940962816
1233863569529360387
1233843268670152705
1233839036638388225
1233724223081865217
1233854401133060101
1233725357196529665
1233892711809323011
1233699763507417089
1233790703513341953
1233732066895912965
1233749299185553409
1233827563933401089
1233887603138666498
1233786695600033794
1233576676392521728
1233678995922644994
1233884728215973889
1233601268695760897
1233827397662912512
1233751587429982211
1233854106030178304
1233703488636379138
1233784861392957440
1233664330828144641
1233857467848720385
1233672983413215232
1233889616891084800
1233768630376005637
1233561511009882112
1233599091629842434
1233817337951858689
1233587350808268800
1233872710033379328
1233617296750329856
1233805860075376643
1233844538109644800
1233737083803574273
1233854545488470016
1233561297691779078
1233824277335564289
1233680939009609728
1233839803604426762
1233833255259893761
1233742382346260480
1233806774823575552
1233768273386332162
1233714642955984896
1233773358162071558
1233831955688513539
1233715797677281282
1233699995502538753
1233667940878143488
1233843089690832897
1233877927235932160
1233819246649581570
1233623700777254915
1233631835097313280
1233569341049692161
1233720367799296003
1233765744124387329
1233760479933190145
1233836112302485504
1233881412773830657
1233730039461666816
1233766640669556736
1233858700324081665
1233654675465023488
1233823777923981313
1233757373573029896
1233786464539947008
1233778695254544390
1233655534156468225
1233691473620672512
1233888919399301122
1233815184696758273
1233817298512875521
1233788601869225984
1233888374819303425
1233621056230809601
1233807626913419264
1233761553847083008
1233816346812698624
1233696933874552839
1233574659347664899
1233866233381974017
1233673980822745092
1233784636238512128
1233673438507814912
1233879972756041729
1233765913423470595
1233902772430557186
1233740011331301378
1233753480512376834
1233825884630478848
1233729640356814851
1233822026802094081
1233891974131773440
1233888262361468928
1233579244594307073
1233649727645900800
1233800258909396993
1233604014685741056
1233653185782407170
1233834620594118662
1233562872954990592
1233889942813728769
1233839177789255681
1233688659481649152
1233773200615583744
1233571386846674944
1233626632058880000
1233812195030355968
1233685431054716929
1233820391073886209
1233606252221083648
1233904402236227584
1233808330075754498
1233832354449248256
1233818490244653058
1233673721119772673
1233902708903596032
1233616088912420864
1233841164677107712
1233695352416546817
1233738575746826240
1233718389341925376
1233855478800814080
1233785290478817282
1233766177794592768
1233583020424257536
1233836546077478912
1233623531319107585
1233570462380130304
1233588293347885056
1233787633064505344
1233899291103592448
1233859935051698177
1233710732421869570
1233607769170771973
1233660446776926208
1233827709895106560
1233779073979121666
1233629743716560897
1233610378724159488
1233898211162632194
1233718687057752064
1233866145972666368
1233715973678682112
1233865470266134528
1233685278927114240
1233807060439117827
1233640984421912581
1233582541090820098
1233825851944337410
1233865114429919232
1233879266955321350
1233874043750666240
1233711859108368384
1233648110963974145
1233804601234575361
1233832153093304320
1233597889592598533
1233578482514440193
1233818816943153152
1233873260808409089
1233786588775272449
1233842373148450816
1233887066540380161
