1229945611715301377
1230039147282403328
1230160363108229120
1230043516027297797
1229972634273603584
1230168127041761280
1230184760137392128
1230261829173010432
1229922324016701440
1230159569432842241
1230071471399002114
1230142300178743296
1229978931660558336
1230192879080861697
1230105969365000193
1230166054124441600
1230124344161918976
1229936839127003136
1229978280071254018
1230246932724928512
1230029638392377344
1230024253153648640
1230183947612676096
1229965239292170240
1230046201199726597
1230187507096137740
1230194199573737472
1230084228752138241
1230162108651884551
1230192864367464449
1229998128914255872
1230120212072161281
1229937830379474944
1230070179033493505
1230237715335086080
1230236873429151744
1230044788252168193
1230068415433342976
1230194423591362560
1230200634017628160
1229938562734415872
1230080455543750656
1229994574422003712
1230027101568258049
1230223702085771264
1229973617066356736
1230080138563522560
1230165735449780225
1230029979552870401
1230280631759687681
1230146518302093312
1230139610128240640
1230218643511877633
1229948981322682368
1230067589126262785
1230196568135028736
1230137856271831040
1230260785412108288
1230231906161172480
1230200153593782274
1229923271736528897
1229926904863580161
1230158013371224064
1230102552248639488
1230234145676070913
1229947186273759233
1230209937097338886
1230146248155463680
1230211575065272321
1230045773351440384
1229928535357300736
1230208291210330112
1230082431249723394
1229973432030433282
1229965261702225921
1230254818062548993
1230101181298401285
1230170058434981888
1230264347571539969
1230036502614200323
1230230078497251328
1230108472219443200
1229924705416572928
1230080393392656386
1230107946123530240
1230233137453527040
1230126210488979457
1230161330038099968
1230144424321011712
1229950244152119296
1230209825553842178
1229926213654704130
1230100291703336960
1230227282863763467
1230004146058645504
1229921868343279616
1230106210675740675
1230182904355065856
1230100938553200641
1230120428108238850
1230080536665903106
1230210872829792256
1229924199637979136
1230035455065890820
1230068497784430592
1230001402786635776
1230220447838539778
1230194195027107840
1230100431587536897
1230166111699820544
1230252131397054467
1229951653274509317
1230046106572054529
1230083473840492545
1230220154203770880
1229997899527921664
1230262130387161089
1229928661555376128
1229975540011917312
1229994954547777536
1229993628069531648
1229935084825870337
1230047417917067265
1230234257135742987
1229919056905539584
1229979180210774016
1230166852908834816
1230003836221194241
1230183116226035712
1229928221954564096
1230071543297970176
1230229140806283264
1230235042179403778
1230101714327355400
1230208406897729537
1229924645513650176
1230251847295750144
1230203297237172224
1230201068635574272
1230183266319323136
1229918759319556097
1230083851168428032
1230186846967062533
1230246493677731840
1230182363453259777
1230247104200638465
1230256409222242305
1230264900955594755
1230197289739866113
1230099399092523008
1230159475169878016
1230140242793025542
1230182775984136192
1229932027006345217
1230122791023734786
1230223580455149570
1230104787141545984
1230199968473829377
1230102476692443136
1230195399199084544
1230164748097900544
1229939968786587648
1230184817356083205
1230044038956384256
1230107087478325248
1230216538382168064
1230081900179419136
1230050480681865218
1229978602781003778
1230075101120520194
1230276378484002816
1230231934392991744
1230048243737755648
1229976174794690561
1230262039513186304
1230049411830448128
1230099448727949312
1230196294251110400
1230261075964239873
1230206757588414466
1230141683745951749
1230041394565107712
1230141218543132678
1229970114897797120
1230170200827482112
1230006611395121152
1230168425005244416
1230261491703648256
1230184890752065537
1230035665997488128
1229924956089262080
1230146648723976193
1230216784831057920
1230217021834571778
1230201944527994885
1230253994062290946
1230261782486319105
1230109193375383552
1230224575893573637
1230048535292198912
1230204889034379270
1230072859512299521
1230073676357230592
1229945489870618624
1229948195716792321
1230030100915204096
1229971262526513152
1230184700037066753
1230280709367095296
1230222854337134592
1229947025011044353
1230031230902710272
1230273217647890434
1230259822307741697
1230105196254179328
1230004298701950976
1229919923469770754
1230166375144009728
1230199239650623488
1229976624860254210
1229965179535777798
1230034318300499969
1230262654679355393
1230257930479570950
1230002391572836352
1230146000821440512
1230248475570397186
1230184397174984705
1230159121522950149
1230198170837291010
1230271896752730117
1230252132449710081
1230125536854208512
1230266562751295488
1230084116219138049
1229966656388026368
1230074768927232000
1230219866231189506
1230140574994518022
1230261425777541122
1230259472427147264
1230262908073857024
1230257488735481859
1229950000437878791
1229997406562861057
1230024875399450624
1230081247394832394
1230124756281675776
1230223056389464065
1230218714215329793
1229948618251042817
1230208729469026304
1230219765869895681
1230228311768535043
1230003824296894465
1230138394392420352
1230212292953989121
1230025171248926721
1230071692476780545
1229935740907184128
1229928279001444355
1230185601883922432
1229994191100534784
1230265755578458112
1230106392029065217
1230234300806762496
1230255708895092738
1230169961018150912
1230247860484165633
1230068183148593152
1230223294726639616
1229996429680300032
1229999394138808320
1230187692513808384
1230158451944415233
1230196147790086144
1230233466987581440
1230271903555780611
1230264465922281473
1230022228672118786
1229965232073625600
1230043401346834432
1230196286818848770
1230262346058059776
1229973936995258368
1229945770494844934
1230167965942743041
1229948619383541760
1230108903163101184
1230260776532946944
1230138613452693504
1230258914547183616
1230103730961276933
1229975388001988609
1230244666273984512
1229934803652268033
1230141655736619009
1230005933834633216
1230221021799682049
1229976707785949186
1230072225203617793
1230164102896484354
1229946650870910976
1230239840387633155
1230001044257677312
1229938686906818561
1230100662131679233
1230051987548450817
1230277453018521600
1230142066430111744
1230186580490452992
1229928258071752704
1230142338716053504
1230278367481561089
1230226340265242624
1230001411489841152
1230244803104800768
1230126548595855361
1229945502583676929
1230277109769285634
1230266020876693505
1230042645222678529
1230183806381981702
1230182397586673664
1230075229856124928
1230119961403760641
1230070400333148160
1230047150429442049
1229931904981520385
1229948759758426113
1230268797296181249
1230164686357901313
1230169072333205505
1230143525657944065
1230266343250944006
1230143881934598144
1230240379540099072
1230202134517301248
1230143092231229441
1230246496634855424
1229935046305423366
1230279174889361410
1230205259634683904
1229933161745985536
1230234204358815747
1229993518325624834
1230049193827405824
1230193364273897474
1230039683176050690
1230277237120868352
1229999115427250181
1230082533162807297
1230140957036773376
1229997308617510912
1229926346727534592
1230249558375952384
1229920889438863360
1229976880616366080
1230185175360798722
1230232540104949760
1229932465592119297
1230250913849278467
1229977828374011904
1229921045982990336
1230025983056441344
1230144277927297024
1229939299551866880
1230195407801737216
1230204780024389633
1230142159044608000
1230029953523048448
1230122257713897474
1230269448629739522
1230034194945822721
1230247451036192768
1230185724613361664
1230199934810542080
1229967980622237696
1230077020391886849
1230109329082028032
1230103095507476481
1230031339862183936
1230051327348133888
1230185029394931712
1230069863177125888
1230037838797922304
1230202244789829638
1230044700754595840
1230144401881673730
1230001921026592768
1229921563673161728
1230278171393691649
1230159021941886982
1230266872878313472
1230001913275600897
1230268075334914049
1230259236308910080
1230027101018845184
1230123006451564544
1230099279005519872
1230119704284426240
1230067355599933440
1230028770116952064
1230249838668918784
1230104860218945537
1230164356706467840
1229970285253685248
1230024048362475520
1229921828832976897
1230145077487468544
1230203461272297479
1230123063284523009
1230108169818398720
1230028402654093312
1229929404538724354
1230142048466067461
1230051078051418112
1230121434825076736
1230142331606585344
1230251497461600256
1230003686710992901
1230024023502921729
1230202117455011841
1230109229530243073
1230211072591708160
1230141129636577283
1230000252008009728
1230226649519677440
1230004378397896704
1230026186249535492
1230207067706650626
1230196042513178625
1230122503022010368
1230227095227420672
1230235935947681792
1230277613433839621
1230000201588338691
1230253990048419841
1229927767577419776
1230125760565788672
1230070647218245632
1230141431253274625
1230026699208740864
1230038891702308864
1230068143394971648
1230211848395354112
1229947130686713856
1230106039166566402
1230048785113415686
1229921690911555585
1230125278636236800
1230080736314589184
1230138391074934788
1230192833300226049
1230168648955899905
1229933408412950529
1230237791230943232
1230103196170964993
1230045767081000960
1229944190609633282
1230100804092055554
1229975378925584384
1230033342998827009
1230033763167543296
1230218102060670976
1229930258721148928
1230050351883091969
1230107124954361856
1230006203318558720
1230270162315538432
1230000785913565186
1230074158165495808
1229973459943321601
1230106474652807168
1230207478014468096
1230169114209136649
1229925121277644800
1229966937347653634
1229929418560163841
1230142742312837121
1230107971536818176
1229948989296009216
1230035049619361792
1230124005413281792
1230259875676131328
1230109100148572160
1229925075240939521
1229938390784626688
1230198702465110016
1230050325962215424
1230078897850482688
1230268638499942400
1230275109845393409
1230102267921141760
1230163160075849728
1230242232227241984
1230230495050358784
1230230655881097217
1230146756903522308
1230210168157241344
1230125696413888512
1230024012991889408
1230182342284709888
1230166628119216129
1230143418447253504
1230246240249688069
1230104501471739904
1230237578508558336
1229921894306058241
1230051463143075840
1230082617774657536
1229920600489185283
1230102576651214848
1230195774828482560
1230168399579357190
1230228366952927234
1230075250504806400
1230279311640481792
1230022352651472897
1230199300191326208
1230269888947613696
1230120987934355456
1230170204090617856
1230034095691968512
1229978150576087040
1230167670357512192
1230079036765896704
1230253102621700097
1229944303574831104
1230260129712549893
1230160556730048512
1229932827266949120
1230169050925264896
1230127074225999874
1230107409131110401
1229978126022848513
1230158888894369795
1230137564780257281
1230159173872078851
1229966877813690368
1229945183015505921
1230102531054997504
1230081285873266689
1229938927424794624
1230067747754823681
1230142684775489537
1230165179351961600
1229925890810761216
1230137460983660545
1229945857841168384
1230033249197387776
1230188136136880130
1230240506904371200
1230007773255131141
1230196308029452290
1230241460366106625
1230229309547274241
1230238749449216003
1230276125634351104
1230027845168193540
1230107875135164416
1230143319256203264
1229978709865558016
1230184899551907840
1230238450672185351
1230023416469585921
1230072468540461056
1230260985379926018
1229940531821629440
1230161508237074432
1229996100729393157
1230071458811891712
1229933995653304320
1230140085670039554
1230141299140984834
1230141920678236161
1230102379581698048
1230157563825737728
1230081800380260352
1230184784304828416
1230030357958778880
1230157360922087425
1230005003546324992
1230138189509210113
1230083211142656006
1230157279531393024
1230219637654052865
1230217632563027968
1229995209888387072
1229944497284341761
1230071539472703488
1230279234364596224
1230030413310988288
1229998791056429056
1230029490480406528
1230005064321896448
1230195419310784512
1229935387520512000
1229934807498579970
1230080952333848579
1230217629702479872
1230202689126043649
1230212139941597184
1229997713346961413
1230072928026255361
1230044794816057346
1230229446260486144
1230003669610819584
1229922557454761985
1230263847514189825
1229976281711689729
1230234267461943296
1230209873901752320
1230126001281089537
1230050425220534272
1230080254414393344
1230086115006140416
1229920253854896128
1230030771596988416
1230243635167481856
1230200583115636737
1230239195312087042
1230043300389736448
1229968129046044672
1230278129920495618
1230157851211042816
1229945370639241216
1230231118919553025
1230083732222218241
1230084543610265600
1229999519762452480
1229919766200098819
1230208734049296393
1229935208549535744
1230078255291482113
1230161462817181696
1230252450898116615
1230161478973624320
1230194052332769280
1230084864369713152
1230036812434833408
1230160894279258112
1230123712118214658
1230260759914876928
1230232487089049602
1230034836506570752
1229972047339622401
1229939411309223936
1230001162054594560
1229933163088097280
1230036056063369216
1230162470876041216
1230219326008856577
1230162234644553728
1230044372919517185
1229996812771024896
1230068802248855552
1230219247676248067
1229946106978631682
1229922918865309696
1230068546039713793
1230066866355179520
1230040705831038977
1229972256408760323
1230108355626176512
1229951553320013824
1230244754241118208
1230002377807187968
1230169027949080580
1230262325044625413
1230246134532038657
1230120535155073028
1230047113511194624
1230275008427020288
1230121197670670337
1230146281256800256
1230074302785032192
1230003631925202944
1230075787740614656
1230140221670481920
1230200116180606977
1230209057727942656
1230024018301874177
1230102543075770368
1229970515483226112
1230185759979732992
1229936356111065089
1230166676781633536
1230161833798930433
1230137461457772544
1229970985656504320
1229933490390499328
1229951069553217538
1230218881890783232
1230233866830569474
1230187824898547712
1229943020402937859
1229940316024659968
1230045140862980096
1229993448494817281
1230068693742211073
1230272584190758912
1230216374649327618
1230066387822886913
1230269498323800066
1230044889825415168
1230084721276620800
1230266771661377536
1230108357870018566
1229927411304759296
1229947254653497344
1230197221766897664
1229998741970534400
1230000526504361985
1229966751804293125
1230232801519099904
1230140699581960192
1229971723824570369
1230203955650519040
1230166416076296198
1230251544827678720
1230001819423793153
1230245120512905216
1230033895816605697
1230185331791712257
1229979150523367424
1230271302998491136
1229927838100467713
1230074818743062528
1229978928191664129
1229929208295481344
1229965221441110017
1230168216468475904
1229925817129545728
1230267443605647360
1230232728131342337
1230005772882497537
1230264376403382272
1230195096525475840
1229970724900634624
1229969941706702849
1230102158995021824
1230144959891689472
1229929932983160832
1230102528492064771
1230187281065086977
1230162102385508357
1230231148900601856
1230107765336526850
1230143063588106241
1230163024532639746
1230184527529697285
1229968127330373633
1229973557083394051
1229938176996904961
1230107655311691776
1229971423629676545
1229935919437959169
1229965218840596481
1229942163615535105
1230035088244662273
1230274028662853633
1230254976112504835
1229974865848893440
1230211780699394049
1230196044165722112
1230271907687170053
1230238011469815809
1230099157026623488
1229927832924508165
1230244068166393856
1230258258041982978
1230265339658866688
1230099867298648064
1230122647058448384
1229920488740270080
1229941828352299008
1229940113913761792
1230241568382160896
1230108715908464640
1230038072592666624
1230141610232410112
1229951830915858432
1230160383966502913
1230085747153068032
1230273823137783819
1230120655741386752
1230139853863559168
1229998811050696704
1230023140568227841
1230183699368628226
1230120083890016256
1230080393719627776
1230031524323397632
1230000432551907329
1230030892501889024
1230073680337629185
1230218082196639745
1229948309558583299
1229966134595727360
1229966440498966528
1229942626251661315
1230209001259855872
1230120783483166723
1230027547305443334
1230235408119803909
1230229571515142144
1230202332127862786
1229944626666016768
1229999246444810240
1230081375304388610
1230184681846558721
1230140396010901504
1230268226334011392
1230196601039179777
1230254285327257600
1230102563548286977
1230159076287533056
1230220180430737408
1230037441681199105
1230081131036446721
1230040665242947584
1230241327205507077
1230158190920314887
1230275266058104838
1230243720517373954
1230108453688967168
1230157179354669061
1230137693646065664
1230201089619718146
1229931666447011840
1230253268158361602
1230227571276599296
1229999758451695616
1230082765917429761
1229999009223315456
1230080008363732992
1230200310351556609
1229978681239425025
1229933132486512642
1230085340121194496
1230036839509221376
1230263744967696386
1230108386118815745
1230170115649482759
1230125903876784129
1230120626020548608
1230203491865415680
1230002287344402434
1230078511639072768
1230261721585135617
1229942335921905664
1230211710247563264
1230023358059700225
1230143644495159298
1229969227836264448
1230193373883043846
1229979353263624192
1230070772288413698
1230140114682228738
1230277869236039680
1230038958832140291
1230003669627785216
1230157385559232513
1230032761362186251
1230256132150575105
1230273197905412098
1230250588597714944
1230143456581832704
1230235839457832960
1230070373972107264
1230141980111327233
1230195574672166913
1230266338771456002
1230075652671303686
1230193336163721225
1230075814357528577
1230160855599329281
1230005558633099265
1229942490054086659
1230275781173141505
1230120433233485825
1230030060645572609
1229919579402579970
1230274596252684289
1230006810758696960
1229995037603201024
1229925162213969922
1230076462142652416
1229919983204888576
1230278983608152064
1230231361128194048
1230073978955468800
1230184272142553088
1229934584139149313
1230277224420585472
1230073430084587526
1230168978607108097
1230026098563592192
1229946122938068992
1229996622878257152
1229921032305287168
1230253405488263170
1229974758462128128
1229978230226137088
1230121123272175616
1230259398406295552
1230270592185749504
1230043940264566784
1229945051024896000
1230043884501131265
1229935768853827584
1230037052810579968
1230158018832027649
1230205899853193217
1230107841043681281
1230029199794028550
1230022159973539840
1230102373877465089
1230039966849347586
1230159508762054656
1230038448939184128
1230138958723465217
1230275178602680321
1230004560317513729
1229919022709383168
1230233633241403394
1230032321656623104
1229943181023858688
1229937222205485057
1229950914565476358
1230039402052612097
1230271092339679233
1230021992952270849
1229935554613174272
1229920202504015872
1230001103648907264
1230166345548955648
1229943186606481410
1230073935879974912
1230275611471511552
1230047358999642112
1230126378026139649
1230275203852271616
1230045130461261824
1230250741618675713
1230239244951490560
1230260865137401856
1229998395806212097
1230222878324359169
1230166818641235973
1230042443896295425
1230124088560996354
1230268903743541248
1230123332768432128
1230079739261440000
1230024419638116352
1230161638893875200
1230195354332581888
1230124879053312003
