1221333103567872001
1221267091296309249
1221462391373697024
1221450685440495618
1221577785770201089
1221269914671075329
1221281521094365186
1221283259998294016
1221405901036433409
1221377591019335682
1221310579597508610
1221365945395900417
1221232856128729088
1221295584323293184
1221398027765567490
1221531508940378113
1221536999904956419
1221399887746686977
1221307826301218817
1221454162468077570
1221460711399927810
1221491433271484416
1221431812741791744
1221508481947176960
1221569212608602113
1221521536877654017
1221287312190930945
1221300200813158402
1221227359392501760
1221274592238391296
1221335784227319809
1221323650927714306
1221236934820929538
1221578294681833472
1221455343965720577
1221290155643785217
1221475067600588800
1221441275192365057
1221531957831454724
1221396209815842817
1221225051866968065
1221548351042179073
1221434212080685056
1221244790106394626
1221383855984140288
1221410702855831553
1221579173681983488
1221254890955182081
1221469897559068672
1221303790411763712
1221570235511320578
1221464345042771969
1221338280853041154
1221269884782276608
1221231688405127169
1221470434891190272
1221290333683630081
1221567118048579585
1221349461366050816
1221453074964852736
1221403081482608640
1221269902205435904
1221312463523602432
1221513478906707968
1221508847732428801
1221292637962981378
1221320371829260288
1221454953878822913
1221516769325502464
1221535434792144896
1221497230277869569
1221578082378711051
1221392776157229058
1221400772207792130
1221520970969579521
1221432392960790528
1221229329591324672
1221434952392286211
1221289935992508416
1221529024092131331
1221429223815962625
1221443297333301249
1221480113612587008
1221467572492742656
1221388365687402496
1221465952824377345
1221479251070849025
1221451148848246785
1221570569532891137
1221404664463347715
1221574934645764098
1221373314012106757
1221325853482737669
1221563971833974785
1221393050070478848
1221501190673854464
1221239594886152193
1221582538960850945
1221537159112359936
1221288914062729216
1221497852154658816
1221360881180823552
1221230227696898054
1221252809716371457
1221408888622321664
1221291506465525761
1221489505527455744
1221495000653074432
1221260251657170944
1221350013919531008
1221409638203248640
1221341898779983873
1221493666029522944
1221466299726827521
1221374479885950976
1221514911102259205
1221581973279232000
1221506043269632000
1221471503084138501
1221473795959074822
1221301658686115840
1221473079081095168
1221328171984801792
1221476214805843969
1221463711077920768
1221356856096055296
1221342989764702209
1221470822214270976
1221486294162907137
1221416789713641472
1221452971252183043
1221411847644925954
1221369186833711110
1221469738750152706
1221420988803342337
1221253536983416832
1221435077374070786
1221236018319384578
1221566391939002369
1221333186736607232
1221274810992537601
1221414645652754432
1221318708322131968
1221434452909404161
1221434339562598400
1221460416267718656
1221253268422254592
1221381996271804422
1221567244024655873
1221229896242024450
1221536432684068864
1221461957359869952
1221473327098675201
1221267903363731458
1221548909828263936
1221287862831919104
1221274545039929344
1221576602351390721
1221426507689545729
1221582987629940740
1221417789103263744
1221380222756409345
1221465038302543878
1221462596231974917
1221565311054417921
1221557521883652096
1221427016198774784
1221345745858711552
1221311890925576197
1221268819802382337
1221388428962455552
1221252512004489216
1221480655806033921
1221400146648289280
1221363139490377728
1221272518289309696
1221535615780564994
1221310443974623234
1221506002547286016
1221287841591783424
1221320135815901185
1221538137446334465
1221268087644667904
1221364770789421057
1221400371169353729
1221319200003641345
1221246566142484480
1221287521553772545
1221474788381724672
1221482167915728905
1221558586976792577
1221531845147361280
1221495800951451648
1221414606515638272
1221325967634903046
1221335225659088897
1221306759492468736
1221313556198518784
1221455559188107264
1221385958999724032
1221511425710940160
1221569535293239297
1221523522469552128
1221563960576692227
1221557263774756871
1221385431637344256
1221522563878113281
1221497176200638464
1221262662148820993
1221371063059173376
1221558123124707330
1221579336383262720
1221502651914833920
1221312850997547008
1221396015158190082
1221415481434787848
1221303177347125249
1221522931798302720
1221495147650617344
1221390605428887553
1221274016381431808
1221507577147584512
1221437169069244418
1221527308634185728
1221247564399333378
1221417533498150914
1221507239459999744
1221313647407845377
1221353572169703424
1221412052155039744
1221255480871243778
1221373599849672704
1221395811860406272
1221225820431245312
1221435494564679680
1221558781248708608
1221253271077048320
1221433746538270720
1221525466911133699
1221540250943729664
1221433557970612226
1221535299127447559
1221524666142969857
1221402359512715266
1221427658963083264
1221552452392144898
1221361478810259456
1221560942254809088
1221325046469156865
1221437769999843328
1221445083834343426
1221338105556480000
1221468280952516608
1221533462680588288
1221231331582959616
1221565317157150722
1221486340828614656
1221500957458079744
1221472639836770304
1221464665667985408
1221398359719563265
1221260175564107776
1221519626959454208
1221349937482477568
1221465521306075137
1221356231752740864
1221364079442350080
1221552233877311488
1221310327775584257
1221570187415060481
1221489679758807040
1221309420807708673
1221236410289508352
1221500891141955584
1221401300081893376
1221577479996887040
1221431909592358914
1221288219439849472
1221499601989066754
1221221338326585344
1221453193915387904
1221246572911972352
1221462734157434882
1221312365548851203
1221305458570539009
1221451553074106368
1221476954349670406
1221542061159133185
1221298485397352449
1221334197253488640
1221387415945805824
1221271451891724290
1221453042047832065
1221223184160239623
1221406992440406017
1221320952618848262
1221498148796809216
1221337422539083777
1221361498754183168
1221390003651186688
1221229135676096518
1221435326339510272
1221392741948510210
1221293373241212929
1221573376939945987
1221507599088009216
1221401757051318272
1221517609218269195
1221545370184044550
1221557642776076288
1221291603689660416
1221415920150753280
1221567629254676480
1221331709892972545
1221452874749603840
1221388356245868545
1221332834817843200
1221403098163351552
1221356348597649409
1221415790752206851
1221449346442391553
1221509363342434305
1221268302049107968
1221545445731815424
1221367475364716545
1221274029245382656
1221563122760265729
1221494841839738886
1221573252612546561
1221510582605623296
1221434177079263232
1221264214855057408
1221340193061507072
1221367905209610245
1221271473249116161
1221329184808562689
1221431643367337984
1221237367790456832
1221546079239491584
1221480001419325446
1221465471498604544
1221565980167548929
1221269292714381312
1221444111019970560
1221448951146008587
1221484106237632512
1221444993581076481
1221429946083610629
1221308351922860032
1221499701599621121
1221304013368377345
1221296968418447360
1221387346379100160
1221497265858150401
1221464135960936449
1221554548948586497
1221348152202031104
1221272511049920512
1221560095844245504
1221556008431972353
1221432896373895169
1221388661230407680
1221349970692853760
1221459984459825152
1221420322999504896
1221373467347390464
1221397004506542080
1221478369826525184
1221253614674632704
1221544667591913473
1221295811834699776
1221492245410353153
1221488335840919552
1221410452246319105
1221513071572783106
1221307018914320384
1221558353480036354
1221281364185534464
1221489997431308291
1221524991566462977
1221434716642918401
1221383260447465472
1221449993782951942
1221363306843127809
1221320371040743424
1221436882690756608
1221353021214461953
1221446586380750850
1221489059207569410
1221263242040729600
1221541917940314112
1221254136030613505
1221380183208255488
1221546344344625154
1221378002287595520
1221429073882353665
1221332170070867968
1221327786427604992
1221406221778841605
1221301945673011206
1221231696579723265
1221500140915167232
1221568175629836288
1221305524840353798
1221471761583095808
1221440875227537408
1221375081361752064
1221281303267442689
1221351856066179072
1221274099378319361
1221440523501592578
1221523064430579714
1221279907378012162
1221246076767703040
1221448772061974529
1221496714680508416
1221341797600911360
1221318944302227456
1221300924074745856
1221251443501359105
1221345019631677440
1221467585775976448
1221483457047560192
1221453865146437632
1221330642165616640
1221340244349313025
1221522003817062401
1221332945866231809
1221416847972585474
1221330562482196480
1221356218658066432
1221568448267943944
1221333805362925568
1221413642173702145
1221566547086303232
1221484128626831360
1221481515776991232
1221534591673982976
1221242670669910016
1221393596483432454
1221323124706136064
1221523434984951810
1221282114517127168
1221234124964282370
1221327210650324993
1221431308842176512
1221491262336847872
1221462878957363200
1221263663857729536
1221333956525576192
1221395169120907264
1221423486285025282
1221311009949933568
1221418574897504256
1221542018742136832
1221310981437116423
1221581253775937536
1221470699367256066
1221290051365003266
1221306666521526273
1221387751993618434
1221517529660776451
1221433396955496449
1221509721536040961
1221516012249444352
1221302889299054592
1221392428420292613
1221411592413122560
1221367635125788672
1221231283629645826
1221431017560391681
1221578306719322113
1221387922194100225
1221431403256008704
1221412814297948160
1221257315183054849
1221367853565333509
1221244669947830272
1221319910397071366
1221301364174639110
1221541413986258945
1221311701804449793
1221441625781460995
1221238135364997120
1221256621956841472
1221376611695464450
1221569021289598976
1221309743337263104
1221365714466099200
1221488570470404101
1221489382139387904
1221461099498868737
1221540725705363459
1221498793545342976
1221309814279569408
1221459860987895808
1221354238212636678
1221402599561166849
1221253419819646976
1221408342737743872
1221509135616708610
1221261883623141376
1221242170637680640
1221475160764510209
1221256523503951872
1221279929582546949
1221315021281513473
1221451522254368768
1221247922269876224
1221396335062126602
1221516520750080001
1221502780474413057
1221458358487486465
1221258335271280641
1221562597884887041
1221459616644468737
1221571026359922691
1221433789873700865
1221404410791677952
1221444201944010755
1221519779279843328
1221456448569389058
1221225743218171904
1221447597342093312
1221481879615856640
1221292106171527170
1221473825398784000
1221453465366351873
1221306025241989120
1221228221452046336
1221471555521273861
1221440696231424000
1221547250956017666
1221449510301257728
1221488330895872001
1221558189306462210
1221332636867518464
1221544651414437889
1221579775661219841
1221323584603332608
1221303112859901952
1221416852208996353
1221500224214044674
1221263108749938688
1221225513819095040
1221583191640702977
1221581542327275523
1221441460819480577
1221488823760113664
1221316049141817344
1221392205887299584
1221494043915563009
1221430276976308226
1221315135249084417
1221358776512475136
1221542993703759873
1221356782725013505
1221562333610287108
1221545545438834690
1221330027746168835
1221335055680696320
1221510384995074048
1221246508156084224
1221270379639070721
1221553428989665282
1221468006041210882
1221580904071516161
1221500355495841793
1221274777966366720
1221396313511800833
1221450859269120001
1221411692464218112
1221352709426700288
1221456587329421312
1221554200125018112
1221450080768540673
1221451277189533696
1221475350103969792
1221580864917856262
1221489236257525760
1221369928520880128
1221247259028754432
1221451192288473089
1221316718506561538
1221437462003609602
1221469111265329152
1221226613158838273
1221329264240250881
1221483222653198342
1221578466795184128
1221563370307899392
1221503475378532353
1221309758478737408
1221492368978956291
1221564169721450506
1221248766432501760
1221275516726136834
1221234633930674184
1221509999551270913
1221256736981413889
1221307224976347138
1221383000362905600
1221565777444245504
1221438245009076227
1221273633349222401
1221371513615441920
1221272200562577408
1221448499964907522
1221472148469895169
1221516812036313089
1221528960338624512
1221525318692794373
1221462870547812352
1221432625124036614
1221315472404119552
1221230800131092480
1221579437969248257
1221335397793292289
1221313908465717248
1221560416779804673
1221439806347120640
1221239493446918147
1221408268746096641
1221378521295204352
1221538204727291907
1221420073044365312
1221461204222103554
1221492824048144384
1221350014787575808
1221250215228796933
1221527983300571136
1221328451174486022
1221472636544270336
1221417311736741888
1221352504731959297
1221249406067855367
1221280697056260099
1221339819491545089
1221282083412287488
1221506186400321537
1221538210007994368
1221377265923174400
1221421906521251840
1221294841813852160
1221408510358913024
1221464627952996353
1221344618442158080
1221363071735627776
1221524820371750913
1221303299275554816
1221250064057683970
1221504126183518208
1221308929730211840
1221521222120493064
1221351018711199744
1221515563282857985
1221421779169628161
1221237058158702592
1221513213763821573
1221383746890321921
1221441981055950850
1221276309529100293
1221442835079057410
1221308609365270528
1221235266498613249
1221543345064943617
1221411609190465536
1221400700678176771
1221332923741175808
1221277105813508096
1221333492237307904
1221291533564989441
1221444346068684800
1221326665642467329
1221311094959902720
1221419896699080704
1221289274722549762
1221291128160305152
1221272915217268736
1221316008310267904
1221426361081810945
1221460382272765953
1221554750853771265
1221367317818273793
1221437235678998533
1221257829027405824
1221476619551830016
1221361530362449921
1221361533562712065
1221559234678214657
1221514510248243200
1221392176212516871
1221388866923438081
1221420967009734657
1221375202530979841
1221283450583310336
1221272334255869952
1221465070313656320
1221248650829082625
1221514540837408769
1221521310649667586
1221244069965221889
1221353372613140482
1221338425162227712
1221274262125678592
1221426030914740225
1221467458520911872
1221573634290003968
1221335463161548801
1221254756254896128
1221321705219428353
1221568665604124673
1221441021000790017
1221415554403069954
1221258168082280451
1221464447044030464
1221277917935734784
1221251836864344065
1221403151699304448
1221364877362487297
1221356886055882752
1221329322956468224
1221464058395688960
1221498001849339906
1221225528566394882
1221532135040962562
1221450701030641664
1221293649620652033
1221302558972497920
1221571576606248961
1221388216152023040
1221458018291728384
1221535372682973186
1221434555758010368
1221229819716747264
1221550669003415553
1221267067195863042
1221259973419765761
1221441501416194048
1221323021798920193
1221244784376832000
1221310626028539905
1221488469966348293
1221468691990183942
1221384710082842626
1221567324064378880
1221456490508087296
1221249413093310464
1221554275190542336
1221258798473469952
1221329457891250181
1221445811491524610
1221538224138485760
1221364091895173122
1221315400429920258
1221313436203667456
1221239885975052289
1221463826953981953
1221344623282606085
1221384807223037952
1221453417169608705
1221512318053502979
1221582008654028800
1221263478364811264
1221431797185155077
1221300636630712320
1221418713733165056
1221248935106355200
1221304164988289024
1221463516592263170
1221477090182103040
1221445067195314176
1221233355171061760
1221502448310870023
1221488492351492097
1221464360591056896
1221271115261075456
1221572747685519361
1221483455222964230
1221275300178231297
1221469385530830848
1221525681844043779
1221370720141312001
1221317779875418112
1221468545160077313
1221246636959002624
1221476747595735043
1221224670730436609
1221300718172278784
1221281800107880448
1221483588287287296
1221354262308933633
1221469358117081088
1221391900235661314
1221427988513746945
1221510104433995776
1221297768079204352
1221555546492489735
1221311917781708800
1221465912647331841
1221409570288857088
1221456513501261824
1221316453464305664
1221460935237406720
1221489241240342529
1221478749859930113
1221271479888695297
1221237038042820608
1221289904933486592
1221327769520328704
1221499310237458434
1221445176872198144
1221232201179643904
1221348725328576517
1221367743292887040
1221236980903624705
1221566895746215937
1221542245268180993
1221522756862271488
1221321815680679936
1221559802322542592
1221267108618756096
1221447334174830594
1221462989867347969
1221244741771239425
1221360655258677249
1221563606585749505
1221265388027015168
1221536247543476224
1221466143791042560
1221482357326262277
1221395506305347590
1221243985265676288
1221508989613035520
1221501115709063168
1221315594646999045
1221394685291311118
1221270205101248512
1221456253395853313
1221243895100661761
1221514549053935616
1221543852638711809
1221367125538795526
1221473676278689792
1221287092539445248
1221440342597070848
1221228835028570113
1221413740001673216
1221410215196864513
1221563688408309762
1221246178039345152
1221378452726530050
1221256583327383562
1221458390498578433
1221581447384846336
1221458103146704896
1221569084845969409
1221523153622405120
1221442105446289408
1221244594505048067
1221266959704047617
1221439704148647937
1221551580950028288
1221563593445072898
1221245838032277504
1221535304689078274
1221242137318174721
1221355893503090688
1221479200554655745
1221579454624993280
1221557804017836032
1221437862639521792
1221451067982041088
1221381616716566531
1221421047163080706
1221485741252829185
1221439724474138624
1221274165849808897
1221327184490426369
1221450054558334983
1221224443269275650
1221476470154919936
1221323606958829570
1221310011093045248
1221345669375332353
1221348860183728128
1221301981106434048
1221370426376343552
1221561422934609920
1221286485468409858
1221450708102205441
1221319703169077250
1221415649727123456
1221442791537905664
1221267364861243392
1221360296364625920
1221223056460390406
1221409920932663298
1221241185710198784
1221466513900802049
1221303366069784576
1221226151521202177
1221270909283008512
1221500254048018432
1221491071164678144
1221528822467575808
1221389991038705667
1221556066707738626
1221494250086363136
1221575206029758464
1221313097958182912
1221400546705199104
1221518560092205059
1221358036150697984
1221417372726243334
1221425704002256896
1221515356809912322
1221441172922675202
1221345704355876864
1221404116682854401
1221501218444496896
1221478315782856709
1221447086178045952
1221375952862810112
1221258683780235266
1221254906901749761
1221518745111273473
1221576772334080012
1221574548275048450
1221322438115381249
1221324561045569536
1221397644762726401
1221384400648073222
1221486815191949312
1221379301884383232
1221509950859444224
1221245298850185216
1221424684886970369
1221324896334053376
1221507743271608326
1221252100329480192
1221241422982021124
1221450474903293952
1221396611416248321
1221287938966745089
1221312041740206082
1221252381255651329
1221223082955694081
1221420722381369344
1221423276448194560
1221581576749760512
1221370226119409664
1221489144465104897
1221366914494148608
1221322407115292672
1221373517557452802
1221464735842832387
1221288906693345281
1221317968258203649
1221493271379111937
1221256089422966786
1221525452717580289
1221290349366112256
1221360207617380352
1221575152636313601
1221256478180298752
1221254391694422017
1221530231942418434
1221569177397280768
1221249313784782848
1221456542672748545
1221524568570880002
1221535823134248960
1221304313311629313
1221472498115497984
1221251020895879168
1221262195289292802
1221256338627448832
1221530149855756289
1221381764033105920
1221548302153539591
1221333666233634816
1221244754505027585
1221224253921431552
1221317696198864896
1221332197430452225
1221448610258309120
1221359826925543424
1221243027886346240
1221299064194494464
1221531432230756354
1221480422397399047
1221350079312945153
1221512199912468481
1221230850676871169
1221495979540566016
1221355058236817408
1221351640654958592
1221277490347311105
1221485898887393280
1221531546596691970
1221503345241808898
1221482028992008193
1221379240521682944
1221224978890145794
1221420166455681024
1221271938674257920
1221375734901440516
1221347953815633920
1221453230040743936
1221547322036903937
1221475092682694656
1221443147990884353
1221464809763303425
1221453000696197120
1221447174170533888
1221521469051736066
1221260833092620289
1221314729458536450
1221347084923617280
1221553348412727296
1221487095497347075
1221376609640312834
1221410961229135872
1221389812743229442
1221408948705583106
1221423721052721153
1221502070244528128
1221515717390020609
1221537735070113794
1221263320356925440
1221483934954844160
1221307254038654979
1221228608875790337
1221320112277356544
1221294802626441216
1221350458372919297
1221262563197050880
1221421221205639170
1221377426946551808
1221287674947858432
1221530749393948674
1221359290188877825
1221569835555020800
1221380668300546049
1221531685784891392
1221367665559629826
1221343926457470976
1221475247083466754
1221448150050729985
1221471401179303937
1221476456603308033
1221529843990331392
1221529485108867077
1221488026783666176
1221397341770407937
1221297488046379009
1221337571180965889
1221404350829887488
1221448748577906688
1221465409297141760
1221320293358002177
1221541717373046786
1221294830392922112
1221439925897187329
1221443377444671488
1221574339268694016
1221403017850826757
1221424814860070912
1221342436917686272
1221278966683701249
1221502445412593664
1221472179641970688
1221451425244254211
1221439717817737216
1221286340005744640
1221298069506940935
1221239495019790336
1221334822578114560
1221579969186406401
1221314679924035585
1221419954710417409
1221289771210723331
1221285206692331520
1221427734527795203
1221367650946666496
1221446999507030021
1221409014988320768
1221344148176826369
1221487884563206144
1221442359734480898
1221432372656132098
1221222443358072834
1221503215918731264
1221438882488750082
1221300741547016192
1221231147478286336
1221564792483090435
1221464530896556033
1221500443630530560
1221231377762308096
1221272678532669440
1221365303944175621
1221298286017028096
1221428780901765120
1221476682520911873
1221328563967684608
1221535190377357313
1221458153109241856
1221557382062448640
1221446351600226304
1221367838562086917
1221436935899504642
1221470097275080704
1221306402691416064
1221231251404873728
1221406384509673472
1221475012521029632
1221470204145938432
1221504174631923715
1221481111475257349
1221269765848649728
1221545579945349120
1221303880488833024
1221519686392664065
1221437153961369605
1221389147514048512
1221329721545281536
1221572128962682882
1221363512041099264
1221335634469519360
1221236181376978946
1221549436737859584
1221555398617886720
1221309661875462144
1221288307780284417
1221367605098950656
1221399564713779201
1221531978325012486
1221575026421399553
1221344344772186114
1221399797938061312
1221272915104190465
1221269818638123008
1221537625456201728
1221328678241460225
1221355188809695232
1221371143237644288
1221278335004626944
1221284977356050437
1221537188606689280
1221244121463119872
1221539589543878656
1221349783820013568
1221450822455717889
1221468025918042113
1221426030662995968
1221490404438302720
1221227667917352960
1221423033564397568
1221478606712594433
1221411191890829312
1221432063661953030
1221407780944302080
1221273058574364673
1221525556224675841
1221485491666718720
1221518522477613070
1221320123581001728
1221278755370479616
1221533007892238337
1221251636410056705
1221393111198261249
1221514452199186432
1221229906840834055
1221438809016913922
1221379371295887360
1221431618214088704
1221473562466193409
1221284872175718400
1221400561246859266
1221481256724025345
1221576303792533504
1221255296565178369
1221569147198271488
1221238518501933056
1221451121639559168
1221433367591342080
1221269046185820160
1221430192826146817
1221487793026686977
1221280868502667264
1221300532263841797
1221346273921355777
1221455005011578881
1221474070916517890
1221548309099270147
1221385697413648384
1221577475471413250
1221534384383315969
1221297519642185728
1221449841525415938
1221477112688676865
1221579286382960641
1221376160723922944
1221347705366036480
1221242213214146560
1221411249147170819
1221385238967799808
1221502099193835520
1221524693590523906
1221249216472735744
1221513668069752832
1221466277287301120
1221290818465681409
1221442855639502848
1221448493920731136
1221550629362880512
1221275460828528642
1221469204152487936
1221354214540005376
1221399876161953792
1221481056953499648
1221306364389216256
1221355619719925763
1221528091337474050
1221578481672294403
1221375648444207104
1221563212631379968
1221334401746792448
1221446113787445248
1221335738538545152
1221376517705469952
1221445989254467584
1221370060503244801
1221452322812911620
1221557531236913154
1221569813933449216
1221315222033633281
1221330343162187777
1221228072797528065
1221273546585804805
1221294395506298880
1221432713921458176
1221285831228477442
1221370146226229249
1221416519122313216
1221346727774412806
1221499025813377025
1221350199689269251
1221522684246249472
1221281119930388480
1221506699158343688
1221413651812249602
1221564080311488513
1221226109393498112
1221263565169889280
1221432672708374529
1221496544689451008
1221477888362516480
1221436122607366144
1221335999957086210
1221472019021168641
1221377587080986625
1221515141147189251
1221502349350359040
1221477981081587713
1221288922979827712
1221569933546590208
1221389747827834880
1221297533470662661
1221340361861160960
1221469223878135808
1221439064458424320
1221537380890374145
1221477918880206849
1221579551429447680
1221349008397914118
1221402532607680512
1221314979162230784
1221433597065859077
1221355566523502597
1221465961590611970
1221452223097397249
1221273334068981761
1221403056304201730
1221560623550562304
1221503899531481088
1221444578689069056
1221412785009000452
1221516294887026688
1221431231985987584
1221294166191284225
1221392757689856001
1221291066667622406
1221494593465671680
1221257870118752258
1221228485445685248
1221303212013248513
1221387542152564736
1221375470878355458
1221501030438846464
1221241048271163392
1221293487703785472
1221460740386607104
1221515136177004544
1221362706889838592
1221466773826035713
1221469951434940417
1221570372677488642
1221560370432659457
1221542968756142083
1221229736485105666
1221334099501015040
1221236518041374722
1221396086130008064
1221503293563850753
1221483432821182464
1221447015185506304
1221313986299215873
1221290190037143558
1221503774939852802
1221482907916619776
1221449900384108544
1221514268253646848
1221507976722149377
1221580794327633926
1221531601722413058
1221387004761530369
1221325402615906304
1221409753575849986
1221312781430820864
1221321423295152129
1221411902024077313
1221526393793568768
1221553084566032385
1221307316328288257
1221402595698335744
1221577679079538688
1221441313419100160
1221497319457058816
1221403567820427265
1221406968042131456
1221434985216991234
1221559539541200897
1221557226609004544
1221417544193576962
1221284927217385473
1221389426611245063
1221241025861210114
1221581118702374912
1221344194326777856
1221281266625961984
1221373623040139264
1221381425628438529
1221224484834668544
1221364314604560385
