1222989833448148992
1222949112733192192
1222689031110025216
1222984298665512960
1222733201719693312
1222840040654434304
1222954541559308289
1222983962747899904
1222961441579438085
1222958637968064512
1222962046574256129
1222867033559388165
1223024403958595586
1222876525067849728
1222839771774386176
1222810354981335042
1222950092019261440
1222782696109281280
1222880022878392323
1222886204175273987
1222792755832737792
1222984676366782464
1222840704155688960
1222920796202467329
1222709637750935552
1222864411842486275
1222961631476486145
1223019755688169472
1223012871828836369
1222852696857690112
1222781663098236930
1222864712880123904
1222867985557098496
1222717262492327936
1222995903465893907
1222936359658065921
1222769602393825281
1223030592792559622
1223021080673021952
1222989252574818306
1222980816562741248
1222744978780147712
1222802295705886720
1222834431913644033
1222799752779182080
1222728730985918465
1222681767678824449
1222855008997167104
1222885107268124673
1222992086212972545
1222906150770790405
1222905258134798336
1223022900527140864
1222819635298361344
1222998377526431745
1222680461039689728
1222837261177360390
1222945242883559424
1222956024291676160
1222836085853581318
1222942611209625602
1222747134178549760
1222917792527077376
1222848010444394496
1222866905482039296
1222827655189286912
1222951152985235456
1222986039456911360
1222887221423828993
1222815260001886209
1222910997997834240
1222899490182463489
1222736815741906944
1222709705761488897
1222934657097961473
1222897626061783040
1222727860214996992
1222928734040145920
1222818962112516096
1222881922529026050
1223017142607589379
1222929022079758336
1222728999534780416
1222910915995037697
1222822435977748480
1222827333230350336
1222796045215846401
1223022986262802432
1222800026549747713
1222709055602425857
1222911764762898438
1222943386203717634
1222804504006914049
1222744836916121602
1222929106410536961
1222835239245905920
1222815498959761408
1222763308840734721
1222926634405154816
1223017736671911937
1222682661153660928
1223003736672559104
1222892743396970497
1222839658104512514
1222914334197764097
1222776536668889088
1223006844920176640
1222773867757719553
1223020961764528128
1222917852904116224
1222874646292451330
1223011656315179008
1222860725984489473
1223024324728123392
1222828715018571776
1222725659752943616
1222973799479549956
1223001856474935297
1222899738745303046
1222995906057973775
1222907900525334528
1223001734764728320
1222901262871494657
1222970325115248641
1223015812618833920
1222943938551656451
1222880411631718400
1222795916437934080
1222896902376550401
1222696193806876673
1222930268341723137
1222855227402964992
1222934658654113793
1222867332101541893
1222925196882919424
1222890949417820161
1222929017571028992
1222832056071327744
1222965918650851329
1222914602490462208
1222945077854638083
1222764924541079552
1222829061644308480
1222690474802262016
1222766548743544833
1222887539272450048
1222822564965150722
1222889524834922496
1222865211557842944
1222689456961929217
1222726973169864705
1222923122787024902
1222744409189556224
1222924567343173634
1223018392862380032
1222800745604345864
1222671241582206976
1222863542103068672
1222861888083714055
1222754743405117440
1222697104142827521
1222964652583288832
1223025706533179393
1222792601142562816
1222970477892730883
1222759099361710080
1222937513163218944
1222735210216689665
1222775336578043904
1222841699459747841
1222805472509669376
1222949495706660864
1222729189557784576
1222908330601000961
1222947314769117185
1222766607828537345
1222999648169652224
1222929936295567364
1222688885693652993
1222677360731983873
1222978444109254656
1222924531678924800
1222954314605481990
1222855382353055745
1222788950378631168
1222948709845159942
1222722936878043136
1222736078282510337
1222957334185611264
1222757012011794433
1222740133071466500
1222678973676544000
1222868152901496833
1222708468890722305
1222927837079928832
1222975575142412295
1222929361382166528
1222705097400102917
1222999881557692416
1222822138169610240
1223031480374513669
1222817709852807168
1222673346321690627
1222929733454876673
1222966681200447488
1222961029287530498
1222977611279716352
1222928627676909568
1222774570597240832
1222858710403428353
1223028872523980802
1222797675575177222
1222698661269757953
1222836771358158848
1222718405297369089
1222704292047605767
1222881393337720835
1222802253037240322
1222734838907584513
1222797473707712512
1222969123216314368
1223023307894558720
1222910239634124800
1222847372222328832
1222842741081591808
1222721183529021441
1222973744823574531
1222990270100320256
1222734702655619072
1222977405045944320
1222911332657307649
1222882878775709699
1222911604360142851
1222887479788724224
1222971508856737792
1222899731971526664
1222972511832485889
1223014655695761408
1223006791900041216
1222921985480519685
1222973160825479171
1223001626824388612
1222995259774455809
1222847974365003776
1222819184024805376
1222934615435833344
1222818870777409536
1222816811978121216
1222881091192643584
1222933247258218499
1222886821366943744
1222864801992511489
1222781749924491265
1222676910636855297
1222882143979933697
1222802652444024832
1223001826884190209
1222762168568840192
1222937177081794561
1222780232433717249
1222689902111993856
1222983061425598475
1222825246194987009
1222870832726315008
1222979592258039817
1223007586666020866
1222822639258849280
1222727605398278144
1222846481436233733
1222969885439012866
1223030298876817408
1222897282430853121
1223025709771182081
1222895041921744896
1222738624313221126
1222736979068059653
1222894026547843076
1222872830250848257
1222886898844061701
1222850440829665281
1222896273981751298
1222679292716257281
1222797632017399808
1222726128277884929
1222855708925759488
1222792824875180032
1222965915060523008
1222795811601256448
1223024996345352199
1222733036313169920
1222774433984573440
1222989015189725186
1222895696669376513
1222795277561626624
1222884939688890368
1222852231579521025
1223018799575838720
1223002178966708225
1222689280964820992
1222772280712933376
1222735535229132801
1222977909461331980
1222767014592372736
1222824381547720705
1222972570107961344
1222851765793460224
1222821855649681408
1222754479197442048
1223028588250836999
1222788200353214464
1223001146018521088
1222880915585556480
1222996915349946368
1222695128487251968
1222972917585047552
1222845480477945857
1223011564384608256
1222674708702720000
1222700232326238208
1222923072782708736
1222875670436429825
1222870497035157504
1222760337965010944
1222863426638057472
1222827212669276161
1222799845322371074
1222961197869219845
1222827787951566848
1222952824755101700
1222899173831274503
1222846567490691073
1222912469175275521
1222923830701776900
1222714175006203904
1222981738797961217
1222815250539372544
1222942128210231296
1222980237664763904
1222834257472696320
1222709614074060801
1222818404169469956
1222888571041918976
1222934133850112000
1222831064546066433
1222994045368250382
1223031249750675456
1222898094875926534
1222673569198616576
1222885325632163840
1222713692447395841
1222739770016780291
1222834326359826432
1222935731263262722
1222971556835614721
1222731458671857665
1222995343153016850
1222864800268505089
1222734910433062912
1222720981019643907
1222827649661374464
1222809659637161984
1222697550756474880
1222971300966105089
1222956887630471169
1222845499675250688
1223025850666319872
1222926643469127680
1222911303582306309
1222867268859654144
1222842602703089665
1222904820446547968
1222673305548808193
1222804941313458177
1222874496962461698
1222823027928256512
1222969428788293637
1222875182471106560
1223012574523990019
1222676220225019904
1222725985516150784
1222797640590475264
1222851564508975105
1222871223387820033
1222790356896382980
1223023096669573120
1222709785893666816
1223007344134631432
1222852605422055426
1222855424766103553
1222769813497364480
1223006871788957696
1222937086770188298
1222716838007791616
1222939379645046784
1222830554296528896
1222836139360505857
1222681139875405824
1222989282790473735
1222755029712539648
1222816566212845569
1222802125895241728
1222834400779554816
1222858059996913664
1222924002177486849
1222822217320411136
1222990104698007552
1222830694554095617
1222838263406305282
1222990105838858252
1222757529928663041
1222869388547641347
1222863592388792326
1222780393213947905
1222746760986017792
1222897809646444544
1222897195843608577
1222892617236500480
1222792093703319553
1222802013882208256
1222680961885724673
1222682085615394821
1222681998042521600
1222680838548135936
1222680471051653120
1222957798968918016
1223013142516518913
1222797246531424256
1222960874908004354
1222929498095673344
1222754061558145025
1222810840849477633
1222784771949879296
1222960118595248129
1222936417271263232
1222798771307851776
1222795929721290753
1223024361679900673
1222864150352678913
1222923176998588421
1222779286249181186
1222852630830972929
1222733051626549248
1222911082009780224
1222804077287038977
1223001408565338112
1222916455093555200
1222756090003193856
1222731646408904705
1222958405788295168
1222939821133328384
1222990341281918981
1222864675743731712
1223007830422310912
1222893837523095552
1222776428355186689
1222829089138053124
1222757077694676992
1222699075729911808
1222964444067581952
1222969635357618176
1222712745428041728
1222840305319215107
1222974813683245056
1222869467408916480
1222753872323571717
1222952312013877249
1222735324767326214
1222870071443324929
1222837047905247232
1222936372824158210
1222671939283582981
1222744718548717572
1222757220477214720
1222965739432349699
1222901787994152961
1222815835770646529
1222713718976458753
1222804442531188737
1222916842861289472
1222886093940498432
1222950225544871936
1223001955254976513
1222812661173211137
1222740540418068481
1222891436619649027
1222750887396827143
1222935204278472704
1222986473617555456
1222814359518212096
1222903947972579329
1222689656099295233
1223031793185480704
1222779657424162817
1222906236133203968
1222902829859229696
1222681930946109441
1222776115221028864
1222795472454082561
1222782367011491840
1222711063499677697
1222802843964297216
1222676369026551809
1222960117450268673
1222837194374729733
1222987833104904196
1222735475099697152
1222911796199059462
1222767358311268352
1222843722800304128
1222689268755124224
1222748223313285120
1222952770648584197
1222978476132700160
1222838675903406081
1222921068714905607
1222760603141464064
1222832956143742978
1222720493473583106
1222708251906789377
1222918707858432002
1222720549706551297
1222895742773149697
1222704163458449409
1222979008461266945
1222917326669934593
1222971838608891905
1222918055946153984
1222833418393640961
1223019267676831749
1222846660990177281
1222757688309944320
1222911739379036161
1222988285720637450
1222835054927323136
1222953476616966145
1222930366874386432
1223002260390776836
1222802666138435584
1222892581232746496
1223025882639433728
1222763532699103237
1222923391772102656
1223022355229937682
1222817073425833987
1222929651741478912
1222797466170351616
1222976982838927360
1222719010577342464
1222954581933666305
1222816080097435648
1222994756759777282
1222797342031712257
1222816271382675457
1222887373064720385
1223004152709730315
1222858991845310464
1222673607517769728
1222686851573485569
1222696517321908224
1222765591271837696
1222839394240909312
1222786110583001088
1222918121012461568
1223030797143363584
1222898963931488258
1222966393068564482
1222796480773099521
1222731627232550912
1222776032861679616
1222689604416835585
1222916471212298241
1222692120324034560
1222956409404284930
1222928787299618822
1223006978781450245
1222673315447234560
1222734911351730178
1222686068853465089
1222874497218334720
1222926490255400962
1222680763633586176
1223018820266332162
1222827886840692736
1222823960280125442
1222918927598092291
1222779067134406658
1222801641763528704
1222831364837261315
1223000047622610945
1222683776238653441
1222872176552042497
1222977774383702017
1222841165399175168
1222847570323488768
1223013260011720704
1222675150136459264
1223028738780065792
1222893867952828416
1222940418779709440
1222838178043686913
1223012920100966401
1223025961391869952
1223020183071154181
1222984895951077378
1222875659371859968
1222691326002696192
1222913365359677441
1222908955418120193
1222746617129783296
1222932323605340162
1222675541901348864
1222908190930522112
1222756278004408320
1222767406419853313
1222785517701431296
1223024483583299584
1222988822692102146
1222781777980329984
1222820325882130434
1222674897010184192
1222765431338889216
1223005014207205377
1222701492215406597
1222920158928199680
1222726856891199489
1222696952229515265
1222775852363943938
1222963460671201280
1222839822760534017
1222892576509837314
1222984481092423680
1222989309411831810
1222816673574445056
1222982190599954432
1222984298330042376
1223023876931760128
1222776393433567232
1222923718168416256
1223017014169686021
1222975010454822917
1222781940291514368
1222836541317214208
1222985984582668288
1223028385926000640
1223032711260114945
1222725544854163456
1222839642828853249
1222925565197529095
1222812514473275397
1222736896792702976
1222995414934335500
1222918289434861569
1222778575398547456
1222951266696908811
1223001588786180099
1222983482273517568
1222803870889336832
1222851655517065217
1222672019436834818
1222828009897377793
1222916468519530497
1222867150546731008
1222866236566011904
1222950767767752704
1222876224491405319
1222917586205073409
1222795995362123776
1222970904994635776
1222674983933161473
1222793588553256960
1223006736291901444
1222909419010179073
1222964865112985607
1222796393850400768
1222780694893490177
1223025284431040512
1222801621727444992
1222825242432655361
1222911532830298112
1222791942834028545
1222962148529397769
1222859169637625856
1222981114987470848
1222717196104683523
1222942807570243584
1222956414789980162
1222917389437874178
1222873164935499784
1222860101976879104
1222794865529901057
1222674712448225280
1222976800386691076
1222755526045585408
1222728096064794625
1222847516963680257
1222916455181631488
1222893085107138560
1223028833839996932
1222680959192973312
1222989840796594184
1222932817887342592
1222935505807007748
1223029840078680065
1223010879865667586
1222810245614854144
1222805652042420224
1222989259017269249
1222907501894496256
1222894090733248512
1222782818381516800
1222950418663247873
1222807753208537088
1223015305049337856
1222880812439425025
1222952835278606342
1222917409696174081
1222706528676958208
1222737000924680194
1222891005659115521
1223019593343688709
1222985304623210502
1222811253057261568
1222819393232625664
1222911875639390208
1222756749309952002
1222698982717128704
1223028327658582017
1222881062688157697
1222995767633170432
1223007558476206081
1222978174360809472
1222875355473743872
1222706193669533698
1222928944153817093
1223025551545270272
1222863907162853377
1222756657215623169
1222998279216037896
1222745718244495360
1222688920053248001
1222866989707739137
1222852628381462528
1222928961539149824
1222854493093744642
1222983415995256838
1223027469336371201
1222880433727139840
1223013912464912384
1222815269074001920
1222815584980615168
1222688006877745152
1222904610660048902
1222955035983777794
1222676683209076736
1223007155055484929
1222900060398051329
1222887062476488707
1222814654457466885
1222735491889385472
1222793522723483649
1222689225394409473
1222728112183468032
1222680386053926914
1222810393665511425
1223030866320019456
1222718537480826880
1223031821341904896
1222807686556913665
1222907185002438656
1222962416046133250
1223009653124161536
1223025619413487618
1222989122446360576
1222899190059032580
1222864945383124992
1223021857030328320
1222842260548718594
1222957072704249856
1222968687285735426
1222985750045765657
1222762770900254721
1222975482896973825
1222690497740718080
1222876888533614593
1222906073905913857
1223018600631537665
1222690328752181249
1222860014777503744
1222876458449682432
1222755103175823362
1222794356161040384
1222842757581983745
1222684859409293312
1223009736720670721
1222923779526905856
1222977950452195328
1223019344910782464
1222813519134855168
1222873687507881986
1223007103612264448
1222969743981907969
1222957393132367873
1222995934780567563
1223006665009659905
1222854435228930048
1222803351626186753
1223024779386675204
1222943159946240001
1222841514931261440
1222913065378668546
1222941343795830784
1222695756458577921
1222825161600032769
1222706825356660736
1222969310014005248
1222987193326743555
1222876209253666818
1222755977516277760
1222705311674445827
1222750186700713986
1222957651534872576
1223007203336081410
1222717497620627458
1222744098462785536
1222727043609059328
1222781884071075840
1222919793499680768
1222671574899265540
1222732641138429952
1222689753994162182
1223001268379103234
1222719737580277760
1222724482302799873
1222845205029638145
1223011437519360000
1222846307552776193
1222708407200649217
1222726429218967555
1222847907835064320
1222871142009954304
1222851406903726080
1222824101019930630
1222815823338717185
1222709960649277441
1222915958383300610
1222853966825836545
1222740215862906880
1222829104916860928
1223026971191283713
1222939103622090752
1222841768829431808
1222784113872011264
1222994776083128320
1222909464862433281
1222875803517706240
1222910526264659969
1222828491294429185
1223025551604092928
1222881197350694913
1222970862141263872
1223012819127263232
1222835103786774534
1222804591311511552
1222726864784916480
1222798691041366016
1222781993760391170
1222948205421309959
1222976798411063297
1222936218427543552
1222688562824601601
1222959614263562240
1222814926160314369
1223001153488683016
1222963604661719045
1222679000192966656
1222862338967031809
1222778970028085248
1222707884791947264
1222838997770104832
1222713998275014656
1222676572332707840
1222919141767561217
1222843647944609794
1222857494478721025
1222720844545380352
1222994450722496513
1223013322297085960
1222731337351815169
1222922522112299010
1222804563096264704
1222897960238714891
1222895352765808640
1222736199720157184
1222891733194686465
1223019921401110529
1222955738307448832
1223010020863942658
1222972822198374400
1222947147512872960
1223013565046460418
1223008724807233537
1222808227496308738
1222734679985487872
1222997665304190977
1222949837785772032
1222957268133654533
1222700409468289024
1222964308134506499
1222781905793245184
1222738401851396097
1222943427823841281
1222948920197894145
1222857479727566848
1222937101290758146
1222804684412375041
1222808857162010625
1222887843099361281
1222916196221083648
1222941300934098944
1222888784829861888
1222886988744994816
1222939137982058498
1222696647412666368
1222676820455313408
1222928529383280640
1222866577336520710
1222935297756934144
1222776639114956800
1222725168805470208
1222949527637897218
1223012865092677632
1222806181585932288
1222923840109629440
1222899552295899138
1222779667234598913
1222698750323253250
1222774529312862208
1222688025747963904
1223018781263482881
1222901488445358094
1222780387375476736
1222912047383400450
1222861884749017088
1222977571173937159
1222845967571083264
1222872456664236032
1222859669292511233
1223030370548891648
1222886563941502977
1222949016175931393
1222989933268303872
1223004692801708034
1222781617250267136
1222892595623288834
1222780896413016064
1222832622360875008
1223002683537100801
1222754922241851392
1223021235950538752
1222929914921410560
1222712134678638592
1222864649961365506
1222881104887263233
1222766545195061249
1222807072057839618
1222731609461252096
1222911878289973249
1222929747300225025
1222976375721562114
1223016215842414593
1222967715142434816
1222678742880989184
1222717286794121216
1222747088028610561
1222721109130276864
1222835956052480001
1222943662247743489
1222843072431546369
1222863835507437569
1222995820934508544
1222791115536920576
1222739485869240320
1222971766886346752
1222858064786792450
1222707735533408257
1223002123396272128
1222765317954379776
1222754215119818752
1222951414835494912
1222807987015864320
1222900162776854530
1222899559140978690
1222809829904809985
1222713556770050049
1222917018007080960
1222748732283899906
1223010551183245313
1222916363062300672
1222720351731421184
1222719167737913344
1222760057470717953
1222993162907652102
1222973014553350144
1222879169169838087
1222690632809902081
1222982541444968448
1222863891715117056
1222755961514803200
1222989210405068800
1222929800614072320
1222809172447780865
1222849161927778305
1222888513214935041
1222721856987451392
1222866232551985152
1222854435292033025
1222990218778689536
1222971564037033984
1222917413114732544
1222847259571892227
1222690679555362816
1222767896008413186
1222877018838036481
1222706214167031808
1222892237249503232
1222957230884052992
1222995888227987464
1222781190282723328
1222746847866785794
1222890836360224774
1222893586091511808
1222923597477371904
1222893847643967488
1222854257688244224
1222695132987703297
1222851420053037057
1222932068893589504
1222727264674013184
1222840049944784901
1222807072867176448
1222744242369503232
1222984701247467522
1222859206669193217
1222882327828713472
1222828525251526656
1222745989066326018
1222942148116590592
1222699107879473155
1222848597193936896
1222912088714235904
1222722727204835330
1222934121023848449
1222697727227617280
1222914062775918593
1222996507252731914
1222775964309934080
1222889336536010752
1222875364743176192
1222942134585692163
1223009570710118400
1222919231806689286
1222789753294049280
1222754879413743616
1222857175057354753
1223030490321555467
1222690472617037824
1222942627059970050
1222978256158298113
1222869768060964864
1222821635142705153
1222917615804391432
1222795638867296257
1222804303066198017
1222870489791483904
1222863277744697345
1222796590781349888
1222735670227030017
1222905764311961600
1222869410240700416
1222709967733522432
1222904799827382272
1222853378658598912
1222718101160112128
1222982836770070529
1222794949831229440
1222839493943676928
1222974787900846083
1222995483829751808
1222971902085517317
1222911004419534852
1222938416163082240
1222884450876432384
1222839596607856642
1222970415137599490
1222910641041629184
1222674262110035968
1222914115783528448
1222911668495233025
1222907398966386690
1222923174125481984
1222964357170188291
1222957871232618496
1222877865160716288
1222702197386944513
1222929756997292033
1222992841263263746
1222770929089933313
1222744335889915904
1223013362084106241
1222822021014274048
1223001094437199872
1222996129207459840
1222781943667920897
1223014433410158593
1222909225724268546
1222881758519033856
1222896818029072384
1222716984430821376
1222957561546264576
1223009751786803205
1222898723975356416
1222798059450454016
1222782177496182785
1222881720934064130
1222954649147277317
1222970030356410369
1222911215917129728
1223012515220721665
1222970010034941953
1222872867290992647
1222813145443360770
1222846410929983489
1222671784748539905
1222688574350319616
1222949035415306240
1222787501603074053
1222754501129433088
1222920826254774276
1222725606128766978
1222798401693081600
1222976431959040001
1222689125637218306
1222765404197720064
1222961606738362368
1222721857046163456
1222837810794647552
1222875190520053760
1222742585481080837
1222934776463663105
1222710479090593792
1222972484787589122
1222996075470032896
1222867607608426497
1222864556713631748
1222983738402885632
1222870271314411520
1222911427616239616
1222673234899791872
1222848558283407361
1222945667519107072
1222690166105468928
1222944751680458758
1222854192567484418
1222949617396043779
1222719037601460224
1222828710660722688
1222817721999642624
1223017179911618560
1222858612055379968
1222875508448169984
1222897245038596097
1222971793054396416
1223018626766295043
1222923841216774144
1222736425059176448
1222837245394046977
1222888904644276225
1222913044268797952
1222976902689951744
1222681243277504512
1222821718445694977
1222971081700495363
1222844706494742529
1222796067034394624
1222716709116792833
1222752863966773250
1222950546480517121
1222993702265794565
1222965755672780803
1222850968271773696
1222737421902786560
1222870581189603330
1222816450362118145
1222876881533489152
1222853071698481152
1222680737180213249
1222876801447317504
1222885949077458944
1222696570174525440
1222748530361753600
1222981072872529920
1222917178476855298
1222905916124729344
1222906565944119296
1222977773536366592
1222846555792666624
1222737641562497024
1222938795265462273
1222722455652847616
1223029770755043330
1222735362704977920
1223030871336398855
1223011129133281280
1222790573318385664
1222971592847740928
1222875865018720256
1222875007518494721
1222833603265957889
1222907397036965888
1222983668177698816
1222922722034028544
1223024791877062657
1222858700420984832
1222744468710772736
1222682878846427143
1222840433501462528
1222782469901938688
1222833574920851456
1222874125007499270
1222709619488890880
1222989558649769984
1222816792386473984
1222989060794396672
1223000868716453889
1222849806613172226
1223011514518581248
1222941110315577344
1222918026661650432
1222857977754836993
1222904920543617027
1222983387960553486
1222900215000133632
1222845017720422400
1222875211156074496
1222737247788814337
1222698321145319425
1222812222658711552
1222912635907133441
1222920158471237638
1222962072201371649
1222932182781448192
1223017493566033920
1222737084835753984
1222950199879798785
1222898637677613058
1222925827731488768
1222851689612562438
1222774809437917184
1222921576406044674
1222858017714032642
1223006534176845831
1222755177649688576
1222842998628569088
1222841105831645184
1222888678403596289
1222766522592124928
1222942823797813253
1222994353314050068
1222798877943721985
1222691952891584514
1222745690381717506
1222922954616389632
1222912783265693697
1222838851917340672
1222863668418838529
1222746272995708934
1222887134819831809
1222811034764759041
1222929283158548481
1223022946542899200
1222735389443743745
1223007513341116416
1223029048487469058
1222768053479301123
1222959546856947712
1222828462391488512
1222979366541570055
1222818788732624896
1222713903185977346
1222897477327581189
1222904679094374400
1222986053876736001
1222755549709848577
1222945877087727616
1222931142283653120
1222905165851680768
1222681222045782016
1223012658183462914
1222997151963385856
1223024168431689736
1222936395523743744
1222979642539282432
1222828387867099142
1222840120371335168
1222809622756507648
1222870023242440704
1222800463671640065
1222818383638355968
1222712365176803328
1222772270898089984
1223007540721504257
1222993598809092100
1222841008909455360
1222914090873556993
1222752042457821185
1222735891967488000
1222930347538538497
1222887798421590023
1222835566338686976
1222973542037196800
1222767684057612289
1222917522493706246
1222799560008851458
1222943446433796097
1222839806243160069
1222859559573868544
1222929346438082560
1222798248877805568
1223001389548306435
1222816719732756480
1222834627687129088
1222819796988751872
1222845976894771201
1222984554073534467
1222748530927788034
1223002227029299201
1222768115257208833
1222686647747145728
1222709329528147968
1222887472541003777
1222918768361275392
1222978224885575686
1222689185632419840
1222978408486985729
1222782591926984704
1222893635353493504
1222830687683858433
1222867063321972738
1222967848743718912
1222984389572714496
1222816221545914368
1223017959075041280
1223030641555460096
1222790429424242690
1222837270706704384
1223025384033140736
1222996225835716608
1222942347786240000
1222863452559040513
1222834483897847809
1222765256876818432
1222916808187006977
1222697989002522624
1222829712784805888
1222837261475045377
1222835362000601089
1223009296687910912
1222977479830384646
1222951077965811712
1222816910116413445
1223017798793822208
1222680965274714112
1222753112554799104
1222955512624488449
1222738621951696896
1222741959883624449
1222810257585344512
1222766441088221184
1223002783722483713
1222928991113416708
1222805446651547648
1222805775090765824
1222849828603871233
1222863663687561216
1222963856013582346
1222851492895514624
1222893522535116800
1222780868613287938
1222966026985295872
1222916806874214403
1222912994251698176
1222965297423847424
1222893967890472961
1222852318384648192
1222972450994081792
1222989574844166150
1222806438801637377
1222710255030763522
1222862012667060224
1222881190446694402
1222867017105117184
1223028673672105985
1222949081028448256
1222739333901275136
1222727686658850818
1222791296001232896
1222872371670859776
1222849131745382401
1222812947350794241
1222884027243409408
1222774184109101061
1222950424266723328
1222890874197004289
1222949744768684036
1223019333242191872
1222976614331379712
1223025585946914816
1222840898263715841
1222858454458486786
1222863421936263168
1222847194241196032
1222988990665699345
1222740501767438336
1222992625755729926
1222898908063338496
1222868467398905856
1222803597164871680
1222886778928918531
1222911841153646592
1222879755407630336
1222880828532908033
1222933747357638659
1222860818443730944
1222706717416275969
1222784297934835712
1222798924487856128
1222898573924126721
1222923798825127936
1222936814807371776
1222981466017222657
1222858451048513537
1222790296150429696
1222828257784918019
1223009109240246272
1222791737417981952
1222799082076372999
1222838149136703488
1222780424994217984
1222901657505169409
1222728235152105472
1222720809065689091
1222806089172836355
1222995352195719168
1222935369621983232
1222882683409268738
1222973186658062337
1222736902874443777
1222723138905104384
1223015988716875778
1222680585799438336
1222755827020259328
1222914647331954688
1222835108903653376
1222680318030815233
1222768617554493441
1222893259149570053
1222874628747681793
1222886959263010817
1222900444722106369
1222862451731062785
1222692110719225856
1223018737420230656
1222814266517929984
1222970275723005952
1222812239972847616
1222911324939644929
1222826687475388416
1222999227674120192
1223025897273356289
1222976075317358592
1222876155419611138
1222765726592692225
1222810596258631680
1223001689445347329
1222802158120243200
1222775632574087168
1223030890047188992
1223017412120973321
1222820987521118215
1222822712336244736
1222677049829052416
1222892025210474498
1222969907802857472
1223001892168429568
1223001064678535172
1222943542924009473
1222889178448293894
1223007238886957056
1222954477755432960
1222791065897521152
1222702062737084416
1222706944546201600
1223007204074082305
1222916852877119488
1222809926642302976
1223001264310685696
1222673520649367552
1222954022715514881
1222980147705307136
1222993430776709121
1222800871622209536
1222919903256014848
1222688329885519873
1222934610352295937
1222887252164071430
1222683447468208129
1222887101240233986
1222886831185752064
1222755933542969344
1222988834796986368
1223022256680570886
1222878529886416897
1223022168344186880
1222993623572275202
1222718449350250498
1222845173119381504
1222857982939037696
1223030004860112896
1222843723249119232
1222715222886010881
1222882222862000128
1222827780536074240
1222943396479803392
1222671331323535366
1222803463605669888
1222996416324423680
1222749595937181696
1222765650826842113
1222923067720130561
1222904845067268096
1222770913847857152
1222689472807964672
1223005643277250562
1222997209022705678
1222993715792424965
1222794086475714560
1222908976607547398
1223026421922181120
1222794494023806976
1222942091283554304
1222883631338647552
1222855665548349441
1222795141896949763
1222975976587636746
1222969847300198403
1222876058510352386
1222878756450095104
1222678500286529536
1223021576075055104
1222904837437894656
1222957320453459969
1222709323597414400
1222871645615865863
1222911236444000256
1222911191762206726
1222852613932306432
1222804555248947201
1222828427419369472
1222743734430904320
1222970957943451649
1222703804883202049
1222874586032885765
1222746178330038272
1223015200657461252
1223006828122058752
1222697932001955842
1222834884701327366
1222837722756173825
1222965037700173831
1222985653295747072
1222966287149740032
1223012781596626946
1222978564582256645
1223001562437574657
1222861500223803393
1222871658115096578
1222799501561192449
1222890739333353472
1222810132687405056
1222839939152244736
1222995228652711954
1222958496167186434
1222904694676185088
1222997584408608769
1222769628952186881
1222971802047016960
1222893215516258307
1222983916371529729
1222904810808205313
1223029552244387845
1222921163598204928
1222813427426414594
1223000803826208769
1223007854405308416
1222727093789704193
1222708098575417344
1222804025009004544
1222807531484897280
1222909339612188673
1222673746814799874
1222886908440825856
1222924711140610048
1222789043324252161
1222749897520304135
1222975386688139272
1222870012450557953
1222814080093704194
1222690604703838208
1222848977210695680
1222827686743007232
1223030977443688449
1222702352752431104
1223018659460730882
1222975495932907521
1222977031970881536
1222744473848827904
1223003745862078464
1222717584451129344
1222765822730358785
1222780690628071425
1222975941175119873
1222969095898980353
1222808797149687808
1222915156834951169
1222869665338183680
1222966344506920960
1222977342559150081
1222766515209920512
1222813599732682752
1222858359994535936
1222791753360650241
1222966081154879488
1222835778281078786
1222954110099439616
1222897871797645312
1223028430704447488
1222769171357995008
1222725628950122496
1222845810737467392
1222918931955892225
1222715952481128449
1222754405012905984
1222735921621061632
1222837333814317056
1222895526066020355
1222916680894074880
1222674163933962241
1222968306333732865
1222882860727775232
1222943873569361920
1222940134129197057
1222839890393460737
1222719257164894208
1222902646132092928
1222857875996979203
1222801781303808000
1222923281776377859
1222722438313590785
1222932390076669953
1222868024463482880
1222858728455540736
1222904886641057792
1222958486843219976
1222744598654570497
1222862722431356928
1222877949373943808
1222929643738501120
1222847439419260928
1222676359954096128
1222965070524747777
1222712662179577857
1222909823936647168
1222993801507221518
1222788645981212672
1222835023033896961
1222853340909801472
1222969879914930176
1222969045206499330
1222844604917133312
1223019269291749378
1222910715360632832
1223026102370742272
1222872072956694528
1222688872263340033
1222689149553082368
1222912041024815104
1222893718950146048
1222741866367594496
1222950319920828416
1222900884759171072
1222780663662727168
1223007485839257600
1222898940707688455
1222865260777893888
1222801976221585408
1222872889688330240
1222983707528769556
1222803574758899712
1222749331779833856
1222822741922893824
1222779283526967296
1222983606643064837
1222879451710541824
1222714995802173440
1222863417133817858
1222824011198910464
1222743880405151744
1222894602979545088
1222809906635345920
1223007233077846017
1222904438677032960
1222914783805968384
1222696631277178889
1222969615103483905
1222851302863949825
1223011066210332672
1222776072225337344
1222734829525049344
1222918343360962563
1223013060606136320
1222684368914866182
1222986486292930560
1222699806054912001
1222904805074468864
1222757996939268096
1222928805553229829
1222890318233649156
1222746697933058049
1222781035567386625
1222989077194203136
1222965542715158528
1222907245911887872
1222955062919606272
1222976832502476800
1222719244871315461
1222788330519068672
1222727243287289856
1222697583770001409
1222810005700636672
1222842261534208000
1222717819084820480
1222831900890284032
1222871764541169664
1222917623517720576
1222959278719266816
1222880358649290753
1222869385624162304
1222951253992517634
1222905439467134977
1222945033575444484
1223004173224103936
1222833206149279744
1222674577802788866
1223028438262517767
1222827728921034752
1222953229069307904
1223027279330103296
1223028498383720449
1222833012334825473
1222949780298485761
1222764160536236032
1222752275568812033
1222966604553773056
1222969074226995203
1222780329674436609
1222935633741651970
1222971260222812166
1222802341327360001
1222966641077694469
1222803556941684737
1222887195691737088
1222761599502389248
1222965832462012417
1222998923331031041
1223012422199496706
1222726422315225088
1223002970926698496
1222797939891818501
1222797837848567809
1222794190284783617
1222972586860003328
1222680376457539584
1222822163725438976
1222821433056940033
1222899233335832576
1222808764153126913
1222907439470796800
1222951604946554881
1222673710005571586
1222941539627868163
1222895929268654080
1222901020751085568
1222680481444974592
1222717105205698561
1222889616782635009
1222863052598439942
1222831320641884160
1222850507364093953
1222971938009563136
1222767952723767296
1222680155602194432
1222891924824002562
1222733606587486208
1222765044062019584
1222782970395795457
1223021350354178048
1222826461091880961
1222790523490119681
1222709933302566913
1222905059769344001
1222845604226748417
1222680389405282304
1222927361374670848
1222863265660694528
1222763313517326337
1222693486853443584
1222948523101974528
1222932682323050496
1222959472710180869
1222962773400936449
1222965424297594881
1222935876126175233
1222880407647113218
1222797588690112515
1223020994979172353
1222899283092918272
1222680164535955456
1222965253643726848
1223027941287661568
1222917420097998848
1222700474865868800
1222908904360660992
1222851872895258624
1222756442878496768
1222893573814677504
1223025171235098624
1222867193378922496
1222810874378768384
1222942692050640901
1223024995535851523
1222924441383948295
1222936090807537664
1222804154982092801
1222708801473658880
1222869615363207169
1222819188395216896
1223020268643405824
1222675324959428610
1222807229625094145
1222708911284924416
1222853664613617665
1222759630008246272
1222761991699222528
1223024536796520451
1222921416892248065
1223024273666633728
1223030872539979776
1222869880363352064
1222836394491404288
1222821998927048704
1222847576891785216
1222938398400315392
1222821174058471425
1223023650267287552
1222682056238432256
1222870467834331136
1222869768522403840
1222863957825748992
1223012202128531458
1223030626833571841
1222794958790217728
1222816790964772865
1222812558203088896
1222782470417862656
1222720057253318657
1222716023666688000
1222709054771888128
1222852751174008832
1222948974635581440
1222741138458570752
1222899703810949120
1222995990770331648
1222813899327590401
1222897621875879936
1222981075770793986
1222972054951079937
1222726867331043329
1222692387513929730
1222911341817626626
1222876630399344645
1222934900778491904
1222696184692736000
1222943780547883008
1222779205253058560
1222887069233451008
1222969410169606144
1222676684278763520
1222974091101200384
1223008052389040130
1222956384540602375
1222893401999151104
1222851689088196610
1222746235485900801
1222804964898213888
1222889491716640774
1222757490204401666
1222960625606963207
1222981886303244296
1222968256711086080
1222947746816102401
1222833858900422656
1222761290092777472
1223024722755178502
1222893485528760327
1223002355018285056
1222844173444763648
1222863439342665728
1223025826825793536
1222718199877316608
1222905636310016001
1222682082691829761
1222805823283331072
1222767408277905408
1222806383843659776
1222942456301400064
1222734952657227778
1222828114163773442
1222901956244463618
1222973507002343425
1222801439375810561
1222980922280226824
1222740595187298305
1222743243152134144
1222839654120030208
1222860716056567810
1222887324503216131
1222817498443075586
1222973659989598208
1223007708565196800
1222939502848638977
1222977291132772357
1222736428112777216
1222912462841729024
1222875112438808576
1222881377068019714
1222713863382151170
1222966193897857025
1222914140253106178
1222893189717053442
1222876981584203776
1222870421847937024
1222746991693688832
1222958502458613765
1222783984691707905
1222893446240727041
1222716543261454340
1222850785165238274
1222822580245225472
1222767245748649985
1222889510184214530
1222958750698549255
1222910591213490176
1223022580438728705
1222864357962350592
1222827985394257921
1222794335105605632
1222756200946601984
1222848667184316418
1222975097062989830
1222797956316663808
1222942586949775360
1222805160881033216
1222854066855792640
1222877494770008065
1222863376566693889
1222881725635866624
1222797826717114368
1222702484399054848
1222971697143406592
1222938013295996928
1222993327345164288
1222763137314611205
1222992515420368899
1222833418569949185
1222838019876503552
1222953076463566849
1222900885233139713
1222934756985208832
1222835312742682627
1223001092155498496
1222897886297411584
1222929640806895616
1223028263364243456
1222797550446575616
1222828671892770818
1222827164422160385
1222827628194910208
1222698498551840768
1222846573534531586
1222926763929612288
1222745680776613888
1222696746196840448
1222864461393870848
1222754081262821378
1222876283450904577
1222996404911661056
1222810683776987138
1222905688101285892
1222898463622385666
1222885367067500544
1222776885463011328
1222803355308908544
1222734771077312512
1223003780901474310
1222992402979479557
1222986831559581696
1222851327677493248
1222929264770789377
1222755393723457536
1222715994856198144
1222808256965300225
1222832408602365952
1222850194888282113
1222701509584064515
1222909315033395202
1222775271553548288
1222935029535297537
1222928555312586753
1222939450419728384
1223029666476224512
1222926706140336129
1222828261635264512
1222877946479828992
1222750570072694786
1222704179530985472
1222743750969110529
1222791285783707648
1223029684780224513
1222852839023603714
1222851698386821120
1223021729657892864
1222904711025741824
1222833541517467649
1222793018828185601
1222982812405583874
1222855333254660096
1222779497553940480
1222885418758049794
1222842823105400832
1222801847443804160
1222712541614243841
1222904641333026816
1222970134228238337
1222899270904205312
1222865148152430593
1222858113256128512
1222950248437501952
1222912713770311680
1223008117656641537
1222965902578200578
1222765435839483905
1222861355444666368
1222923201791102977
1222864225787359232
1223006939229118466
1222958811108896769
1222899117073940487
1222953928398123009
1222830811512111104
1222940274055438336
1222986664429027328
1222831353655226368
1222764504645173248
1223009528867721218
1222819825296330754
1222870006125318147
1222995674930786304
1222673805086220299
1222967704992149505
1222962513962328065
1222912406831058944
1222927519814422532
1222677516621533184
1222885345504579585
1222696419787714560
1222866617115107328
1222840319227510784
1222752428732354563
1222868405570523136
1222971401579171840
1222671903791501314
1223013805720064001
1222819543413739520
1222756762547191808
1222871594453782530
1223029166980788224
1222675406718816258
1222672537131208704
1222832405406314498
1222983105998249984
1223023388504907776
1222717958608314370
1222718265539092482
1222743295169679360
1222900104345993216
1222978494285545477
1222846358559674368
1222940354598580225
1222874913075343361
1222891999226843138
1222794921280712704
1222956016343625728
1223031917165076480
1222812456268881922
1222921625399480320
1223018400198397954
1222981043956920320
1222716846555705344
1222744044280930305
1223024536834076674
1222875317494145026
1222834319921565696
1222856898916929536
1222811713990316032
1222683957969543169
1222847235630649344
1223012832024911874
1222834242721239045
1223020581680906240
1222766724958838784
1223007003523584000
1222923491474903041
1222781783680475136
1222799019790888960
1222913439401639937
1222954012221173760
1223024791747268608
1222870215593082880
1222822445825978368
1222822927470669824
1222922882373902342
1222708734268301312
1222901113768144896
1222717679397552128
1222707932535672834
1222874085450907654
1222814736825253888
1222893191692578819
1222715916087021568
1222708673408974848
1222840092051435520
1222909272272646145
1222734080716034055
1222944891841536004
1222956288201519105
1223001712212037634
1222955350246281217
1222819602352074753
1223029499006193665
1222699044088102912
1222766399170449408
1222676681896472576
1222846832243404800
1222961859797622785
1223021537185452035
1222746976745222145
1222716631979216896
1222887812392898561
1222949493504561154
1222935898897055745
1222899602602356738
1222744207342755840
1222926061199142921
1222746783257751555
1222790255952191488
1222869456470319105
1222851891047981056
1222844649108312064
1222810666957824002
1222702711138922498
1222977602240970752
1222709285479575552
1222843434119000067
1222972853684973568
1222741428415221760
1222812658136600577
1222847892458618880
1222950048645832704
1222975629068505088
1222697841501425664
1222846513837170688
1222851543642275841
1222686006438178816
1222823070278111232
1222821823576006656
1222867210114412550
1223023235278823424
1223002260629684225
1222775425731969024
1222996713373413391
1222905082448171008
1222770980055080962
1223008035637006342
1222949070387412996
1222879258994868225
1222884619785142273
1222835198380793862
1222917666614185990
1222717948495835138
1222810948081086464
1222828005178785796
1222677982751248386
1222917834155663361
1222802908976050176
1222878120413253633
1222756621815648256
1222865245502201856
1222831373909549062
1223007639665139713
1222745395190804480
1222742502261710848
1222949265686835200
1222824487973834752
1223001426617606145
1222995619179970562
1222948863402815488
1222791041784283139
1222942600824487936
1222893297783336961
1222899429914472450
1222688927389310976
1222977655877853185
1222705084145909761
1222793925804658688
1222964526804602882
1222797986310176768
1222972837612478466
1222961806274187264
1222681496718209025
1222875659711733760
1222977214167363591
1222766290663768067
1222778964445298689
1222828053459423234
1222757115430948865
1222697095888560129
1222806899889827846
1222970946820153344
1222734783752486912
1222804743048744961
1222920961910923264
1222979390063009792
1222807737676906496
1222818398347743232
1222974862215405569
1222914458382557184
1222994791538913280
1222881652977872897
1222710351038492673
1222736465211351040
1222878274700791816
1223009103217213440
1223013123000610817
1222912803239026689
1222998151323254784
1222895744119537674
1222717228367265792
1222875047364186115
1222975464165322759
1223012954456629248
1222798869345402881
1222706736173158400
1222776134573539328
1222873023880937473
1222977995373268992
1222803835996868608
1222829569448611840
1222873496369262593
1222737318290718720
1222767186449588226
1222811027235954688
1222779128929087489
1222876390942375942
1222672389475119104
1223004574140682240
1223012096851365888
1222792542674137088
1222852180295802887
1222999630163505152
1223031202568982530
1222828332498214917
1222730278646366209
1222958182059905026
1222739081127288832
1223029476138766336
1222857864722747393
1222925750195503105
1222726959932723200
1222824015452090368
1222674667741143041
1222953722373783552
1222820586088304640
1222821763282694144
1222728017085992960
1223018619963166720
1222730228738347008
1222709416430067719
1223021488262926337
1222963242630369281
1222944703043100673
1222775252608004096
1223019068288110594
1222877757601828864
1222816586320490497
1222878976076476416
1222966913799639040
1222746714844598272
1223015216578875392
1222794348250763264
1222750604943974400
1222786139372670976
1222894413204140032
1222826083852046336
1222966148435546112
1222806180692557824
1222834829743419392
1222816152973275136
1223006666330976262
1222983625337122817
1222870571056123904
1222690492258738176
1222801536385830912
1222779812684554240
1222886581708525574
1222923371714924545
1222887558482259969
1222764696509370374
1222762889389305857
1222943081986711552
1223017473999613952
1222906274175582208
1222775073968246785
1222724277452988417
1222881080384147456
1222735380816060416
1222893497792921601
1222875877148479488
1222817949968285696
1222953136702263302
