1219979392316837889
1220046450010144768
1219865023578697728
1220018201775439873
1220087935422410754
1220025252593504257
1219920248373051393
1220075514662211584
1219986775688597504
1220092822235291648
1220068327625592832
1219998541885689856
1219945968755511298
1220118563987644416
1220076429125345281
1219963453676363776
1219991087202340865
1219941450718121984
1220095707052421132
1220063136092434434
1220094022993182720
1219791075595956225
1219902885678309378
1220087262861545473
1220109905572573186
1220069092809486336
1220074117174583296
1220115350055870464
1219913222427267074
