1237773289864474624
1237778675459928064
1237773105356996613
1237772869947379714
1237783809543663617
1237784480351432706
1237778490746945541
1237778041876762625
1237778310358335488
1237778994097008650
1237772933289795586
1237779103316672512
1237784623247024128
1237778172692873216
1237772191246270466
1237772447295754243
1237773458257391617
1237778436229181442
1237779481030316032
1237778629293215752
1237779451447930880
1237772808345845760
1237778667125846020
1237784832769318912
1237772983852130307
1237772833356304384
1237772417914867719
1237778373385969664
1237778394789613569
1237772425934315520
1237772233176743937
1237784149127237632
1237779299907878915
1237778168263643136
1237784727794470914
1237772605886803974
1237773256435863553
1237779421777530881
1237773067805491200
1237783817416585218
1237772225161449473
1237778398803644417
1237772640212975616
1237773516759580683
1237772963451002880
1237773550578044929
1237784480158449665
1237778335310196736
1237778742904147969
1237784496851816449
1237773248131215360
1237772585632481280
1237772983894147072
1237772753719173120
1237772451418800130
1237773356927193095
1237773545733869571
