1234663083764670465
1234663785148776454
1234663514540630016
1234668843055775749
1234674632474497024
1234674766558056448
1234669727512793089
1234674313086652417
1234673362049232896
1234674619841302530
1234669182332981249
1234668910101688322
1234668626193420289
1234668720531730436
1234668794280202250
1234662892311416834
1234668783576289282
1234663018971054081
1234669547480707072
1234668671424851974
1234668546535223299
1234669024065155072
1234663609264820224
1234668956306173953
1234674648744255488
1234669132622094336
1234662815891243009
1234668982663172099
1234662894962274310
1234674780093075456
1234674683544403968
1234669065353883648
1234668655142506496
1234663165054472192
1234664184144523265
1234674798787063810
1234663989830811649
1234663930468810754
1234674366719250439
1234674607031848960
1234663030320820224
1234669335135715334
1234668713007206401
1234664035578068992
