1236581679994527745
1236588333096210433
1236582376886722565
1236588055210987521
1236581387525906434
1236588490285936640
1236587427453718528
1236587623579336706
1236588011732664320
1236587476183105537
1236581307896999938
1236588368093417472
1236582658399862786
1236587765569069057
1236581602274074625
1236587372365647874
1236581899772088320
1236581432719523840
1236588442961588224
1236581386796105728
1236582024728756230
1236582762049568768
1236582353490739200
1236587870728699906
1236582606889721856
1236582738200858624
1236587304602546177
1236582725315743746
1236582532679794689
1236581752304365569
1236581403216809985
1236587930585403392
1236581848861380608
1236581728417910785
1236588622826164225
1236581575120375811
