1234522545958903810
1234517030000304128
1234522974847295488
1234517160715788288
1234523040337186824
1234516460355096584
1234522813563731968
1234516607264706565
1234522201799393280
1234522491244208131
1234522877434699776
1234517163530235905
1234522629509386242
1234523120435744768
1234512039403511808
1234511425747509250
1234522432452595713
1234516862643384327
1234523099737001995
1234511748591427586
1234512043224510464
1234516809015009280
1234511276077965312
1234511829621264385
1234522876658610177
1234521967421771777
1234522403528527872
1234522427507519489
1234517097335709704
1234510977917489158
1234510914705076225
1234522285979029511
1234517055455596545
1234511845882572800
1234521933452103682
1234511817466138625
1234511971573207041
1234516862525939712
1234517482381225985
1234517152981372928
1234511518198353925
1234522985521917957
1234516410417762304
1234516489253736449
1234510838695809024
1234510834484891648
1234522817481314305
