1234545115290578946
1234550630829699072
1234544541065261057
1234549872260472834
1234544943064023041
1234539036968210432
1234549828769763329
1234539930661072899
1234545174124081155
1234539502166794240
1234545191383519233
1234550277438615553
1234544877121220613
1234550417125715968
1234539260444905472
1234539154500919297
1234544971618844674
1234551092068769792
1234545043312193540
1234539096137248768
1234544438313017344
1234539504418971653
1234544615556075521
1234539523608104960
1234550617651236872
1234549913540845568
1234550559857758208
1234544746372247552
1234545479830134784
1234544901917986819
1234539150600286208
1234539851858333696
1234551337796407296
1234544747106185216
1234550303170711552
1234550593177444352
1234550618859147264
1234549830547955713
1234539733381980160
1234544851397611520
1234550773083713537
1234550119971901440
1234545207594455040
1234544548896034817
