1235505507122712577
1235511655783632896
1235510930793889792
1235510477242785798
1235516235653287937
1235510293154787328
1235510376869048320
1235505461882785793
1235510631278747654
1235517116524064770
1235517673577934848
1235516596422090752
1235517528157220864
1235510664606543872
1235516368520388608
1235506768697896961
1235517269880553473
1235517375920758784
1235517488751734784
1235510081304907777
1235511075594022912
1235516969752780801
1235505384904953856
1235516041884626945
1235517191363190784
1235510201341657090
1235516391429570562
1235505354248720385
1235505337769197571
1235510392484499456
1235516393669287937
1235511228438585344
1235511356536901632
1235511266833240064
1235517347206586369
1235511567124500480
1235516668920594434
1235517475732590592
1235510978894270465
1235510988230643712
1235510304668172289
1235505440563183616
1235517566765973505
1235510610474889216
