1236812158387642368
1236817282166181891
1236817874930393091
1236806450019807232
1236817618276962304
1236812723989753856
1236806722460610560
1236812522285682694
1236811569922813953
1236817810963103745
1236805632277135360
1236811713460174855
1236806697118728192
1236812808903438337
1236817496910503947
1236817899886534657
1236817370498224128
1236817949199142913
1236811373881032704
1236806385595084801
1236806923565109249
1236818441446789121
1236812799713501184
1236806281807171586
1236818129201901568
1236817828591722496
1236818341219581955
1236807020810035202
1236818335041327104
1236806286404128768
1236806597441175553
1236811634674298880
1236812387786862592
1236811735115411458
1236806194183970818
1236817606725648387
1236818016748425216
1236805936527925251
1236812212779401216
1236806297242107905
1236806822243098625
1236812463531855873
1236818293194993664
1236817279100358656
1236805585519013889
1236818322118844416
1236806515912146945
1236817900255825922
1236817702758514689
1236817160888094720
1236812222078296065
1236811456739307520
1236806931097907200
1236818171945984000
