1240333706784419840
1240324479261331458
1240328396724461570
1240333459538604032
1240333455185137668
1240324756173447168
1240334243735224325
1240333354941272065
1240333417566343173
1240334117897506816
1240333686022615040
1240328644129587207
1240324588455763969
1240324538195251200
1240328078137511937
1240324924146925570
1240333539184267266
1240333468292218882
1240333480443043846
1240328786853257216
1240328174636077056
1240324408067207170
1240324684480237570
1240333778171592704
1240333635632402434
1240328778703704064
1240328061121429504
1240324873286754305
1240328212393181189
1240333694604369924
1240333534847471616
1240324936662691843
