1234095852429434880
1234093308575698947
1234093948894711809
1234098842611658752
1234093173204570112
1234099626170556418
1234093126530281473
1234099118840197122
1234095140945453058
1234092187450781696
1234096508196315136
1234099860535758850
1234100486720061442
1234094064364138498
1234096489950937089
1234094429255933953
1234091463539122178
1234098432698130433
1234096211688378368
1234086091742949377
1234089902389825536
1234098910051868672
1234091169270976513
1234095677224833024
1234096082940055552
1234088527991693313
1234097339897458689
1234093670204411905
1234087899936608257
1234093294881247232
1234096470816587778
1234098303043661830
1234096653335961600
1234100738927685632
1234087384985325569
1234096124656570368
1234090777472487430
1234094941292376064
1234096468383981568
1234096494686408704
1234093923074813953
1234099620726398976
1234096121850580992
1234095792643686400
1234090484055859201
1234087379360780288
1234096415766302721
1234100949209296896
1234092994703364096
1234090810582405120
1234091440495611904
1234096267283832842
1234091933418475520
1234089383646638080
1234090937489424389
1234095107281948672
1234097267792990208
1234088594697900035
1234091031186071552
1234091332047523840
1234089085540720640
1234086284471091200
1234093271636414465
1234089872262123521
1234093229718548480
1234095628726214657
1234089127366152192
1234091335734435841
1234094676912721926
1234098501312819200
1234100427806908416
1234090973572919296
1234096483626037251
1234087102880591872
1234093598649569281
1234095969983070208
1234090515060051968
1234090513336283138
1234099963031777282
1234098548754354176
1234096349836124160
1234098724714012672
1234097121927655424
1234098337189523456
1234091386393317376
1234100737493225472
1234091131476041729
1234098608728944641
1234091240980910080
1234091043416616961
1234087088590594048
1234095668647661570
1234097181038194688
1234094062942195712
1234096374486007808
1234092071557844992
1234086519012544512
1234088053368475649
1234096875738890241
1234096382799155206
1234087727370555394
1234099882379677696
1234090222054301696
