1240554256169488386
1240553551803359232
1240559398273142785
1240559070966206465
1240554013117960192
1240559658361860097
1240558714945495040
1240553203235729408
1240553153029947392
1240553686323134466
1240559218199007235
1240554134882803713
1240559239086694400
1240553186613698563
1240554159486775296
1240553442306715649
1240559868236517377
1240553551673339904
1240559432385380353
1240559407198543872
1240559532763484165
1240553149175197698
1240553534577422336
1240548619465510912
1240553086093012992
1240553488905408513
1240559218106576897
1240553819995377665
1240559499330682880
1240554192760197121
1240559113240797185
1240553602181103616
1240553811363627008
1240554176603701253
