1239256362229600257
1239261882114027520
1239257050221346820
1239256328763310082
1239251249419161601
1239250158984007680
1239262146187280385
1239250942970691585
1239256496548065280
1239251438104129537
1239261752136814593
1239250272280440833
1239250607518744577
1239261931992764417
1239262515156172810
1239261978696101888
1239262171357421568
1239251215889895425
1239256236417302528
1239256248920477696
1239257092092882948
1239255976596955136
1239255993088958465
1239256718715916288
1239262557115998208
1239262749881962496
1239257222322032640
1239251316448342018
1239251295099330563
1239261932156342275
1239256618333646848
1239261600906870784
1239261789877043202
1239256383121313792
1239250410457759744
1239251484086349832
1239250570021502982
1239256349554479107
1239250771356471297
1239256999826731008
1239257230685470726
1239250377008132096
1239251513475600385
1239250465319239680
1239250842340990976
1239250481492439047
1239250939174776837
1239262574363004928
1239250628620189698
