1237761952908292103
1237766691796463619
1237761344922882049
1237755808450072576
1237755766167273477
1237761898424209415
1237755652770074625
1237761558576586754
1237755308971352070
1237766600377241603
1237760807489937410
1237761281979023362
1237766427748204544
1237761692622258189
1237755527171641345
1237766671298895874
1237767132710141952
1237766868309508098
1237766751112183808
1237761521054371840
1237761512632135680
1237760904252588032
1237756122410266625
1237755265279078400
1237762024567791616
1237767338516234242
1237755795380543488
1237755237978517504
1237767816427655168
1237761076546154496
1237755497702359040
1237766978011422720
1237766494823616513
1237767435056545793
1237767066012311552
1237755795875540992
1237755653088780288
1237761353613340674
1237761634635931648
1237760690632437760
1237755523304316928
1237767564555681793
1237755849717800961
1237761189402329091
1237760824166379521
1237761335955513344
1237766784700252160
