1239720390479491072
1239725872564842504
1239720000757198848
1239732629487915009
1239731354583150593
1239720969553317888
1239721124688257026
1239726245698510850
1239732499791708160
1239732415582441472
1239726056984248322
1239720457550651394
1239726489135910918
1239725729916600322
1239725629395927041
1239720617315885069
1239720524726616064
1239720487271399425
1239732055019122688
1239732088464502784
1239726694858194948
1239726464188264449
1239720302306877440
1239720205934366725
1239726703238316032
1239720499560808449
1239719992314040321
1239720458137804803
1239720646285852672
1239720440949432320
1239725629064478720
1239720344388337664
1239731354608095232
1239726359200628736
1239732193330692102
1239725935546548225
1239725566376452099
1239725994166161409
1239726036352479233
1239726954753986561
1239720130822766592
1239725826259791872
1239720910778580992
1239725730155524096
1239725709297364994
1239720755891298304
1239725805728653312
1239726123975573506
1239732273068433409
1239726090542858250
1239720055354482688
