1240818279012282382
1240819050856448000
1240810008058703872
1240818765375430659
1240809999670095872
1240818996531720194
1240812147208159232
1240819118082650113
1240805687648751616
1240805436271583238
1240819050760089600
1240818996280164354
1240805528332374016
1240818878680309765
1240810251575681024
1240812344055181312
1240818933512507393
1240818052570255360
1240813254584045568
1240817775783755776
1240812663086735362
1240818790897573890
1240812935393484800
1240810352134291456
1240810280537358338
1240812658787520513
1240818820148875266
1240818241402011649
1240818589592150016
1240812574977019907
1240813456070250507
1240805314141786119
1240805511605485568
1240812813842632707
1240809961812353026
1240818539231051776
1240812138677112834
1240810268168466432
1240810112744218624
1240818295491694593
1240813166184951808
1240805448804114434
1240818413389385730
1240810008150827008
1240812524192186370
