1234260489821138950
1234254891389984768
1234254999334449152
1234265616237785089
1234254982884364289
1234266497574264832
1234265921717297152
1234255108071968771
1234266413788995584
1234254626448265216
1234265004662128640
1234260530602237952
1234254992221052928
1234255000714399744
1234261065359380486
1234265534956539904
1234259878887272448
1234265791211569152
1234255368877821952
1234260729315938307
1234254875124432897
1234254631582097408
1234265993569947648
1234266809857122304
1234261048011653120
1234260799457288193
1234266023601168384
1234258834484539393
1234254327746707458
1234266744379801600
1234266327906476032
1234261090776666112
1234261145231515649
1234259905256787969
1234255112039796737
1234255023808356353
1234266430750593024
1234266437306343424
1234266395715817474
1234266632056340482
1234261112377483265
1234261074779590656
1234255214334660608
1234266534559780865
1234254727640166400
1234254174923128833
1234254102760230912
1234260851936374784
1234260880310833156
1234260742196432896
1234265729500876802
1234259842229063680
1234266618055864320
