1239780058786484224
1239785939632881671
1239790796506828802
1239785729992978432
1239785209681203200
1239791149092442115
1239791547207442432
1239791077894361088
1239779996576563200
1239779350028996608
1239785082811973632
1239779509655621632
1239785897635315712
1239791123679199232
1239791631106269184
1239785537097076736
1239786086458470400
1239780248029237248
1239785284943794177
1239785658245206016
1239785402585608193
1239791731429834754
1239791882625925120
1239791433915105280
1239790599164719105
1239780322914549760
1239791547446484994
1239779559840440320
1239779945527873536
1239785612149796864
1239780319034609665
1239785209509232640
1239791588869656577
1239786102921125889
1239779874711240704
1239785838990356481
1239791576307679233
1239791560218120193
1239785260273094656
1239785649932087297
1239785113375956992
1239791861989961734
1239785943869140992
1239791648139165696
1239786094331334656
1239779983679033345
1239784932630622208
1239785675349585920
1239791643924054016
1239790716538236933
