1236559202870415360
1236553081162051584
1236558420041289733
1236558235097841667
1236553209205927936
1236553852469600256
1236553709061935106
1236547679712411648
1236553378936709120
1236552803146924032
1236558754881196033
1236559539752730624
1236552786487042049
1236552971598659584
1236553453125677056
1236553811428139009
1236558280048214016
1236558834237411328
1236547414808387585
1236558789740040192
1236547495301468161
1236548093606350849
1236547985200168962
1236552803746820096
1236553362537144322
1236547269714984960
1236559376380387328
1236548105476042752
1236558806479339521
1236547949561360384
1236558398277079043
1236552487865176064
1236552981169844224
1236558814679306241
1236548018972676096
1236553207142182912
1236559507150516224
1236553341787869190
1236553540908265472
1236559435251630081
1236559351889793027
1236553231632945153
1236547220108791808
1236553706797236224
1236558654351880195
