1235703683150524416
1235709071916843008
1235709139671711746
1235714536130437120
1235703217989677056
1235704072642027526
1235709970370318337
1235710033146638338
1235709377627262976
1235703615861542912
1235715167062814720
1235710007154323457
1235715196770910208
1235709488528793605
1235703020064825344
1235704357250715648
1235714658776035329
1235704266339295232
1235703611503624198
1235709736978243585
1235715438991912960
1235703918920740864
1235714517834838016
1235709542123462656
1235714335973965824
1235701811157196803
1235715536689836032
1235715105326878721
1235714767492222978
1235703989976453120
1235714487984021505
1235703360923320325
1235709831484297216
1235709219879309312
1235703565873606656
1235715341931753472
1235715711642845184
1235709656858685440
1235714643802415104
1235709168394387458
1235703901069901826
1235715070132248577
1235703019397767168
1235715247295488003
1235704383486058496
1235703901535469568
1235714676345823233
1235709043609567232
1235709068414574593
1235703758820184065
1235709836953882625
1235703460244254721
1235715490544148482
1235703684207534080
1235708876848275457
