1234126316523393024
1234129126673399815
1234128507023843333
1234124715683393538
1234126103821901825
1234119764617912321
1234126211330211845
1234129453208309760
1234118725835640833
1234122820558499840
1234124027414761473
1234119418973573120
1234129770021052417
1234117189793304576
1234121620601610240
1234130616842481666
1234118445047918593
1234119083643297793
1234122027805630464
1234128783231373312
1234130308875931649
1234116323300560896
1234125826817265664
1234119413915213829
1234129378294091776
1234119397813424129
1234130978228051968
1234119885728485377
1234126263918321665
1234117549081554946
1234121685164580866
1234117915592531968
1234118773243863040
1234130812599259136
1234128209970683905
1234119656249659392
1234119137091145728
1234125085017100289
1234129049867313157
1234121891301949443
1234122517939400704
1234119372358045696
1234128729691082754
1234125588778094592
1234126773845016576
1234119897996832769
1234130546483052544
1234124729046458379
1234127829849268225
1234126863724924930
1234125940231491586
1234119331836878848
1234119249620328449
1234116191163166721
1234119130422431747
1234121876080861184
1234121946004119552
1234129583797989379
1234125816721821697
1234117135938527233
1234130902206361601
1234118767375831040
1234119644996345857
1234125366018682882
1234130100456742914
1234127164037124096
1234124530001428480
1234130732756471808
1234120015722491904
1234124134952718342
1234125638904102913
1234125987849424904
1234121530797416450
1234125420871602182
1234130867213275136
1234118967469465600
1234120040414208000
1234117900635660288
1234125491742937089
1234122097007480832
1234122223465660418
1234122327346032640
1234119549911490565
1234129779844100097
1234122837125931010
1234122005852704772
1234131221111685120
1234118705149337601
1234129171233701893
1234120299173597186
1234130936662392832
1234125837307387907
1234123654524473345
1234120097888907265
1234122259184398336
1234125394145501185
1234123166517256192
1234119998924259330
1234118767170523136
1234127630145916928
1234121922755072001
1234124433759129600
1234122786769178626
1234123985278861312
1234116190571769856
1234123919243780096
1234117922467045376
1234118264030212098
1234120275656003584
1234116542020800514
1234124359285051392
1234125555534004230
1234126138714345475
1234119985154445313
1234121138621599749
1234130003668996096
1234129757211631616
1234124581222436864
1234117159154044928
1234119066576654337
1234125414286520320
1234122972765577216
1234124632128540672
1234123300068110336
1234119480948604931
1234125105166508032
1234122327174139904
1234121916786630657
1234129228846829570
1234129153630384129
1234123555383730176
1234130650489376769
1234122337068441601
1234122008226680833
1234125406237794304
1234130771750703104
1234126646094987264
1234118950700666881
1234118630519922688
1234123064138444801
1234121975670476802
1234123511096127490
1234131003737767936
1234124954314182656
1234116757805203456
1234128572165632001
1234129313877954560
1234129963307208710
1234121039023628289
1234130332867153920
1234124008196648961
1234122052308570113
1234119565166235648
