1235979421095473152
1235979966426361856
1235974274877476867
1235980005051715590
1235980175113957376
1235974027619024897
1235985511212290048
1235979316971872256
1235985334745411585
1235974198411042816
1235985044646359042
1235979513755881472
1235980213013618688
1235974475306405888
1235973653298323457
1235973511195197440
1235979851498229766
1235985078066405377
1235979156686544897
1235985594817241089
1235980292235485185
1235980074006044672
1235979663043973121
1235980305720279040
1235985313299824640
1235979655351590913
1235973792448512001
1235979811220267010
1235974235937374210
1235973627851534337
1235985820412080128
1235979177787977728
1235979986655490049
1235985023876071425
1235973493612834816
1235978934791147521
1235980078208765952
1235973943430795265
1235985967271620616
1235986105260027904
1235979080995983360
1235980201147994113
1235984940208177153
1235979277109063680
1235974369870065664
1235984072222089216
1235980087608119302
1235982841231675392
1235985113013514240
1235980401186758656
1235983096287092736
1235974065564848128
1235979018148524032
1235979973221113857
1235985867715592193
1235974303398670337
