1240166732268015616
1240166358706462720
1240158385544114177
1240159513732317187
1240166026970419202
1240159374988853248
1240158565702070274
1240158695771734016
1240165825912414208
1240165989272125440
1240171066502283264
1240158695754956801
1240159081635008512
1240166191043313664
1240159144293916673
1240166157325414401
1240158905121918981
1240158616344240128
1240163959887417344
1240166181442592768
1240158988710248448
1240166505326637061
1240165909777375232
1240159031244750849
1240166706636439552
1240163930485342208
1240165721176342528
1240158628381962242
1240158439877181440
1240159345993822209
1240159425207427072
1240159358077382656
1240158867629187073
1240171072898641923
