1238503266616356864
1238502843113517057
1238508685435064321
1238509037735546880
1238497805372657666
1238503446719889409
1238497390471942145
1238508979296161792
1238508786043760640
1238509054630256640
1238508807367430151
1238497046480338952
1238503388196802563
1238508186392571906
1238498023526805505
1238496773724950529
1238497985916526593
1238508689977495564
1238497906266640390
1238497603513462784
1238497876893929473
1238503081790377984
1238497713471270912
1238497168194969600
1238503719391703044
1238508232676716545
1238496937348698114
1238497902105964545
1238509322981666816
1238502708346306561
1238503006523535362
1238497838662848512
1238497583082999813
1238497893541195782
1238503367493603329
1238503236983836672
1238497021385936897
1238508983360671745
1238508685598441472
1238509193142792192
1238497847194136580
1238503497366110208
1238497805464985600
1238503228838379525
1238497914596589569
1238509138872635392
1238497893545209857
1238508123624792067
1238502708585390080
1238503434476834816
