1238299624974086144
1238311876347469827
1238299159410675715
1238311582695751680
1238310794305196032
1238299666829258752
1238311826397388802
1238311427313729536
1238305844887834625
1238310739523371009
1238299675045879809
1238299276758913024
1238311553356701696
1238299985613131779
1238310790232326144
1238306218214674434
1238299343737815042
1238305186659143681
1238299444078141442
1238306063176384518
1238305207554985987
1238306197142491136
1238311624710201345
1238306235197214720
1238305865825804289
1238299188577918978
1238300216249499649
1238299549623558144
1238306037762912257
1238299348003434502
1238305262160797696
1238305089929883648
1238304993477828608
1238300476254220288
1238299234572648454
1238310873757859840
1238310983187087363
1238311842813857792
1238310945090351110
1238306134232088576
1238305282733805568
1238305043805175815
1238300173975027712
1238300061089619968
1238311829945933824
1238311725297876993
1238305236747522049
1238305757088698368
1238299885000110082
1238311884660629506
1238300308201185282
