1239147373613506560
1239159281049427969
1239153379449794560
1239158555187515392
1239152918034513920
1239158345564479488
1239147054607355905
1239153555929522177
1239159104763035648
1239153303986089984
1239153027627356160
1239148304492969984
1239158492436541440
1239159003839594497
1239148082492665856
1239153589542629376
1239147893669445632
1239158765041127427
1239147553670627328
1239148048434860034
1239153895517061122
1239147713070948358
1239153564485914624
1239158920419172352
1239159285004861441
1239159020960641026
1239153526418399232
1239153471720488961
1239148254429839360
1239153429907263489
1239148237279432706
1239153564607528961
1239158458701819904
1239159230772412422
1239159280789422081
1239147209570111488
1239153878915936258
1239158366481645574
1239153899715649536
1239153333547536384
1239158509557526534
1239158731369136130
1239146949950853123
1239146991415750657
1239158689669492736
1239147276574040064
1239152889248931841
1239148006311682048
