1240823396331651072
1240830761172754432
1240824298165669888
1240830375405985792
1240830304169811968
1240830971068518400
1240824654396305408
1240830702670749697
1240830845344256003
1240830006370107392
1240823916299419650
1240824646125174785
1240835328392527874
1240824118058070016
1240824188744732672
1240823685520535553
1240830954282700800
1240824016866287616
1240824591611650048
1240830211823894529
1240831008796270593
1240823928739770368
1240835383685984257
1240823802826764288
1240829121401442304
1240823786213122049
1240829146944532480
1240830820178251778
1240824763737571328
1240823392644759553
1240830971114672140
1240830987896082433
1240823819931172864
1240824058972983298
1240824251546054664
1240830283311542272
