1236374336015077376
1236373165506539522
1236373462421245954
1236379520325890049
1236373499889037313
1236367272412942336
1236379287789293568
1236380174750568449
1236367679931506688
1236367386527305728
1236373236645949440
1236369560976097281
1236373400769236992
1236367053369618434
1236369701325828096
1236373631183155201
1236368384402411520
1236367671685337089
1236378886348439552
1236378936029917184
1236379565787951109
1236367678127984645
1236374146465951745
1236367074219438082
1236379817056051200
1236379599883448320
1236367317908537345
1236373513856077826
1236367632040726528
1236374293413388288
1236373622941528064
1236368584609107968
1236368089429602304
1236374448074182657
1236367585924591616
1236379905132281859
1236373684455116800
1236368039593082880
1236367079466512389
1236373186461261827
1236373824125403139
1236378807327772673
1236367230415392770
1236379006657802242
1236379293397266432
1236380143976939522
1236378977973010432
1236373857100894208
1236373882652762112
1236373491982745601
1236379741474762752
1236367931040247808
1236372939274170375
1236373869725974529
1236378901703790593
1236379744750522370
1236372767378817024
1236367192049901568
1236374080607092738
1236367568891342848
1236379788991967238
