1240881433209643008
1240886767735181317
1240892057310261248
1240886126446964736
1240885874247827456
1240881105412206592
1240891754758451201
1240880828839796738
1240887162301829120
1240892497686974464
1240892745213972480
1240892371501379584
1240886717672034307
1240881005017223168
1240892569023807488
1240892119792918529
1240881173334818817
1240886809858465792
1240892010619256833
1240891868512169984
1240886020243103745
1240880993185095682
1240880891657945093
1240886449139924992
1240885925116137473
1240887162167537665
1240886461928337409
1240881537937297410
1240886860714348545
1240891616660881408
1240892430452310021
1240880950369751040
1240886474666422272
1240881428658880512
1240892094631170048
1240886474343620608
1240881298438107136
1240880757410652160
1240892815997100033
1240887082408706050
1240892430259564544
1240891927081385989
1240886629591584768
