1237750275961577472
1237743024601305088
1237743267032285187
1237743548763713536
1237743980181422081
1237743351148969984
1237749999288623104
1237749277469933569
1237744085416509440
1237743749574332417
1237750191735877633
1237744244934180864
1237750044826243072
1237744185924562946
1237749198323200000
1237744433262665728
1237749751795179522
1237749223443046402
1237750204671066112
1237749348978622464
1237749097374851072
1237755090733236225
1237744127078535169
1237749399205396481
1237749135165526017
1237748938137989123
1237743604875046914
1237743040997003266
1237743870823354369
1237744349670146050
1237748921289658369
1237743709791358976
1237743082508038144
1237750183586418688
1237748946694438917
1237748808479649793
1237749588636860417
1237754961565487106
1237743838472687617
1237743393037602820
1237743485412933633
1237754881005334528
