1238665795883933697
1238664877381574660
1238670921201672194
1238665577826263041
1238676189343969281
1238676055600312320
1238665254759890946
1238665082952773635
1238664617330716673
1238671349201002501
1238665233637539841
1238664504084496384
1238665833620164608
1238664453857726465
1238665116259885057
1238664512317915137
1238664898168664067
1238676130921451521
1238670485308792832
1238670644491018241
1238670812284141568
1238671294650073093
1238664814462783489
1238675962881064960
1238665796076871680
1238665024270290946
1238676122142789633
1238665338872610818
1238664520706347009
1238664499823087622
1238664718044123136
1238664504193372161
1238664596275118084
1238670292022702080
1238670485262647297
1238670527142772739
1238670703420981248
1238671064194056192
1238665448008212480
1238671114588418049
