1237453286149697536
1237464027011440641
1237464841654239241
1237465084970053632
1237464664872796165
1237459191347982337
1237459044757012480
1237464194775224320
1237459459938627593
1237464815712366592
1237453306949238785
1237453600793726979
1237465184702259203
1237458646679740416
1237459279700992002
1237465297923248129
1237459174772150273
1237464724050239488
1237458075902185472
1237458398914007041
1237458864179744768
1237464916715540480
1237453663372808192
1237459275636596736
1237463926364950529
1237464245580836864
1237464513823346690
1237464451273588736
1237464735454552064
1237463968811278339
1237464647982342146
1237458943682777094
1237458415674425344
1237453482660990977
1237465256080875520
1237465003428626435
1237464975074967552
1237464131470491650
1237453746671685632
1237464602134233088
1237453638475358208
1237453177059823617
1237459170946715648
1237458579529097233
1237458520636874755
