1238958734564405248
1238953164495294467
1238953084665188357
1238953197764587523
1238953860888064000
1238952971456712704
1238952724194091008
1238952690190815233
1238959325978206208
1238958721788776450
1238948047029239808
1238953541739384832
1238953818886455296
1238953210724966400
1238958365658746882
1238953600597942272
1238952585610002433
1238952971418972160
1238953495966834689
1238953675831287810
1238952442743730177
1238952728161902594
1238958725823594499
1238953105380855808
1238958579320786945
1238959585882488833
1238948051500158977
1238953302638952449
1238958751392161794
1238948051387064322
1238958915145961472
1238953655279247360
1238958386252783617
1238952778535448580
1238958663362060293
1238953252340842497
1238952653008371713
1238952812169424896
