1240531627601727488
1240520169056874500
1240519753833353216
1240519972394348544
1240531753732911104
1240525906944208897
1240525705676345344
1240519866949476361
1240525001247391744
1240519947094114304
1240520475551227904
1240531598518427648
1240520311302389761
1240525424494620672
1240520080951296000
1240520005373972480
1240520081211183104
1240524942225092608
1240530684596252672
1240525630011310081
1240531112436383750
1240520609697800192
1240520211138314240
1240530524915015680
1240519372541747212
1240525017290379264
1240524988714795008
1240525638286684160
1240519510421053441
1240525873574486016
1240519380800167936
1240525432719462400
1240519430775414784
1240530990587686913
1240525609178103808
1240526116571557889
1240525810668371968
1240525588651102209
1240520220013408256
1240519514514571265
1240519720115113985
1240531615283138561
1240525751427850241
1240525897867726850
1240531359438909440
1240531475356741632
1240519959563784192
1240524950794092544
