1238891965179146240
1238893248757800964
1238901499171868673
1238892389135253506
1238899384885993473
1238901024779382784
1238901276961800192
1238892766496722950
1238901054663569408
1238892410069016583
1238893185931362305
1238901742382641152
1238901654205988864
1238900891119489024
1238892749526622210
1238892095064150017
1238900878196854785
1238900991573049345
1238892515048206336
1238901666713305091
1238900874140766208
1238901037521604609
1238901121625841666
1238892468550225922
1238893311722762241
1238901284868161538
1238901238680489985
1238892752852656129
1238897829239590913
1238901679610830848
1238892624041435136
1238900936845799424
1238892493988671490
1238892204464254976
1238892736805318659
1238900718687457280
1238892972093169665
1238901071289909249
1238901649902616576
1238901469195223045
1238892216904552449
1238901553576148992
1238892732967518218
