1236114564204449792
1236120651922132992
1236119808208302080
1236114801732050944
1236112550800117761
1236117648330481664
1236113714983710721
1236113622801068037
1236120273184788480
1236114396792975360
1236113780041338881
1236114812851179527
1236114967868383232
1236113689243090945
1236114845906300928
1236113810290872320
1236114989192228864
1236117246470000641
1236120098760306689
1236120140946771974
1236114763232555009
1236120199041961984
1236114513956605952
1236114079015751681
1236120157598048256
1236119930954801152
1236119854869909504
1236119992904617984
1236114340056576001
1236120427811962883
1236119531938070528
1236120168004300801
1236120756410609665
1236120660348473345
1236120181832810498
1236114141137395713
1236114103220998144
1236119666227109888
1236114481249386496
