1239471441948573697
1239466656558129158
1239471307751858176
1239471529856921602
1239465910089297921
1239466128059109377
1239471416946372609
1239471420905631747
1239472310882570244
1239471050771124224
1239471676946960384
1239466522617102337
1239471999551930368
1239466010618429440
1239471429151862784
1239472297670348801
1239466501133889536
1239471362701320192
1239465712952815616
1239466334028627969
1239472096884846592
1239466258283876352
1239472172051169280
1239472050084986880
1239471873873723394
1239466014414438405
1239466354803118080
1239466106680532992
1239471265674641409
1239466224662110208
1239471081909452801
1239471278379196416
