1239909687778258944
1239904382176473092
1239904697013673985
1239909964854026246
1239910056692416513
1239904294159159297
1239904449306546176
1239909491057008641
1239909154917154816
1239903413191745536
1239903392383680513
1239904520840384514
1239904310995177474
1239903442924998657
1239909792681988096
1239903757045043201
1239903996468498432
1239904466012430341
1239904007985827842
1239909453073231872
1239904184994009096
1239909775934095362
1239909599643344899
1239909301633908736
1239903610403786752
1239910120164737026
1239903706843426816
1239909327126892544
1239903883037532161
1239909478163759107
1239903690263154688
1239909667020648448
