1234206473456148481
1234203622122172420
1234205040203763712
1234200084784517121
1234192638611316736
1234196844055584768
1234204309404966913
1234203154360651776
1234205092745809922
1234204373183586304
1234199265217519623
1234204915087609862
1234195741566013441
1234197131205935104
1234192677777870850
1234203609191079937
1234202775858356226
1234206136225525760
1234192015430078464
1234193828158017536
1234203169737072640
1234198226275713024
1234197414694834178
1234197257957920770
1234192130748354561
1234200946743205888
1234194765396271105
1234206630495031296
1234195964317118464
1234200567271919616
1234203946945859590
1234200245841616896
1234193837037215744
1234198419121606657
1234193051108741121
1234205794037620737
1234200018174656512
1234197551408123906
1234205147892342784
1234198541712678925
1234201381214588932
1234198794687983616
1234201957247504384
1234205906658828289
1234199421602140162
1234194549490225153
1234199019099971585
1234203880679931904
1234199397535289344
1234204836263972864
1234191735120695296
1234194478627422209
1234197402879315968
1234201038216978439
1234200741922910208
1234197127808634880
1234201255003578368
1234197247337721856
1234194611410624512
1234196137331965952
1234199491323944960
1234200283053465602
1234204877473140744
1234202176290983936
1234195995958878208
1234194951401025538
1234195796557385728
1234202485847359490
1234196142126137344
1234201087151751168
1234204443031195648
1234203555063566337
1234195387013062657
1234206529701761025
1234192997425852417
1234195361633329158
1234196321520824320
1234199392346918912
1234202307312615426
1234199218920837122
1234199106517495808
1234198770667134978
1234203115131297792
1234201390718652416
1234191994588712961
1234197299745693697
1234196157573844993
1234204587873259527
1234205789843337216
1234204986046894080
1234202833869819904
1234194677735313419
1234200417019531272
1234198863726010368
1234205588432838658
1234198687552856064
1234195337557884929
1234197320830476294
1234204695050248198
1234198180419358720
1234195805772406784
1234193965689163776
1234194189832933377
1234200477295726592
1234201644956446720
1234199297438162944
1234195440092024832
1234204981181472773
1234194658219241472
1234203378353344515
1234205275957190656
1234195454704967682
1234195368746930178
1234202539882635264
1234201313698709504
1234196635514740742
1234203705886597120
1234198997281075202
1234193669139374083
1234199964588421123
1234201695732850688
1234198933540343814
1234192717871276033
1234202173212430336
1234192213623500801
