1234733542543896576
1234721520959791105
1234727559503470594
1234733481990725632
1234720720468488193
1234721271293841408
1234721717903294467
1234733663977295872
1234721732520529920
1234733217279807488
1234727021688868864
1234732516860407814
1234726708680413186
1234720500221390848
1234733087767945220
1234726949278248962
1234732546706960384
1234721704657612800
1234726903896059904
1234721535388049409
1234720604890099713
1234733590245605376
1234727192334041089
1234726689407520768
1234727219240431616
1234721463191719937
1234727560551882753
1234733472603750401
1234726598307241984
1234732886097416192
1234720530906796032
1234727596195184642
1234721265484587009
1234721355599233024
1234733564517920769
1234720496903585792
1234720700713308161
1234727340506275841
1234720453274374144
1234727756153413633
1234732732766273536
1234720798381875200
1234721962963816448
1234726870803001345
1234720752286543874
1234720479660953600
1234721003433025536
1234726661699993602
1234732921417797637
1234720637828108288
1234733051487215616
1234726578170392577
1234733890520088576
1234721612798332928
1234726645103120384
1234733871335235584
