1239113324165353472
1239102498150940672
1239101634929516544
1239107204579459072
1239102020323127296
1239101672380645377
1239108298910994432
1239107448021094401
1239102636923801601
1239108102034788353
1239107455101140993
1239108303726100481
1239101693285019649
1239113562947088384
1239113953806102528
1239113961825542144
1239113378741784577
1239113458098069504
1239107301258248192
1239113479027646464
1239113521608048640
1239108492637532163
1239101781600342016
1239113286311968768
1239107674458865664
1239108081507635201
1239101575639023618
1239107691131232257
1239107553126121472
1239113575521751041
1239107737549750272
1239112900243075073
1239113755742609409
1239101949204664322
1239102611841638405
1239101567485112320
1239102595144155137
1239107200758493185
1239113345036410880
1239102394102775808
1239108295081762817
1239113156108201989
1239113067922948098
1239101945161318402
1239107703533961221
1239113239738408962
1239101529480744960
1239107833293135874
1239107913202814976
1239101743461515264
