1238846343671681025
1238852123800018946
1238846008580161537
1238846864151195648
1238851951456124928
1238852635412828160
1238851829900775424
1238846675336167427
1238852844993814528
1238851766902558721
1238852803268919296
1238846843062079488
1238851808837226496
1238846075169054721
1238847165763649536
1238852199083659272
1238852501257867269
1238852278804758529
1238852882809737218
1238851729279430657
1238846670932258818
1238851641526214659
1238846545157644289
1238847069567234051
1238852173728903178
1238846771641581574
1238852962316775424
1238846385740537857
1238846083863740417
1238851721117523968
1238846893377105920
1238847207853391874
1238845823842234368
1238852503988551682
1238846876478210048
1238846666943406080
1238846263988228098
1238846226243739650
