1239774526361096194
1239773868148940803
1239774555822047232
1239774841076678657
1239774606132731904
1239768407068860416
1239763835248148481
1239769166720020480
1239774698449309696
1239768432335360000
1239768545577189377
1239768155435618304
1239768356657328129
1239774211687710725
1239774442991091712
1239768701202657281
1239768935576281088
1239768591974699008
1239769392633638912
1239774474154598402
1239769312753266688
1239774354918871040
1239763449460203521
1239763860292128768
1239774128133017606
1239768449116704768
1239763424449646592
1239768608546402305
1239774576969736193
1239774069349683200
1239774610427498498
1239774308404084738
1239774707051790336
1239763587737899010
1239763478937821185
1239769279693717509
1239768591689330688
1239763407370366978
