1236179966640848897
1236174543867150336
1236179656501391360
1236174007059259394
1236173993444388864
1236173515222446080
1236173894538706945
1236184630773960704
1236174279839899648
1236174233593475073
1236179815280959488
1236173668109225985
1236174155512455169
1236174578663034882
1236173591424782337
1236178911001632768
1236173818332360704
1236179244855824384
1236179392193126403
1236179877914718212
1236173343847415808
1236173303632531457
1236173876909846528
1236184603246936066
1236179605389815808
1236179590118166531
1236174380322996224
1236174423675174917
1236173705337647104
1236179682204086272
1236179213608030208
1236184506626949121
1236170572951773184
1236184493100236802
1236173545786372101
1236174574863233024
1236179650126032896
1236184529989222401
1236173385538736128
