1235397129209884673
1235397494936231936
1235390929457917953
1235397300484050944
1235385386479697920
1235397997464137728
1235391798043762689
1235396795443920897
1235391325417033728
1235396731417714688
1235384974901198848
1235397483322212352
1235386309855686657
1235385150910808064
1235385349003718656
1235385745436622848
1235396811323592704
1235397440888438785
1235390671365816322
1235397313331367938
1235385554310754305
1235384864737615872
1235392222373306368
1235391777302970368
1235384778918113280
1235386342353272832
1235385487805669376
1235396933977395200
1235396832441913344
1235393648214319106
1235385453374627840
1235397965294039041
1235385298294648832
1235397277553807366
1235396710081257475
1235397736742014976
1235396894114881536
1235385948734730242
1235384798434054144
1235385444424089601
1235385796846288896
1235385390707511296
1235392125447139328
1235392133533700097
1235397749857648640
1235398187692642306
1235385210063278086
1235397838596530176
1235384969310031874
1235397860146864131
1235385609004478464
1235397645763579904
1235384879401111554
1235397827246743553
1235396865434087424
1235397483498369024
1235385766601052160
1235391908714774528
1235384956806930435
1235397576746135553
