1234048620791508993
1234052904576856065
1234043383561113600
1234045913158561794
1234054654964699136
1234055479707328512
1234044445202485249
1234045265620996096
1234040929671110656
1234047871089086464
1234051739558580224
1234050271405150209
1234045976484175872
1234044980500496385
1234044440982876161
1234044434909552641
1234042807217803269
1234052498673086464
1234051521966305282
1234049869821685762
1234051818289868800
1234051753810644993
1234045004466671616
1234051911361466368
1234045851175211008
1234041408295751680
1234051902368862208
1234050380553691136
1234045434592669697
1234043393447202819
1234045605950951426
1234051710437482496
1234043283128692736
1234053167769247746
1234053020964380672
1234051833049554944
1234052536304316416
1234052248457502722
1234052993957363712
1234043540709265408
1234045821282213888
1234051376193232898
1234052355471134721
1234051788136861698
1234052776671485952
1234053154817183744
1234054892555141120
1234054126352371715
1234045056924950530
1234053487089946625
1234052933198675974
1234050127523917824
1234045121441779713
1234045709571239936
1234041636323241984
1234053983649464320
1234045835614314496
1234051537602740225
1234046032922730496
1234040849589317633
1234045739678019584
1234051360829693952
1234053069744353280
1234052026880970753
1234043912106409984
1234052613777317888
1234053441204428800
1234042474869358592
1234055626008907777
1234053870336303106
1234041022046322688
1234049512664182785
1234054325091041280
1234045986667823104
1234051265908228096
1234054485640646656
1234044195259768832
1234053541020479488
1234053533839831040
1234047514791284737
1234045055758811136
1234050489773383680
1234048164954505216
1234042243209670658
1234053068217438208
1234049972187926528
