1240542163827449857
1240542692674691072
1240548224772915200
1240548426418475008
1240537340491321344
1240547503428141056
1240548103205400576
1240542675473821696
1240537416089440257
1240547876402429952
1240536208423387136
1240537344958029824
1240542805572775936
1240547424000569345
1240541845157031940
1240536921404669956
1240537294295027717
1240537034508455936
1240536229294288896
1240536703292620800
1240548321594191872
1240542826670284801
1240547578997080065
1240543116303589378
1240541916447551490
1240547688363384832
1240542067308322816
1240537177127145472
1240547599901511681
1240548296298565633
1240542436398596098
1240547755258458112
1240547730381893632
1240542667412369408
1240541799367823362
1240536632249520129
1240536807902765057
1240536300467310592
1240542252419518465
1240543023978725377
1240548518097494016
1240547985781489665
1240542511690649600
1240542528673206272
1240537135373078529
1240547574773428226
1240547876331294721
