1239460365185896448
1239455432185270272
1239455223174828032
1239460222118187008
1239460385863786496
1239448555364012034
1239460020963749893
1239460063254917120
1239455588012228608
1239449233356455936
1239454304244625408
1239461144999292928
1239449589679362051
1239455508169469955
1239455348160901121
1239454350050594817
1239460633864699904
1239455609038217216
1239454996162154496
1239449573182943233
1239449694901866497
1239454845670699008
1239460180221460481
1239454824057298944
1239455348664283136
1239460624909901824
1239448527022915590
1239455147614445568
1239455365017698305
1239460155626000384
1239454992525864963
1239449073691897856
1239461052984819714
1239455214694010880
1239460625656545282
1239449493378076672
1239461179057029120
1239449883594993667
1239455361070841858
1239459966274002945
1239449597677887488
1239449036362403840
1239449262640922624
1239460897480945664
1239449107871068160
1239449048869814272
1239454405168173056
1239449828800843776
