1240217042659217409
1240228509529681922
1240216824555302912
1240216446644506626
1240223082582663168
1240228509848649730
1240216446690570245
1240228023238037506
1240222054663753728
1240228115584094209
1240227591006474240
1240216983548747776
1240222654046638081
1240222205373566976
1240223199536640001
1240216866317975552
1240228727650312195
1240222763685572608
1240228786844708866
1240222059008933888
1240228753046986752
1240216522389422080
1240228346358829056
1240228598042132480
1240222503533826049
1240227603622948865
1240217021582737408
1240228375723114496
1240222498056065024
1240223220604731392
1240222461519466497
1240217512563916800
1240228656561164288
1240222541056278528
1240222398546313223
1240222864227344384
1240217487469211648
1240223204083265536
1240223095199318022
1240228127709659136
1240222591710887936
1240228727264608258
1240217248087728130
1240223191194189825
1240222105083371521
1240217591999868928
1240222490917552128
1240216665058500608
1240222189149917186
