1237423757632901122
1237423888537194496
1237424068858540032
1237424369900621824
1237436223649730565
1237429902502133765
1237435435481251841
1237424248584462336
1237423582025744384
1237424014215327745
1237428929083957249
1237423510638800896
1237429370127618050
1237429470434406401
1237423736799649792
1237423019255095299
1237423053526753280
1237423182832959488
1237423334931005440
1237423141208633346
1237424181882519559
1237423372428029954
1237435434692722689
1237423669628014592
1237430267897360386
1237435493677174787
1237430296536059907
1237424467145560065
1237434905975574532
1237424186299224066
1237435498244816896
1237424424715984896
1237435371736055808
1237429470861996032
1237424382839934976
1237436105554829314
1237423937937694721
1237429831177883650
1237435024036843521
1237434906596315136
1237435920971788288
1237423548232118272
1237435749437444096
1237429248090144768
1237429348615032833
1237429914778906625
1237424248874033152
1237423527419990016
1237423774905106432
1237430145784393728
1237428917415211008
1237435359883137025
1237424131299295232
1237423892689571840
1237434923407028230
