1235271716684861446
1235265314834624512
1235270428395880449
1235278395908513793
1235269587631034368
1235266200030064641
1235270686689464320
1235271578843217920
1235266275619803136
1235277260552384513
1235274344571510784
1235265514957680644
1235271860121559040
1235267432148873217
1235271349825941505
1235271610220843023
1235267025741713410
1235264106459828225
1235269631545405446
1235269528298418177
1235266559297433600
1235274419007705088
1235271791003734017
1235266933760589829
1235266527990931456
1235277956441919488
1235264289545519105
1235277611892383744
1235265538559029251
1235263954982707200
1235270668624642048
1235273168174149635
1235268313044918272
1235265924313341952
1235278283618627585
1235265046210433025
1235266152634302464
1235265789000896513
1235264479488888834
1235265884941254656
1235265996140605440
1235277228122005513
1235274702127616001
1235263897881522176
1235265960170450949
1235270369721954305
1235267677758857216
1235269916233576448
1235267013544681473
1235273784908754944
1235269023492956163
1235275056370065410
1235275444561367040
1235276173082537985
1235277595425505280
1235268793905147904
1235263796962156545
1235278747009347585
1235272129764921344
1235278247199494144
1235266376547340289
1235275879724527616
1235278261812375553
1235264947082473473
1235274182050578432
1235273015543451649
1235274968000344075
1235270606771425288
1235277871930888195
1235267723736870912
1235276809790341120
1235277738585600001
1235269949884530688
1235271104400257024
1235271620803125250
1235276436707082242
1235271870829780995
1235265729945100296
1235268780483317760
1235274757148377088
1235274174014164992
1235267425245048832
1235265486830501888
1235272505847406593
1235277816922624000
1235276474996994050
1235266046166106114
1235264699828260867
1235270556905336840
1235271381312397312
1235263742734209025
1235268416631689217
1235273997304160258
1235275061151531008
1235275338134900736
1235265225626185732
1235277932848967681
1235277362184376320
1235265844449628161
1235265228465532928
1235265239488311296
1235268246502363138
1235276773610254336
1235275554099613697
1235277135452880899
1235277660382736385
1235266914684936193
1235267193354539008
1235272028543840256
1235265597086347271
1235275374067462144
1235273620496273408
1235264744233168896
1235278115221516289
1235270052603101184
1235266467400048641
1235270928809865221
1235269154560561154
1235271734305214470
1235273809848127488
1235275210091155457
1235272678816329728
1235277767224287235
1235271508622221314
1235271842170105863
1235277326604275713
1235275083402399744
1235269448866631686
1235273854634754048
1235270099298209793
1235266240962269190
1235269730614808583
1235278406197141505
1235271788982145026
1235272058491285506
1235277055098580992
1235265736303620103
1235267053847597056
1235272521412464641
1235271759554891783
1235270529445023744
1235270833288785920
1235278423100190720
1235267450402484225
1235267034046439426
1235274990951567360
1235272503376961536
1235268485237936130
1235267434736648199
1235277450742886402
1235269193169334272
1235271900802306050
1235274329685819392
1235274600868720642
1235278450853806083
1235271616042541057
1235272306378842114
1235264458101936128
1235268487741714433
1235277651411185664
1235268318770147328
1235266325930532866
1235273310138703875
1235265654476816384
1235268562178232320
1235270129035902976
1235269518961840130
1235276950354169856
1235264558585049089
1235266624573370368
1235267456735645696
1235270169246814210
1235264927067234305
1235273108480806913
1235271456059203592
1235277308543537159
1235270726610874368
1235272480148852739
1235275647452360710
1235273897060323331
1235278662716387329
1235268697972858880
1235268097319174146
1235270279196073984
1235271159404519424
1235268186649628674
1235270940168253446
1235272635174588416
1235264203717517312
1235267280226775040
1235268830068232192
1235266590968557571
1235269066828505089
1235278527135703043
1235268303913988096
1235264284877131776
1235274350514692096
1235277541985980421
1235277541566566403
1235270860044460032
1235268260741799936
1235268005262536704
1235267407142367233
