1234885052338597888
1234876065073565696
1234874367403708416
1234877525785968640
1234876955830284288
1234877303580049408
1234874951716548608
1234882627120848896
1234877946092978182
1234878884556001281
1234873161990180864
1234879069461864449
1234873076858286080
1234885518258626561
1234873697971920896
1234871805279645696
1234885838640730117
1234877767726047233
1234883466845736970
1234879147488481280
1234876769876021249
1234879303143260160
1234886044165853184
1234871250905792513
1234876309932838914
1234878866797350912
1234873914951655426
1234882753549742081
1234885692276105216
1234878787550089216
1234879938349563905
1234886019281031175
1234882700391014400
1234877945828823040
1234875242952024064
1234871254181654528
1234878124216717313
1234875828741296128
1234878004280594434
1234875035363336193
1234883830420393984
1234883177803636737
1234872471121203206
1234871711843127296
1234883332959297538
1234871315854696448
1234872529140973568
1234885680486109186
1234873562516852741
1234871877082009607
1234871372704174080
1234876214541717505
1234875952817147906
1234878292441915392
1234875306114088961
1234883267087753221
1234873240859709441
1234872156632145920
1234877875658031104
1234882205878382592
1234875454999261184
1234873459500412928
1234875268994621443
1234882648146923522
1234875400641220608
1234880457134657536
1234877118686695424
1234875483113902083
1234883045246803969
1234883977472688128
1234884056485113857
1234871985441734656
1234875747250188288
1234875870659121152
1234879224332328960
1234879757025792004
1234874072074522626
1234883730222833667
1234871331629535233
1234872712138330112
1234882839725969408
1234882341996199944
1234881262537596928
1234875685820420100
1234877387407581184
1234885624831844353
1234882120247627776
1234883170576801792
1234872269010239488
1234883915573166083
1234878249571844097
1234871517424558080
1234871954332479488
1234883398939725824
1234873041496133632
1234873220395929602
1234871461141196803
1234876674275233797
1234877333221335040
1234877350837465088
1234873425094680578
1234873634919010304
1234873686093705217
1234882155542667267
1234880395688148994
1234876917834227712
1234877799237812229
1234877195383975936
1234874176999051265
1234872620115537921
1234880315300155393
1234871742578991109
1234876346544816130
1234873848912171008
1234875706473091072
1234872010963968000
1234875156532613122
1234876835051249666
1234885029009993729
1234883151882833930
1234879362996019200
1234876746362605568
1234876081271902209
1234872813703417856
1234885777600860160
1234874408361054209
1234876309974605824
1234884863582490624
1234875520837271552
1234871616103944192
1234878059834068993
1234877291496452097
1234876715689746436
1234880922966724608
1234874616146993156
1234877278871486466
1234880407411314688
1234882870566584320
1234880927203024899
1234875246559277056
1234881385548197892
1234872744392765441
1234885878633332736
1234878121498816513
1234885384334540800
1234876428002349057
1234884650595692544
1234883655027347456
1234885497190801408
1234882544862142465
1234884330058436608
1234877845693816832
1234878855497777154
1234878122056699904
1234875548981051393
1234881968904400896
1234875047950471168
1234871553130729472
1234885537690841089
1234876959882125313
1234876099299024897
1234879189146169344
1234883264386600962
1234871641269628930
1234877844255150081
1234883298750607360
1234876207126237184
1234873880554000387
1234877208856059905
1234876618180415488
1234876070693724167
1234886172817707008
1234874661923631104
1234877505418530817
1234879871765053441
1234874273501786119
1234882343678005249
1234883486567325696
1234883580800704513
1234875882344288257
1234886226005635072
1234877733110517763
1234875585123495937
1234876885219368961
1234879578872504320
1234880794184867840
1234885618678800385
1234879674632876032
1234883893410566147
1234882865520893952
1234874653983825925
1234875187528642561
1234871941997068289
1234882067818676224
1234876505068462081
1234879242246217729
1234885438311149568
1234879395522695169
1234882734595747841
1234876286083923968
