1238339445985644546
1238339479527546881
1238339453719998464
1238339566974664704
1238333745372917760
1238339718439305216
1238333942807162882
1238340045569957888
1238338896095776768
1238339978041556992
1238340142315831302
1238338967281586176
1238333518289264640
1238333581832978432
1238339131526217730
1238339713746046979
1238339277643116545
1238339206541217792
1238334358030815233
1238339550763778049
1238339303392100352
1238333929993756672
1238334504693043200
1238333468431405058
1238339436930187264
1238339076085948416
1238334336841080832
1238339836186107905
1238339810823036929
1238334454365589504
1238334051712299008
1238339336791150592
1238339961876865024
