1238635945106255873
1238642655677960192
1238631096469934080
1238641682700173313
1238635504398143488
1238636804779245571
1238642102407290880
1238636503124803584
1238635953448783873
1238631016694255618
1238636993225072640
1238631096075444224
1238642198733680641
1238631159275421697
1238642718672211969
1238641632473427968
1238642832308649984
1238642810909319169
1238642399942975488
1238636700190019586
1238641492081537024
1238641657706397697
1238635701740150788
1238636033060638720
1238631075477442560
1238635558932557825
1238641665868521472
1238641703839555584
1238641981020086273
1238636234584379394
1238635709973528577
1238635588598759424
1238636561614471169
1238641552941072385
1238631033601433600
1238636385566769152
1238641607446069248
1238641951307640832
1238636305422127105
1238641640753029121
