1239566438622474240
1239555366066634757
1239555147690381313
1239566577311166464
1239561942483730433
1239560973716992004
1239561824833548289
1239566706554687489
1239555478998462464
1239555437386780675
1239566694546317313
1239561757829578752
1239555152064827394
1239555273586438145
1239566958820872194
1239567055369756673
1239561804382076929
1239566681757925377
1239560873007603712
1239556255171121153
1239566581312761862
1239555999305879554
1239555298999906304
1239560814069256193
1239555256775839744
1239566870992138241
1239555432655360008
1239560952535629824
1239566706743353347
1239560910378762240
1239556116570198017
1239566585343488002
1239555462204461056
1239561233658982404
1239561510638280711
1239555776466890752
1239567055214579712
1239567088697696256
1239555927944167431
1239566593857855488
1239566275287879680
1239566287652548608
1239555445695680514
1239561120416821248
1239561732022026240
