1233970497609560065
1233974296814354432
1233965578983002112
1233970981657595907
1233973462231703552
1233977166725091329
1233965893740220416
1233966433744211968
1233975430547374081
1233965483629727744
1233966403973070850
1233973831645220864
1233978504217186304
1233973789807038465
1233967485571026944
1233979218855370752
1233974647718322176
1233965776920444929
1233968933587177473
1233969346403237888
1233970013222117376
1233979861447794689
1233972413349662720
1233979398489022469
1233979879407964160
1233967281786384384
1233975939752759296
1233967071379279872
1233970305498066944
1233979242972622849
1233969549965266944
1233978403088293888
1233979313961095168
1233969103272058881
1233974564457242625
1233968118868766723
1233979318629523456
1233970801721954306
1233974829155573760
1233969832611069956
1233976644026740737
1233973916823162880
1233978121076039680
1233976952882630664
1233969406629367809
1233965321364611072
1233967161128865792
1233968210178953227
1233980201152835585
1233968528560013312
1233969758791520256
1233974658711642112
1233967119810740227
1233966346666311680
1233975024631107584
1233974016169271296
1233971696949919744
1233978685054693376
1233972551472369665
1233968887189921793
1233973769275936769
1233972367334002694
1233969688834707456
1233978445639503874
1233966710186627072
1233969448958164992
1233976215897161729
1233975225991270401
1233968258736279553
1233970190158831616
1233968920152788993
1233979473663381504
1233965465812127747
1233966739110670336
1233969144850026497
1233973717983645696
1233968077710053382
1233973117103423489
1233974381040132096
1233972672163278848
1233969081767862272
1233974951457304581
1233975684814397440
1233980192403574784
1233970706796417024
1233973612773806080
1233969526334574592
1233972791109718016
1233965699506163712
1233971010594123776
1233969623701377024
1233978792822968320
1233974602331836417
1233967920616812544
1233977752321171456
1233974074071830529
1233969892887597057
1233971161748213760
1233977547634958336
1233970700601323521
1233969779112923136
1233976219260993537
1233975963299569664
1233978315200876545
1233968759351717888
1233965751167586304
1233965967912382465
1233980220685856768
1233976971480072192
1233968525733060609
1233966817195876352
1233975637519417344
1233967959493603328
1233968403494395904
1233975101927960576
1233970121615364096
1233971262474641408
1233965229500841984
1233971546034712577
1233967221820575745
1233979605545082880
1233967655108763648
1233971348113960960
1233974775929683969
1233978749672198144
