1238440989364236289
1238435474135552000
1238446157170388992
1238440435787296768
1238435394640924672
1238440788222251015
1238440880467587072
1238440318422351874
1238441111150039041
1238441258227568641
1238434673178656768
1238440226315481090
1238435021163311104
1238446773317832706
1238434861804851201
1238435759377571840
1238445985153474562
1238441308265631745
1238435180517392385
1238440871932170240
1238435545597874176
1238440448127111173
1238440607942455296
1238446706192089089
1238440541051686914
1238435536697790465
1238446471118237696
1238435624966709248
1238445850789019650
1238434941584707587
1238440813064892418
1238446001871917056
1238440880656220160
1238440779925897223
1238435084295864320
1238447167481749506
1238446282819153920
1238434853277884416
1238434911972782081
1238434958106079232
1238441400661938176
1238435100490162177
1238446115130925061
1238434987390705664
1238445930422075393
1238440951799902209
1238440272381476866
1238440393886269441
1238435625294069761
