1236131028818935808
1236126100306243584
1236125151298826240
1236131673605107712
1236131455467573248
1236131786234748928
1236131226173480960
1236125391678554117
1236128428106997760
1236132013494677505
1236131213888360448
1236126045687779329
1236125286133125121
1236131905164042240
1236126434575314944
1236126507933659136
1236137328315379712
1236132050404597765
1236137738497388544
1236126019473588224
1236125447261270016
1236125793450897408
1236127928930512896
1236125203354316801
1236137838837628928
1236131085467217921
1236137045711441920
1236126466233888770
1236137800728285184
1236137097448353793
1236136736687886337
1236132014379671552
1236131265935523840
1236131833689055237
1236136938324844544
1236131539865477121
1236131096569556992
1236125529473978368
1236131930908823554
1236131057897885696
1236125567277101061
1236126111517552643
1236126212474499074
1236136534899818496
1236136943483674625
1236126321106767873
1236136594274496513
1236136858121199616
1236126162419662848
1236125277245173760
1236136824646467584
1236125374834184193
1236137314541158406
1236131408671846407
1236131962357551105
