1235177314406871041
1235183446391230464
1235182898254213120
1235184433172484097
1235182346749579264
1235183479089811459
1235182526798454786
1235177444291690496
1235182620201209857
1235176840072818690
1235184789684092928
1235188189314404352
1235177013100425219
1235184752971452421
1235187687725977601
1235177955569127424
1235177691923591168
1235182373060280321
1235186956453072896
1235180771435937792
1235175652334194689
1235176356654219264
1235174102404653056
1235187775680516097
1235187443533598722
1235176987750088704
1235183236835237888
1235182822396026880
1235186765847244800
1235177634838933504
1235183090789748736
1235184113721765888
1235187121293578241
1235181602113753088
1235178014427803650
1235178837861945344
1235175099847737344
1235178182053187586
1235175721150140416
1235177728862609408
1235177749712637952
1235182504317014022
1235184874883026946
1235177557932339200
1235179245313261575
1235173988394872832
1235186866741071873
1235174361994317825
1235187770756411402
1235182491054616576
1235178479878103040
1235181603057528832
1235186658137518082
1235183841079414784
1235181536510607360
1235183824344174594
1235173149030965249
1235180078859984896
1235180747327254531
1235173356942446593
1235180294086561792
1235186733907509250
1235184460318068737
1235180737730686976
1235174544509411331
1235180048833040387
1235174066778189824
1235187573938626560
1235180978139734022
1235183843008598016
1235185977968267265
1235175729178046464
1235178318657449985
1235183885329330176
1235186988342489090
1235186970571051009
1235179785015431169
1235174177197391872
1235178231981953027
1235186056779071488
1235186411059412992
1235185625189490688
1235186098416087046
1235180208119898112
1235173567664467969
1235181547948511234
1235179151944015873
1235182469697007616
1235177023703863296
1235183268343025665
1235174198483415041
1235182644847087619
1235185281709547522
1235173404292124673
1235176674314072064
1235182244886499329
1235178176734801921
1235176576465039360
1235183327663050752
1235181472337858560
1235177192579096576
1235177324863086593
1235178254186708992
1235184999198060544
1235177435932618752
1235178165426888706
1235176467656474630
1235177046311088128
1235181081256759296
1235181493498105856
1235181056451584000
1235176962659889157
1235183502355763201
1235183245194600448
1235183686007414788
1235177317996965888
1235182263161122816
1235187510537572353
1235177944579862529
1235177519667503106
1235187885961289729
1235181751506526209
1235184243371839490
1235186965345185793
1235183375306149890
1235187227640111104
1235173691337646081
1235186049019785216
1235173492435243009
1235176900609245184
1235177910522335233
1235180341129891840
1235175060148609025
1235188169949224961
1235184491905404928
1235182754419150849
1235181357845737473
1235184594074431489
1235186996265594882
1235179196646936576
1235183358361075715
1235174647861145602
1235185847206637569
