1240245697854631936
1240245236468776960
1240234041992937472
1240233714715688966
1240234599730401280
1240239578407038977
1240239158905298946
1240240325265895429
1240233786119532546
1240245635028324353
1240239729200828416
1240239284856270848
1240234352182800384
1240233609191194624
1240240316696780800
1240239284453552129
1240233517558181890
1240245286976376833
1240245555500068865
1240245366466867202
1240234235014918144
1240233828276293633
1240244767050604544
1240233748068786177
1240239700293623813
1240239641363537923
1240239829985738755
1240244795869736961
1240245999781548032
1240234629258293249
1240245484163190786
1240245265841430528
1240239980938756097
1240234096804212743
1240244607587201026
1240233782050836481
1240233660433027074
1240244980670750722
1240239528071364608
1240244833840758785
1240233404748017665
1240239322558849025
1240244611567816705
1240240199507927041
1240233672873144320
1240240152779223040
1240245249051680768
1240233718746247174
1240239838348972032
1240240165714644997
1240245345805893632
