1239982320716615686
1239981519499821056
1239986963362582529
1239976138572795904
1239987907571658752
1239981418995949574
1239987848981381120
1239976104770686976
1239975693762560003
1239976692073938944
1239981901257019397
1239981330882068481
1239981854972940290
1239975714775912448
1239976624818397184
1239987009940336642
1239987253214089232
1239976868364931072
1239981905421819904
1239981196563681283
1239987269722759168
1239975647314878464
1239986733120397312
1239982438266228737
1239986846119198723
1239982181881204736
1239976452298174464
1239976230377660416
1239981255355064322
1239986758177169411
1239987798452498432
1239975639278440449
1239981687418900487
1239987365705285639
1239982329126211586
1239976310459396096
1239975966568370179
1239976549409083394
1239981464931971072
1239981808579731456
1239981578127699973
1239975660321308677
1239981460897107968
1239981213307351041
1239982287158218753
1239982110812880898
