1238379002240303105
1238384002098216962
1238384476008386560
1238379178480799744
1238379568693743618
1238385083834236928
1238378762984710144
1238384874521636869
1238379475932348416
1238384160802107394
1238378691580907521
1238384031693062144
1238379064735469575
1238379501467377664
1238379358416297984
1238378876188975104
1238385025114087424
1238379233031925760
1238384488218050560
1238378456678903808
1238378968891392002
1238378339045216256
1238379585739173888
1238384526319026177
1238379128119689216
1238379459549544449
1238379577027805184
1238384408693837826
1238379035429928960
1238385188603703299
1238384870197301253
1238384807060668417
