1234371595071737856
1234372028850794496
1234361438883344384
1234366768434446336
1234366630508945408
1234360818877288448
1234361383740833792
1234360801445593088
1234372267498524674
1234366820041162754
1234372574001254400
1234371453505552386
1234371777033375744
1234371560003100673
1234366318461247488
1234372090280595456
1234371463488122880
1234360948179095555
1234360454442450950
1234360339636117504
1234371982449348609
1234366565014917120
1234360705878331392
1234371383133691905
1234371491489148928
1234372202532749317
1234371566944825344
1234366115746156544
1234366245958508544
1234361288018550784
1234361505229025280
1234371676651032577
1234366043507658753
1234372571023466497
1234366283971321858
1234372116285468674
1234366888425279489
1234372297705738240
1234360356530573312
1234360914410782723
1234371739909578753
1234372397874085889
1234360965396742144
1234371735136301057
1234372345059516417
