1239234275007967232
1239222442708676613
1239233486495444994
1239234455400632320
1239227668962381825
1239233063369965570
1239221713096847360
1239228394677690369
1239227580865224704
1239221825088913409
1239222031612338176
1239222850109792256
1239228009091149827
1239222384084897793
1239233381650649088
1239234103217655808
1239227849376235522
1239222338094280705
1239222115720736769
1239221578493095936
1239222577068941317
1239233700493213699
1239221851651477506
1239222899925549056
1239233973047275528
1239222966744801280
1239227291265269761
1239228369339703296
1239228587435155456
1239234002210488321
1239234367253286915
1239233389926002688
1239233620537114628
1239221985709826051
1239222581363970048
1239222886969356289
1239227702718140416
1239233099612868608
1239227769629728768
1239227924676558855
1239228251576446977
1239227786822160385
1239228293892706304
1239222241457582081
1239221956240539651
1239222518478757888
1239228616900149249
1239221839009918982
1239222530755514368
1239227337834508289
1239233608411381769
1239221901735665664
1239221687821807621
