1239493600779603970
1239493747651608576
1239494360267456513
1239493403894824960
1239500131088687104
1239500127087349760
1239493629581934594
1239493449507917824
1239499535619108865
1239505739049324544
1239499309118177280
1239494557106089985
1239505772574380032
1239494019752828930
1239504996829286402
1239493541828706304
1239499925861339137
1239499804025196544
1239504765719019520
1239504934086696961
1239504912511143938
1239500051216547841
1239499057103433734
1239499980206989313
1239493906825383936
1239504732172894210
1239504619081887744
1239504992521854976
1239505495934693377
1239499782772555777
1239499535577047041
1239505193680736257
1239505348651696128
1239494502538149889
1239493353516883969
1239493877200977920
1239504958782726144
1239498977806036993
1239493500107993089
1239505126215290883
1239499543986810880
1239499178797137920
1239505399524593664
1239498919211646976
1239504958891966464
1239494175009189888
1239493801783234560
