1235667531118985216
1235667923391266817
1235656769323450368
1235661265785237504
1235662202276843526
1235661208079839232
1235668215482601472
1235656830006767617
1235662254726672389
1235668103192866823
1235667607560351758
1235667413959454720
1235668076873396229
1235661807307513856
1235667339552710672
1235667805476773889
1235668094388817921
1235667918559444992
1235656597688537090
1235661613987962880
1235667226138533888
1235667820928790534
1235667700812300288
1235667817472479232
1235662349266231298
1235656458118631425
1235668220960362496
1235662611577888768
1235667204223496194
1235656577211871232
1235662624664309760
1235662272770473984
1235662196673318919
1235662029274222592
1235668327017508864
1235662511573045248
1235666966586617856
1235667602728308736
1235656661248946177
1235656476628144128
1235667783322488832
1235667661889179648
1235656404419178497
1235667216869318656
