1235650184576720896
1235650722341019648
1235645095648604160
1235649554260865024
1235656204069654528
1235656231957581824
1235649547407216640
1235644832611106816
1235644731989741568
1235649614847467520
1235644690508070912
1235643888305459200
1235655682143039489
1235649940585496577
1235655950964383744
1235643992815161344
1235644728630108161
1235655343549472768
1235649878023262210
1235649731801436160
1235650095833636865
1235656011563839488
1235655926587236354
1235650939312193536
1235650850657390592
1235655376453988352
1235644812080148481
1235650545647525894
1235655378173603845
1235650281813069824
1235650168718086145
1235655361568202752
1235649831185477632
1235655431751700482
1235650424197328896
1235650613020520448
1235649609726193665
1235655608419987457
1235650490274177026
1235656173128474624
1235644299250765824
1235644044002263040
1235643942764515336
1235656284654972935
1235650888871493632
1235649518160535558
1235644355517571081
1235655519890636800
1235650624496136192
1235650582351839235
1235643851676712966
