1241099637533970432
1241100019089932290
1241094490296922112
1241099960483024897
1241105371340701696
1241094704827191297
1241094654474551296
1241099893072179209
1241100472007757825
1241100672893943808
1241099825837412357
1241106281185906689
1241100799452856320
1241093941136678912
1241106029141778439
1241106201133355008
1241100060970139653
1241094775995953154
1241093719115403264
1241105874397118465
1241094893365272576
1241106276538605569
1241094880811720705
1241093764959043586
1241100430324707334
1241106134162903040
1241094100784418816
1241099977176363010
1241099721038532608
1241099691691053056
1241100228700209153
1241105903719526403
1241105609740738561
1241100006339293190
1241105396271628292
1241094809307222016
1241106234708647936
1241094377721782274
1241094482650632194
1241094885169602562
1241094205470052352
1241094595708157953
1241094944053325824
1241093916344098828
1241094415067885568
1241106159379132418
1241106368804851716
1241106121865248768
1241105865710505984
1241100656028594181
1241094239326556161
1241105790364246017
1241094130345762816
