1240999858812727296
1240988228141924353
1240999640696307713
1240988735514296326
1240988840506134528
1240999326387666944
1240994079250485248
1240994322306052096
1240987812805017600
1240993567608393728
1241000010046570497
1240999934234673152
1240993471072284672
1240999200432836609
1240994020475666436
1240994045536731137
1240999947144658953
1240993856490962944
1240988378016837633
1240994414840905728
1240999187807907841
1240998864867344391
1240999867310313473
1240999263238336516
1240998805979443205
1240994376786083840
1240999796330188800
1240993399710367747
1240993261344509952
1240988307594469376
1240993621983342592
1240999145978068998
1240988630744805382
1240993206893981696
1240988471470194688
1240999229809668098
1240994213233397760
1240988429304946688
1240988492441812996
1240994456637079552
1240988362330099712
1240987737374801922
1240987896741539840
1240993466881994752
1240999112461320193
1240999040969576448
1240993474981310470
1240999154391941122
