1234185402631610368
1234185786964238336
1234183886785085441
1234179172987232257
1234190062553833474
1234179626928353280
1234181507083886593
1234183060649922567
1234179410133213184
1234189850863009792
1234186679554105344
1234189651080028160
1234188647471157250
1234190178740310017
1234186244646670337
1234186636075945986
1234179930767925250
1234177904059260928
1234178426409496576
1234190537181290497
1234178134938877955
1234182317033377792
1234179230205763584
1234178582769020928
1234179583018029056
1234188290032623616
1234190612963917824
1234181048751312897
1234189130688581633
1234186067844055040
1234191540295258114
1234188298429452288
1234187450110574594
1234189515444625410
1234180344557002753
1234182803819909121
1234190323896737798
1234186608439635969
1234182979406221313
1234189731799322624
1234182016079294464
1234176763883925508
1234180868475949062
1234188774592086016
1234183862542118912
1234189968546856974
1234179842838495232
1234180617119637504
1234189641336729601
1234188729792811012
1234183376283635712
1234184969146290182
1234190017083432962
1234183040286502913
1234185717263347712
1234186957640605700
1234180856148877314
1234189158702354433
1234190509637349376
1234189919557476352
1234186710889578496
1234182984971866112
1234179085842178055
1234179126413520901
1234188976514310146
1234188000277487616
1234189740351475712
1234189317309976576
1234183338740469760
1234178234629136385
1234186647237013504
1234191625338990593
1234178239259664384
1234177293888606208
1234182723503316992
1234181019479052288
1234182980362522626
1234191163713884160
1234186879127474176
1234185748217286656
1234189489670516737
1234191025138290688
1234180539650887686
1234183209304326147
1234184760945266688
1234182360368918535
1234181597596794880
1234179640400310273
1234186163943964678
1234186218398568449
1234179023972032512
1234180332502601729
1234183471037321217
1234179030389329920
1234191196957880320
1234177681077526534
1234179071485136900
1234179244466548736
1234184855895912451
1234189421592883202
1234181826169556992
1234185912742887424
1234180954836606976
1234190396735074307
1234184903769477120
1234184820646973440
1234190736394014725
1234183249699704835
1234186315622572032
1234189271969533952
1234184177458659328
1234178634702782465
1234188786382192640
1234191312921878528
1234191180008693760
1234185916190621696
1234191207217057792
1234180089434312704
1234188346949283843
1234180671091830784
1234179128565411841
1234176849850314752
1234185559733567489
1234186895191691265
1234190955735080960
1234183721886109697
1234179932672200704
1234186587145043974
1234185393374973955
1234179882248093696
1234184632201089024
1234180564300836865
1234188971141423105
1234186206260363264
