1237523292543578115
1237518322926858241
1237517848672530432
1237517601070333957
1237523158925586432
1237523234444083201
1237516942660886528
1237518351833812993
1237518326873632768
1237517580270624769
1237523238265094145
1237524496841461761
1237524194318938112
1237517525996302339
1237518419114602497
1237523071231238146
1237517148576043009
1237517756934885376
1237517559005507586
1237524093898854400
1237518121084182528
1237517945372205056
1237524182453219328
1237523112834379777
1237523879981023232
1237523536752697345
1237524001116712961
1237524492957569025
1237517462813302785
1237517999982043136
1237524047455350785
1237523229704466432
1237518238822494208
1237523959593054208
1237523700162768896
1237524089637466112
1237517685027561472
1237517664215617536
1237523553437642752
