1234489343064133632
1234483656153952257
1234488459072421888
1234488646570561536
1234489389423693824
1234488654866681856
1234484147042652160
1234483757110816769
1234488856952496128
1234482912885645312
1234488793811636226
1234489116475174914
1234483291517943809
1234483961763696640
1234488667445637120
1234489142622466048
1234483131593392129
1234489104382840834
1234489217113214976
1234488701629194242
1234483692698992643
1234489443605766146
1234483589703782400
1234489234796445697
1234488585765769217
1234488894520905729
1234483814862221314
1234488529738227712
1234488906780991489
1234478580643454978
1234483341136711680
