1240153938969665536
1240151423129653253
1240153129968119808
1240153326953660417
1240153976701583372
1240153620173262848
1240143911068348419
1240153146736902144
1240154257959071745
1240153268090781696
1240154115449249792
1240143335681130500
1240153947643547648
1240148721398165508
1240143680100499457
1240143457584394240
1240148767493554176
1240143826494332928
1240144061824151552
1240143596176760833
1240153666289623041
1240143281255845888
1240143252302462976
1240153691660959753
1240143566602678273
1240143919259832323
1240151481392795651
1240144288077565955
1240143231050022912
1240143595656695808
1240143423706935298
1240148843167125509
1240148885487726593
1240153884913537027
1240144254124593155
