1237377323306893312
1237365763276668929
1237376710275928064
1237371757063016451
1237365662307287041
1237376999959810048
1237371844857978880
1237371828529770496
1237371521699545089
1237371634970955776
1237371269877764097
1237372037456449536
1237377478148214784
1237370980735111170
1237366086691164160
1237366048300519425
1237371198847270912
1237377423525765120
1237376626536693773
1237371613944991744
1237377355976450049
1237371195260985345
1237377376742453251
1237377113465946113
1237371874398490626
1237371987703586818
1237366371442405379
1237376739304714242
1237376974332366849
1237371463272972293
1237376819642302464
1237365260367138816
1237365687942811649
1237377213688938496
1237371753103572993
1237371198608216065
1237371811387650048
1237365955937910785
1237376689048416258
1237371156795199488
1237370851361730560
1237366267033481216
1237371282615873537
1237371886633398273
1237376836050567168
1237377297465913346
1237371877980545024
1237365834533797888
