1236529890939330560
1236524475711176706
1236518946611900416
1236530602314280960
1236524760445718529
1236530935463469057
1236519635526115329
1236524454693355520
1236530830308147202
1236530983983292417
1236524753973702656
1236524991765766144
1236519383465259008
1236518430078939138
1236524567751004161
1236524806373343232
1236518540980686849
1236519031793946624
1236524836329000961
1236519390088232960
1236530104513089539
1236530990052409344
1236519554135687169
1236531360078139392
1236531016925249537
1236524589309624320
1236524046243827712
1236529838271262720
1236518360315310081
1236524408916901890
1236519004753129472
1236518934171566080
1236524608636850177
1236524733912449024
1236530682924589056
1236518413377261568
1236518524119629825
1236518935593435136
1236524956948676608
1236524278348038151
1236519034503548928
1236531022172499968
1236518754244231168
1236524052157784064
1236524067164839936
1236519438326751233
1236530146384973824
1236524402201825280
1236520211907596288
1236524889428951040
1236524722260709376
1236530839212699651
