1239859364921516033
1239863966396043270
1239864360111136768
1239858416895524871
1239864217576124418
1239859570371149824
1239859662830194688
1239859604240162818
1239859134553559041
1239858819666251776
1239859633436725248
1239858827920584704
1239859318859501568
1239865199273762817
1239864754350456833
1239858953078611969
1239859108486033413
1239865148824637440
1239854059064090625
1239858882425450496
1239858773612793856
1239865270522560513
1239864922454085638
1239859675366973440
1239854067729305600
1239865014699335682
1239865291368251392
1239864422975365120
1239864729235062789
1239859075262943233
1239858610143887360
1239864150542688256
1239859239302115329
1239865031573090304
