1236292815598039042
1236304121864638464
1236299630201245696
1236292956354682883
1236304970988716035
1236292894140411905
1236299697905700867
1236294028444028930
1236293306235183106
1236294026023841800
1236304285505400838
1236299660224053248
1236293803754934273
1236294277975564288
1236298987939991552
1236304071675478019
1236298305790935040
1236299621011423237
1236294022743961600
1236298581394554883
1236299672089583617
1236293372324851713
1236293544584904704
1236299307227242496
1236304521883770881
1236298677746118656
1236299073503653889
1236304206627291136
1236304960964440066
1236299587637219328
1236304672786239490
1236305233246138368
1236295831386353671
1236293650159677441
1236299042893606912
1236292671188197384
1236293209032216577
1236304483371626497
1236293354788397056
1236298573198876672
1236299496293875712
1236304109608685571
1236299689894359052
1236293045211017221
1236293644447027200
1236305134185074698
1236298782750490624
1236293507033092096
1236299450059902977
1236304105544355840
1236304575398686720
1236304290152681473
1236293880393404422
1236304861446225921
1236293347637166080
1236299738842042370
