1240597809637863424
1240604335983210497
1240603329459257344
1240598363831033856
1240598900186234880
1240604365544718336
1240604038376443904
1240603836873461760
1240608791646720002
1240597889480634375
1240603795186266113
1240608924652515328
1240604273429188609
1240604033599012867
1240608949671301121
1240597683913609217
1240603308814995457
1240598090991775744
1240598405572780041
1240604176553594880
1240604361342025732
1240598162118762496
1240597960846688257
1240597646127046658
1240608862052347906
1240597772077690880
1240603359033397248
1240604139043713025
1240597717346328577
1240598132993347584
1240604046848909313
1240608958320119809
1240608928309940225
1240608845317181441
