1240977171914645504
1240983106913435649
1240982964093288448
1240977268391936001
1240977285362180098
1240977608122044423
1240982847038476288
1240977377477283840
1240977553579368452
1240982716746735618
1240982771251720195
1240976525781905408
1240976983099445248
1240976504940617729
1240971567976325121
1240982930635317248
1240977507370795015
1240982473787486208
1240971526209523714
1240983182050287616
1240977239103193089
1240976714752069632
1240976857291522049
1240977213807353856
1240971425915244546
1240982356246384641
1240971522317025285
1240982158925324288
1240977669916893185
1240971861976068096
1240982725261066241
1240982775844356096
1240983190631788545
1240982448483123205
1240971425885929473
1240977167829348352
1240982347148865537
1240976601895956480
1240981957464342529
1240982024971792385
1240971585118515200
