1238179273267126273
1238191617124827138
1238179046812344320
1238179294372925444
1238190710744141826
1238183896044523520
1238184662746501120
1238189805340631042
1238179323632332802
1238184080300097537
1238190577046306816
1238179167818207232
1238179122133770242
1238184277029851136
1238184293983232002
1238178488785518593
1238178468073881601
1238190664778579968
1238179457875218435
1238184420022124544
1238184168078655488
1238184046708109312
1238184281257791490
1238190585334444035
1238184902249590787
1238179571259846663
1238192853106528258
1238189318839185408
1238184873002594304
1238178874988597250
1238179445237825537
1238184424027676672
1238184696544210951
1238184356738412545
1238184709189820416
