1237645611458945024
1237645016501280768
1237645577434824704
1237645342830542848
1237639379239211008
1237640092052795393
1237634396473229312
1237634602182770689
1237639550542983168
1237640146809499648
1237640340233838592
1237646136757927936
1237634509937324032
1237634639176642562
1237646298523852800
1237640259602546688
1237639987367198722
1237645360035758080
1237645204913442816
1237645968667017217
1237640158440235008
1237646436801622017
1237639446012391424
1237645443783327746
1237639147483025408
1237639488291188736
1237639508302000128
1237645284148035584
1237645217999867904
1237634509492965376
1237645678240817152
1237645837578039296
1237634563838545920
1237639421614272512
1237646312801218562
1237640569809260544
1237639550769303552
1237634602824597504
1237646316089610240
1237645292658294785
1237645451593203712
