1238688604731269122
1238676487206813698
1238676323700072448
1238682015223951360
1238681839004291074
1238682032420593665
1238681642132058113
1238681729960837120
1238676936009924615
1238676810461831174
1238682879632257024
1238677141622935552
1238682204005261312
1238676348773826561
1238687619224973313
1238687497124630528
1238682191665610753
1238688323985641472
1238682023532859394
1238688097472315392
1238688373809840128
1238682128746856448
1238688013481369600
1238687963019526144
1238681839344029696
1238688177008697345
1238681700697333760
1238676877138472960
1238681705030070277
1238688591892615168
1238682468347023365
1238687996255371264
1238676264619302919
1238682900175806467
1238688403278794752
1238682145142398976
1238682497648484352
1238676860357300224
1238688562800975872
1238687740939534336
1238677208492683264
1238687358859567105
1238676747173978116
1238676898252648449
1238687673650479106
1238676646825275393
1238682807708213251
