1234761894306598913
1234756575975350273
1234765050260393984
1234751408752119813
1234757702485762048
1234751204665839616
1234762645728686081
1234755444477976578
1234763278741426178
1234761047212298240
1234757122325282816
1234762661503492097
1234757303695372288
1234760874532855810
1234760088461529089
1234762557476438018
1234762052528459776
1234756878220947457
1234757272426795010
1234751028370845696
1234752251337609217
1234763152430108674
1234759585010839554
1234757146912468992
1234752200619872256
1234758285095555073
1234755983496269824
1234756385155338240
1234763407842103297
1234764980311867393
1234750695942840321
1234759305703723008
1234760936206077952
1234752334632230912
1234753800788942848
1234762162045767680
1234752580112277506
1234755800972832768
1234763636834480128
1234756256017113088
1234762491311333376
1234760476292255744
1234755544197554177
1234761972144435200
1234763168527745024
1234762360054640640
1234762154001068032
1234762359643598848
1234756331954987008
1234754647211986944
1234754196680904704
1234763533361045504
1234758289952473088
1234753203071152128
1234763075766480896
1234752593483702272
1234759554010927104
1234757509593755649
1234762724661506049
1234761283083341824
1234751475353575424
1234752003336622080
1234761917127938048
1234763280234582021
1234754856654643200
1234753973812387840
1234762016377778176
1234750639844024320
1234758827582644224
1234759219519184896
1234761908315537408
1234761598029488128
1234762897710080000
1234755763404328960
1234760173211746304
1234759602790469634
1234761957070249984
1234750823265009665
1234757622332444672
1234764978508484608
1234754256571379712
1234751792614764544
1234763216003178496
1234759747246551040
1234751390347649024
1234751517749465089
1234757830449647617
1234752541021237248
1234757191908777984
1234761026538590209
1234758366813204480
1234765029389426689
1234758048125575169
1234756858528849921
1234750918236745728
1234762449942769665
1234754715310706689
1234762695896776704
1234762996255248386
1234763407015833601
1234753942174797825
1234756696112648192
1234759622667460610
1234757285030825984
1234758763199877120
1234757872300515329
1234763530781392896
1234764586319925248
1234756029675524097
1234762402710933504
