1235563651932852230
1235551119734079488
1235551890785677314
1235557984417107968
1235551057406812161
1235563555941838850
1235557901902794753
1235552070276657152
1235552218159476736
1235563311917228032
1235563231705313280
1235557590316109824
1235551653534642182
1235562418811490304
1235551309153132565
1235557762005790721
1235557293200154627
1235551434319355904
1235551219923345411
1235551189720338434
1235557235024990209
1235556940434075648
1235557066607144963
1235551430221664257
1235562465750069248
1235563411725004800
1235556713119522817
1235551186209722370
1235563496286404608
1235557411781586944
1235562809385086978
1235557180918685697
1235557561845157888
1235557750572277760
1235563790525173760
1235556887078129664
1235551999401373696
1235551579954188289
1235552005789298689
1235562951509229568
1235552125838647297
1235551615219838976
1235557905673228289
1235552281527017475
1235557780418785282
1235563656060026880
1235551278203154436
1235557763339571200
1235551278329020416
1235557109736992772
1235552282105675777
1235552147258785793
1235557762836226049
1235550787683614720
