1235697449425145858
1235698481559302151
1235697291929038853
1235695994815352835
1235696084267069441
1235693352571375616
1235693072157216770
1235690244869107717
1235698642121641987
1235693075642515456
1235693474349006848
1235697856780144640
1235689966560096257
1235695839093260288
1235695930814238720
1235690458967429121
1235696046140874753
1235693280140066818
1235698306455678981
1235693556754350082
1235690444828393472
1235698422713327620
1235690173951664128
1235693131355566082
1235693412122267648
1235690270173392896
1235693466916700161
1235693607094386690
1235690588810260480
1235695763965071361
1235690354503901184
1235698590791675905
1235693251610505217
1235693434431623168
1235698615126876160
1235697990125465602
1235697634075127813
1235698644671696902
1235690520686538757
1235698092801789952
1235697886387560448
1235693449329901569
