1235620494067580929
1235621645554978819
1235614735191756800
1235621310564380673
1235614683622760449
1235621503762194432
1235621277022339073
1235615631925489664
1235626059674116102
1235621553695600643
1235614448716361729
1235621692199907328
1235615081792040960
1235620351004028931
1235620346449051649
1235614596125229056
1235620970267721728
1235621387198488576
1235614641067307011
1235614510964236288
1235620644072677376
1235620303650217987
1235621234538315776
1235621494555676673
1235615691048251393
1235615488249679872
1235615015660597251
1235614640907767809
1235620800046059523
1235615405437333506
1235620435095515141
1235620899207995393
1235614764258164741
1235621377916329984
1235615128067833856
1235614511450558469
1235615196242210818
1235615333911687168
1235615049974190081
