1236822862029258752
1236829773713768451
1236829605182480384
1236828649036242945
1236824223479402498
1236829907935801344
1236829984011902976
1236829489310478337
1236828687053570048
1236823623882567681
1236829475406397440
1236824031162064896
1236823465115693056
1236829525771571200
1236822882090512384
1236823654249508864
1236829853191725058
1236823477279129600
1236829866739171330
1236823625287622656
1236829467080896513
1236823658171191298
1236824069598666752
1236823377731448833
1236829270409871360
1236823364783624193
1236828821829156865
1236822895969656836
1236828712458387456
1236829042915127296
1236828699334529024
1236828750823788545
1236829051324637184
1236823399055478784
1236823298056609797
