1240625693601550337
1240626657909592069
1240638083474886657
1240632488118095874
1240631875737194496
1240637643202977794
1240637747573948416
1240625714568847360
1240626543971512320
1240632421034450944
1240637013910528002
1240637659665641472
1240638221727469570
1240637718540898306
1240631896737902592
1240637764644884487
1240638083457904642
1240637902972952580
1240638163166662658
1240626989658189824
1240626020799188992
1240632593013452800
1240626809135411203
1240637395340603396
1240626502833750016
1240626410848284672
1240626083550105602
1240625659619270657
1240626800713031680
1240632534318428161
1240632345587339267
1240638183676825601
1240625659774472192
1240632182114332673
1240637156676251649
1240632383218614272
1240632073100177408
1240632651788120066
1240637236057722881
1240632597463654400
1240625685200277505
1240625840112664578
1240626926445670401
1240637693563936768
1240632391556874246
1240638117004087297
1240637135419518976
1240632697787224065
1240637122916298753
