1234590531914797061
1234590414079975425
1234596336428834824
1234584671394107393
1234584353008578561
1234596290807418882
1234584788830490625
1234590232584052736
1234596247547383808
1234590560347807744
1234589638414733317
1234595623019728899
1234590649795710976
1234584374273810432
1234584722585640961
1234595670390169605
1234595085305573376
1234595279619416064
1234589579627442176
1234590140196106240
1234595648864956423
1234595141354184704
1234584767280173056
1234589596568227840
1234596064591781895
1234584910049857541
1234595724437999616
1234589893982068737
1234595928465526784
1234595782688419850
1234590001851179014
1234590652492464128
1234584876722147330
1234584281692942337
1234589952354242560
1234596333421461504
1234590503473164288
1234595107862528001
1234584776780189698
1234584407106822146
1234595500734713867
1234584771591909381
1234584286487072768
1234595489275875328
