1236669433805971458
1236675408524910592
1236681417137913858
1236675682614165506
1236670117703892994
1236669765520932864
1236675833944735745
1236669962930044928
1236669210534674432
1236675540318380033
1236675927800557568
1236669286241845248
1236669895984766976
1236681417062600705
1236670167913922560
1236681933670801409
1236669780955889666
1236669551938433025
1236669282315976705
1236682189976162304
1236682729691009028
1236669874237292544
1236676724601032712
1236676203655938050
1236675842782056448
1236669639096258562
1236682536249462784
1236676940838219776
1236669013532585984
1236681408594300934
1236675541333430273
1236669590077411328
1236681686017929216
1236676203093745664
1236682134569365505
1236668929910755337
1236676429007466496
1236669269359726599
1236668988660342785
1236682558328406017
1236670456691908614
1236668993362178049
1236669387274403845
1236676509466836992
1236669349294944258
1236676727876857856
1236681417570033667
1236676950652940288
1236681861721501697
1236676740841238529
1236669085011845122
1236675889045417986
1236676915810816007
1236670586509766658
1236675841725206533
1236675645700071430
1236669151994761217
1236682038239006720
1236676886518009857
