1237280237949456384
1237285618557702144
1237274055276969984
1237280917607124995
1237279986106503168
1237280028796301316
1237286566084648961
1237274043469922305
1237285330195283968
1237286683927666689
1237274192829087744
1237285884061458433
1237280438541930498
1237286316339007488
1237286604659621888
1237280861772345345
1237279754967035905
1237286108628566016
1237280094361534464
1237279948664176640
1237279846947909633
1237286533134200832
1237286584120205313
1237280821221806080
1237274935430692864
1237274945438220290
1237279827268259840
1237279948475379713
1237285874225893376
1237274705993674754
1237274572015239169
1237275243116466177
1237285459463524353
1237286394659250176
1237274818375897090
1237286197778690053
1237285769468928001
1237280855392792581
1237280803329015808
1237285552157872128
1237274903235178498
1237273917842169857
1237274823232897024
1237280397286752256
1237280536529235968
1237279906188402689
1237274889704419328
1237280867724247042
1237285514224558081
1237280182895022080
1237279872709517312
1237280209088303104
