1236489830420242432
1236501724300525568
1236490940677861376
1236490987398193152
1236490903985905666
1236490778270150658
1236490927956529157
1236489615214702592
1236495642391793664
1236491078598979585
1236490668035497985
1236496440148389888
1236501887714820100
1236495550624739328
1236495814647779328
1236495425244475394
1236501678242889729
1236490799573073920
1236501641848815621
1236495533188890624
1236490681964773383
1236495903768403968
1236495579318009858
1236490081294340096
1236490101229674497
1236490437461934080
1236501859096866816
1236490990569115649
1236489686237003776
1236501057150189569
1236490826085281792
1236490769797713922
1236496191476523008
1236490169353678848
1236495793701429248
1236490885648601088
1236501514757107712
1236490051522924545
1236490774000422914
1236496741324611584
1236495596455776257
1236501562618503168
1236495994394759170
1236501826112913409
1236490688671494144
1236489914453237760
1236501049701101568
1236501294015283202
