1237246738899120128
1237246604056367104
1237246427597660161
1237252059780354048
1237252417084723202
1237246183405469696
1237251979656622084
1237246105555001345
1237252589621657600
1237251570690961408
1237246016300212224
1237245853019942919
1237251591121428481
1237246427836768261
1237245936411103232
1237251704300716032
1237246904670597121
1237252371710967813
1237246174408646657
1237245916618166273
1237251934605770754
1237246956084199424
1237252223706546176
1237246532933435394
1237251666602110977
1237252086246465539
1237246650088935424
1237245760435085312
1237245815476772864
1237252407819526145
1237246717763837953
1237252089144913921
1237251692158050305
