1238013423163596800
1238024910338797569
1238012876817862657
1238013393128357888
1238018140728111104
1238023686143254530
1238012197911093248
1238017940399759361
1238012839756996608
1238024994640314369
1238023602533998593
1238018556144414720
1238024990378938368
1238023803239686144
1238018309129461760
1238024105519185920
1238024160124612610
1238013498241630209
1238018262769819649
1238013002894450688
1238018132674899968
1238024596101578752
1238013078827978752
1238012252529311745
1238018195627401216
1238019181435445248
1238013275926941696
1238023954528219136
1238012549712326656
1238018254783647745
1238012436541845505
1238012562513498113
1238019198204313601
1238019131284156416
1238012927233462273
1238012706004914177
1238012621560795136
1238012659196465152
1238018279907700737
1238024574715006977
1238024437250883584
1238024881406709763
1238018665527853057
1238018119752433664
1238018271628144640
1238024370079096837
1238024609154445312
1238018107454652416
1238012684467044352
1238012437284061185
1238017927523295232
1238013191789084672
1238024742587846661
