1236184902141345792
1236190603534204929
1236196664374747139
1236196293082521600
1236195750859530240
1236185419139735554
1236188093469691904
1236190343764180993
1236195833730732033
1236196827399061504
1236195746883530752
1236196608225824768
1236185083075149824
1236185519241015297
1236190015912398849
1236184829986824197
1236192315988942850
1236196021912379392
1236190995642908672
1236195881327747073
1236184819173699584
1236196799490080768
1236190892614090752
1236196262711635968
1236185667048103936
1236195990908133376
1236190195982221312
1236196977039138820
1236196019404017664
1236196084051070977
1236196229739999232
1236190956602511361
1236184821065531394
1236185341461032960
1236190986553954304
1236190985752731648
1236190447699202049
1236196245296705536
1236196677868048384
1236196891450204160
1236196665280925697
1236190617761431553
1236185108983328769
1236196695618318336
1236185289112137729
1236190986713190402
