1235006113042624512
1234996398300385280
1235003503900229636
1235002812607664128
1235001919422304262
1235000143897755649
1234992422364401664
1234998997946900486
1235006501795831810
1234996321532047362
1235000526665867265
1234998095865233408
1234994034952720389
1235006370103078915
1234992948489515009
1234992949101940736
1234998129847439360
1235005404360445953
1235006669890838531
1234993294515421184
1234996993266597888
1235002436881809408
1234992426521022464
1234994156793036802
1234998789896720385
1234993663744176128
1234997082575892481
1235005204380217345
1234997525024608256
1234998060838572033
1234997761839251456
1234993498408906752
1235006841538654209
1235000577068683265
1235004830604824577
1234996535248572416
1234994248983834624
1234995532034183169
1234998371045134337
1234999885398626304
1234992670646235137
1234997247403642880
1234997647540244480
1234994746877022209
1234993631355789312
1235007038121545730
1235002833210150913
1235003066409054208
1234999737205411840
1234998588067008513
1235005727653142533
1234996422795128835
1234994222056394752
1235002437141921792
1235001829789855744
1235002458994348032
1235003703255617536
1234993225527484419
1235003780699058176
1235006229367476224
1234992868982284290
1235002437594992640
1234999945704329217
1234997055631675394
1234993430217969666
1235003082540339200
1235001149716983815
1235002823517102081
1234994672340107264
1235005173149454336
1235003636163305472
1234999805241257989
1234999570754498565
1234993291617132545
1235006000240918529
1234997027219501056
1235004524265435136
1235000028436918274
1234998596967133185
1234995455102074880
1234992606989279232
1234997888532410368
1235002385707257857
1235002232296235008
1235001711984566272
1234996046532448256
1235002941142114305
1234995663072444417
1235006822269902848
1234993518780674049
1235006389006872578
1234999661745688579
1234993028990787585
1234996382609502208
1235005412732215296
1235004709137764357
1234999319721201664
1235001622981464064
1235001541293047808
1235000196624338944
1234996875528302593
1235006343095947265
1234996825070813184
1235001680808169472
1234996610951598080
1235001620368244736
1235000179536777216
1234996183472279553
1235005811467964429
1235002458897895424
1235003301395095558
1234996027612114945
1235002722614530049
1234996313587978240
1235004598408155137
1234992924783300608
1234994325185916928
1235005558706655232
1234995801052463105
1235002176260304897
1234998062730248192
1235002287245807616
1234997381172625408
1234998761149079552
1235005295086059520
1234994862048464896
1235002158598311937
1234992047402016768
1234997219805106177
1234999588689342465
1235001534863302657
1234995778038333441
1235004540019187712
1234996228439470080
1234996765490864130
1234994580124135425
1234999786958290945
1235001585056522240
1234999231120723968
1234996882763472897
1234999217699139584
1234991963620823040
1235000664993878018
1234996976032210945
1234995026670706688
1235002579278614529
1235000395551760385
1235004864213680136
1235001606342508544
1235004523619512320
1235001691227009024
1234999491607924736
1235003783865946112
1235005794661339136
1235001172722900995
1235001268512280577
1234992647015559168
1234996620422287363
1234993033457700866
1235002844115136512
1235006515620327424
1234998663924994049
1234993284994387969
1235003250685960192
1234996131928498177
1234996922802298880
1235002825526185984
1234997011209838594
1235002720827953156
1234993382847438848
1235004381726048256
1234996686700724226
1234995680499732480
