1236688148794494976
1236693739243892736
1236688342458208256
1236693815647297536
1236688053252521984
1236693181179342848
1236693428966047745
1236688619726721024
1236694532345004032
1236688421797715969
1236694381807251461
1236687351423930369
1236688707694088193
1236693589838585858
1236687837833105415
1236688312334778368
1236693610470551553
1236693697301004289
1236693806927482880
1236688246156988416
1236694129872117760
1236693627180646405
1236687642244165637
1236687808217133056
1236688434326102016
1236688316243816448
1236687674284466178
1236693757526859776
1236694137316855808
1236687335493971968
1236693491855450112
1236688598210088962
1236693512868880384
1236688265534509056
1236688374523666433
1236687216849694721
1236688643751849984
1236693555420241920
