1239419697080045572
1239418744914485249
1239419038721126401
1239424881621680128
1239424365017460736
1239429872641957888
1239424415957258241
1239419629828575234
1239424675383476224
1239429825858854912
1239430170651455488
1239419801971425280
1239424311095484416
1239424662918004737
1239424549784965120
1239419055343390720
1239430111411216384
1239424243911229440
1239424231202586624
1239419054919520257
1239429877046095873
1239425501837459457
1239419239913549827
1239429977172410370
1239429905835855873
1239418950766727169
1239419965234499584
1239419965314228226
1239418988284780544
1239425292042567680
1239419503982686209
1239424507900616704
1239419231776567296
1239424528444346370
1239419558806642689
1239419722212487168
