1235380373875376128
1235379193023574017
1235374160555188224
1235373759378280448
1235379152913436672
1235373407530672128
1235373695859707904
1235373378342658049
1235379379410104320
1235373671453257728
1235374112656306177
1235374635186884608
1235374571752230913
1235380415881457664
1235374152195833856
1235379960203919362
1235374313001431040
1235379912028061698
1235379815307493376
1235374265534418953
1235379404529795072
1235379510423375872
1235378958688010240
1235379461131993088
1235380106555686912
1235374045241077761
1235373151762239494
1235380483804061696
1235379022265188353
1235373885736071175
1235380336130838534
1235379613364367360
1235372510415212545
1235379949562769408
1235380138923061249
1235373137845510149
1235379266549760000
1235379491746140160
1235378935283814401
