1236920877490376704
1236916029693009920
1236921917807837184
1236915626767044609
1236921314297942018
1236915670719311872
1236914889387421701
1236915866094243841
1236910292073762816
1236921902251126784
1236910293525106689
1236915695037886464
1236920751803871232
1236909663708418048
1236914729794203648
1236921047515004929
1236921500344684544
1236921141782069250
1236915881906712576
1236920883907887104
1236914772156784641
1236914999974600704
1236921759959519232
1236915691271393280
1236920887565115392
1236915350140157953
1236909749867700226
1236915479383552000
1236915090852655105
1236921063667372033
1236909990918492161
1236909650894704640
1236916097409896448
1236914926452535297
1236914822572359684
1236920811736322050
1236915179411169280
1236910094098432000
1236921851059867650
1236915950873698304
1236921742037340160
1236921668620214272
1236915779687387136
1236915773819326469
1236920947069706241
1236921964830191618
