1239898745074077697
1239893359537188865
1239892554436542469
1239893321884954624
1239893380596994048
1239886946463145984
1239892881160015872
1239887441357672448
1239892587885936642
1239887483346857985
1239886812157366273
1239892315285512192
1239892579417763842
1239897910289948678
1239886711691370497
1239897973338890241
1239893158240157696
1239892625387335680
1239887487478255618
1239892856174776321
1239897897673474048
1239892776516571136
1239887521334431744
1239892835563974656
1239892680181714945
1239898615004499968
1239892520638631941
1239886661250510848
1239886594208751622
1239887873245089793
1239897792954486786
1239898820865032192
1239887658098348033
1239898606297063427
1239886719740149760
1239898929765982208
1239893288381005825
1239897973334695937
1239892533284466688
1239898665252278274
1239892491618451456
1239892621377617926
1239892453890625536
1239898610902241280
1239887684723707905
1239892252253655042
1239898166276894726
1239887437180133376
1239897939658657793
