1240903482330304513
1240903251651772416
1240904023940751361
1240897673063886849
1240909228321263616
1240909513961754624
1240909916703019008
1240909261611266048
1240903754758516736
1240903381561958401
1240904149723566081
1240897559838830593
1240908712904138752
1240909044283346944
1240898306513022976
1240898210069188608
1240909308415619073
1240898239601102848
1240902974756405251
1240909614415138817
1240909735924314112
1240908947650830336
1240909237078949894
1240903733384544258
1240898625175080960
1240897928887230464
1240904304476721164
1240897316317364224
1240897752659144706
1240897761266016262
1240903662576246785
1240910000400338944
1240903193040523264
1240898684428021760
1240903742595035137
1240903876498190341
1240909551613992960
1240897811950026753
1240909664604131328
1240908939576786946
1240909748469403648
1240904069289402368
1240903595568050183
1240909735915933696
1240908876544950273
1240908918173261824
1240897769650425861
1240897396546007041
1240909467828576256
1240904174298001408
1240909828538671104
