1240737702150115328
1240732299877953536
1240738130333970432
1240742982720118786
1240738260290359297
1240737987438272512
1240738029549039617
1240737416903888897
1240743922474856450
1240743028949766150
1240737278366027778
1240743783966355459
1240738138600980485
1240737610173001728
1240738004240564224
1240743796587016216
1240738381971296256
1240738134184169472
1240738318947627016
1240742932828827651
1240737198657409028
1240743695873343488
1240737966391164930
1240743725447380993
1240738268414697472
1240742802717380615
1240732094512467968
1240731834746634244
1240732039911014400
1240743993631068160
1240738176244822026
1240742966119010309
1240742823504285697
1240743461021573121
1240732640107470853
1240732434112696320
1240743289122250753
1240743360370847745
1240732178365001731
1240743154959220737
1240732774102958081
1240743225847054336
1240743708548575263
1240732438277566468
1240737672722702337
1240731993698164743
