1239611389129437187
1239611330555854848
1239600215650439171
1239612215226814470
1239611303506796545
1239599896753246212
1239612261523587073
1239612215357030401
1239600156640772104
1239600314547867649
1239600345573015558
1239612332835254277
1239601008373903362
1239600622506102784
1239600123094556672
1239600190346141696
1239611355596013570
1239606158824034305
1239611607145017345
1239606108177694720
1239600886508392450
1239611841992708100
1239611929615896576
1239600454566211585
1239601243028443141
1239606380992040960
1239600857001472003
1239599856626384896
1239606729052127232
1239606862846271488
1239612324635385857
1239600010007887873
1239600957928816649
1239611930169479172
1239600244649754625
1239601175810445312
1239612336798928897
1239600114613792768
1239611741614608386
1239611741274849281
1239599871461490688
1239612043424083969
1239605760482512898
1239600349947674629
1239612378901368837
1239606003819261954
1239601247205892096
1239599989103312901
