1234768848794071041
1234773509420699651
1234776802977075200
1234777685618036736
1234780121954951173
1234774850226577408
1234776227698880512
1234780286447210497
1234778318773207040
1234775660087910400
1234766026551615489
1234771852800790528
1234768290813181952
1234776586483720192
1234767073932279809
1234771473245626368
1234780047510249472
1234767065136820227
1234777280125308930
1234768345951543297
1234773926737252352
1234768840829087744
1234774964949090304
1234766236988452864
1234768269640208384
1234778936220905472
1234779478515167233
1234777059328757760
1234770175326588928
1234772947698618368
1234779661911150592
1234777017893212160
1234780124962148352
1234774518637285377
1234780091172802560
1234779296234909697
1234768864249925632
1234769463574061057
1234774306363781122
1234776095804837889
1234768988942557184
1234773253501128705
1234778625548935169
1234777185648545792
1234775950891667457
1234779758770212864
1234768404009103360
1234766244693200896
1234769272150380546
1234766145745342464
1234769187878264832
1234777007902220288
1234774979549573121
1234769151350263809
1234765922566594561
1234766023850627073
1234767688745902080
1234767466213060608
1234768369934573568
1234765504017043456
1234765629602893825
1234771701059158017
1234774310071332864
1234779303210110976
1234780469037801473
1234777266288238592
1234777783827488768
1234766119535177730
1234768392206176256
1234774716906377216
1234779617082343424
1234766980231680000
1234765548745056256
1234768613812441094
1234773530392264704
1234766919783325696
1234766976926412802
1234767605749051394
1234773030771077120
1234768946747674624
1234778597321146368
1234774720396103682
1234778210858143745
1234776954102046725
1234773646603886592
1234777070510772224
1234769179154223104
1234768856247226368
1234778688580878336
1234776152214048769
1234769141745307648
1234770702244466688
1234775927604645889
1234776109167702016
1234774031158697985
1234770375096987650
1234766352310730752
1234769074787364864
1234776456904855552
1234776134354710528
1234769446222217216
1234769381646729218
1234769992484376578
1234780029730594817
1234779015162011648
1234770508572450816
1234766635434528773
1234778255070285824
1234773783858290689
