1237315201931915265
1237309090809946112
1237302685310889984
1237315025464971265
1237314921605607425
1237303181509459969
1237314106706857984
1237303491368009728
1237314638892670976
1237302789782622208
1237303369271668736
1237308720956215301
1237302878152175617
1237303764387758081
1237308726870044672
1237302824083640320
1237309090692554752
1237314630801920001
1237302552141549568
1237308889550532614
1237308260375543809
1237314047432962049
1237314231386726401
1237314857357238272
1237309501440753664
1237308217320972288
1237309106400014336
1237314039929122816
1237314508978130944
1237303663644889089
1237309509531340801
1237309207944273920
1237308784336388096
1237303704618860545
1237303809753440257
1237308789252112384
1237314840231849986
1237314651119136769
1237314753481105410
1237303068095442944
1237302886763311104
1237303679998443521
1237309203028553729
1237314207034548224
1237303805567434752
1237303516210724864
1237302483581636608
1237314152676261889
1237314866571907073
1237303545956884482
