1236875119529734145
1236875378058072064
1236874125135790080
1236875492025724929
1236874815686017024
1236869123784785920
1236874077970800640
1236875399730286592
1236875259950727168
1236875247527374848
1236868301797482496
1236875365852663808
1236874058362269696
1236869260917563392
1236869498176749569
1236869422826086400
1236868649979244549
1236874396477743104
1236874908698685440
1236875046754410503
1236874330287378432
1236874744277811200
1236874666117083136
1236874620206059521
1236869695166283777
1236869577830625281
1236874078008381441
1236869239006539776
1236875155613220865
1236874159210160128
1236868869647511552
1236869002850418690
1236874850343370752
1236869389045112833
1236874473812434945
