1234602710575411200
1234602886925049857
1234602947960590337
1234602820365701120
1234611305056817154
1234607921654304770
1234611067722096645
1234607975001550849
1234600945037824000
1234608105369018368
1234611209363689473
1234600879845605377
1234608277507334147
1234602496934498305
1234611904636760064
1234607924846235651
1234611141411655680
1234612077152677890
1234611318449168385
1234611516248166401
1234611464822050816
1234612160665456641
1234603223333339143
1234607765924040706
1234611726001360897
1234608295308136448
1234602937214783493
1234611489622888448
1234608266640076800
1234608054546522114
1234611934567288834
1234603219009056773
1234612077563654144
1234602660331786240
1234611659152461836
1234611453375713281
1234603050498699264
1234611453484728323
1234611755369869321
1234611062915391488
1234602874434441218
