1238828962735742981
1238834876780085249
1238829340365856768
1238834679194812416
1238834549607608326
1238835157836001280
1238840106947133443
1238841180902821888
1238840832528187393
1238828660464943106
1238841079933186049
1238828908100935681
1238828773862182914
1238834897613021184
1238835161745195012
1238835187032752128
1238828501412638722
1238840534728421377
1238840412892270592
1238829612731432961
1238828631150870528
1238828631356518400
1238835404930940928
1238840597709860865
1238840597667966976
1238840715091705856
1238829242298912769
1238828971132776455
1238835577044303878
1238834826200956935
1238829566841552900
1238828769734881280
1238840773858275328
1238841373777891334
1238834222217023490
1238828790819647488
1238828581091868673
1238829763692765185
1238835082070286337
1238835400891760640
1238834927094947842
1238840194859753476
1238834507643408386
1238828728098177024
1238835065167261696
1238834624949862400
1238840958709612544
1238840446844989440
1238840136315461632
1238834885193797632
1238829101986635777
1238834356698873860
1238840018786910208
1238840454956933120
