1238322923888353285
1238322085417582592
1238328586479730688
1238327626189557760
1238322647366328322
1238322156695621632
1238316787961339910
1238328309819281408
1238322550691835904
1238322244817956865
1238316397991792640
1238317446236221440
1238328665991196673
1238321925778104322
1238327898555088897
1238317521889103872
1238316263652327424
1238322274186526721
1238327978599133186
1238317467224739840
1238328003605729280
1238316938817929216
1238328594969083905
1238328318530904064
1238317320587665409
1238322655536668672
1238322261645541376
1238328372532477952
1238322869861564418
1238322765150613504
1238322840308457472
1238328784060727296
1238322051934351361
1238317513676599296
1238316808970649600
1238328829858516992
1238322219597496320
1238328793758081024
1238316343402868737
1238321925849522177
1238323175605362688
1238322672171274240
1238322043252133888
1238328833826160640
1238328145813610496
1238328393361428480
1238328695586091014
1238322882591129602
1238323138158399488
1238322529950937088
