1237955641731207168
1237960230484561921
1237960385937825792
1237955024929452032
1237961416923119618
1237955184799567872
1237955347958116352
1237966219803652097
1237955398339944448
1237960167502663681
1237955793200099328
1237954655931396101
1237960204941049857
1237966379422269440
1237966236702486533
1237961215659233281
1237955398616993795
1237961039897145344
1237961022624763904
1237960544562413568
1237961278565433344
1237955222561005571
1237955473757749249
1237961635446370304
1237955855989039104
1237954874354085888
1237960754608984064
1237960355881549830
1237955179984625665
1237961211456577536
1237955805145485312
1237966131245117441
1237955721439870976
1237961584699486208
1237954651783180290
1237966005856419842
1237966479515140107
1237955721179926534
1237960766931664898
1237965954920747009
1237955100217401347
1237960326735376385
1237961186626244608
