1234928576174182401
1234922593196613638
1234926341125853186
1234922030048346117
1234929449021452289
1234921621955260417
1234927848097370112
1234925969871396864
1234920462288871424
1234921871180623872
1234921752326701056
1234916992844517377
1234922123765985282
1234927756615573510
1234930828754538496
1234929339797561344
1234925218730213379
1234928217531801601
1234928481600970759
1234926269340487682
1234924904027475971
1234930447735545861
1234928938574581761
1234927256969056267
1234917814395424775
1234931356125151233
1234920808381919232
1234930978415529984
1234927836126994432
1234917116396044289
1234931350978932736
1234919794501210112
1234924873786548225
1234929800923492352
1234924548505640962
1234931172804743169
1234927397020913664
1234917077875646464
1234917334642499591
1234923589150834692
1234923969574248448
1234918077399171073
1234919465000763392
1234925431138156544
1234931475788619776
1234918430412877835
1234925178037075969
1234920005176827906
1234923930139447296
1234923872501346306
1234923845296979968
1234918894071992320
1234923557622292480
1234920287629692930
1234931167389941768
1234921052808941568
1234922511994888194
1234929834037522433
1234919072200118272
1234928311895240714
1234917594152521728
1234930819367653376
1234919634421207041
1234923981431377920
1234923127374778368
1234917700532457472
1234924252614160386
1234916848203948033
1234917451365785602
1234924074616459267
1234928215270907904
1234916467063300096
1234931385435131910
1234919160553058307
1234918161461329920
1234925904985559041
1234924900357414912
1234930277773869056
1234928327195934720
1234928570125803520
1234918270534205440
1234928231842746373
1234918311223287809
1234921152209772545
1234928883255869441
1234926501532819456
1234921990399700992
1234927511840014338
1234926812200869888
1234926462316240896
1234926064444608513
1234930722445635587
1234930928750694400
1234916992622055426
1234923784441913344
1234924475247988737
1234929108607520774
1234923678351208454
1234929962492350464
1234930882571579399
1234916625180049409
1234919866181701632
1234922236261359617
1234920327823712258
1234921983193833474
1234918983792381952
1234929092606201856
1234919715241226240
1234930292277809152
1234930775528787968
1234928979305431040
1234929074629419008
1234930464206413824
1234918357725478913
1234924262227574784
1234930445789384706
1234919278551289856
1234916844542185472
1234931382981419010
1234931190290927617
1234929138504306688
1234917761731657730
1234922786591825920
1234925283519668225
1234925328616841223
1234917993190240256
1234923725213982721
1234923050052833280
1234926458033856513
1234918990893334528
1234923268794200064
1234920478914969601
1234921717639917570
1234927771220086789
1234925972002082817
1234918382543294464
1234928336683622401
1234929888165011456
1234929206431227907
1234919003350585344
1234917961598586880
1234928614002634753
1234922224810962944
1234924168258318336
1234916669551714304
1234918633958182912
1234929127120982016
1234923940545355777
1234918037515636737
1234919019238559746
1234928041018609664
1234917511960965120
1234926794496782341
1234930489695309824
1234926527948771328
1234925945779302402
1234923501548642304
1234929847983538178
1234920231568642048
1234931074050011138
1234926658072784897
1234929013199720449
1234930199378087936
1234926095524298752
1234930744558006273
1234925042586263553
1234917380897280000
1234917557603270657
1234920265760546816
1234918148715008006
1234923675683414017
1234923948321705985
1234927788534173697
1234920622234320896
1234924820422414338
1234930592132845569
1234929504994430976
1234925542425681922
1234930968433250305
1234918732193026049
1234922048318623749
1234922700985991173
1234926748200062977
1234929865192853505
1234923985655042049
1234928147096887296
1234921755480862722
1234923425258508293
1234918808302899200
1234917268997451776
1234918998007046150
1234920641306021890
1234922112449642496
1234926896661454850
1234918905174515715
1234916848195588098
1234927235485831168
1234924548669214721
1234919154802495488
1234925091403767809
1234921632008982528
1234920534309138432
1234929845362216960
1234929288308305923
1234930840485933057
1234930642451779586
