1237616284247961600
1237611238814695424
1237610233456803840
1237611063832506371
1237605732775649281
1237610563653398531
1237616529149014016
1237616289985835008
1237616650129518592
1237604536367247361
1237610124358778880
1237617363056357377
1237611025924423685
1237610379372425216
1237610316650795009
1237616906682527745
1237604826483023872
1237604629426221057
1237617489334263809
1237611571137794049
1237611490774941698
1237611306900807680
1237610115135459328
1237604986453757955
1237611289192456193
1237604785852801024
1237610945431498752
1237604914408198144
1237605760940404736
1237616595901526016
1237604394683645952
1237611001287036928
1237604428133183488
1237610131522609156
1237611532264984576
1237616305412247553
1237617409587965953
1237605186618585089
1237611260398600192
1237605237348687873
1237610811838697474
1237605702585085953
1237616788566953984
1237611511901650946
1237610236707368960
1237611390711390211
1237611281659523072
1237616892665311233
1237617187273105408
1237604599374069764
1237617376193019904
1237611502930026497
1237617002589667331
1237617355200610304
