1240262001143746560
1240262982833233921
1240262596877565952
1240262420720791554
1240274084862312450
1240268275780595713
1240261950715633664
1240273648692482048
1240267436441718784
1240274026125123584
1240261774475235328
1240272897962315782
1240274068227657730
1240268099636649985
1240273103428579328
1240273627817353223
1240262160682496000
1240268556970930178
1240268569419620352
1240261955132194817
1240268586389831680
1240261791353102341
1240267474903457794
1240273686441140225
1240262206790307846
1240261942280744960
1240267944778555393
1240273388683157511
1240262919654445056
1240262374533234688
1240268514809741312
1240273699254571008
1240273531197247488
1240274173202780161
1240273623686025217
1240267961480278016
1240267495673561088
1240262651290279939
1240273661375873026
1240267701374746627
1240262890315067393
1240273002895257600
1240267655275216896
1240274092974059522
1240262328026791936
1240273837364858881
1240267395316551681
1240273569050955776
1240272998633893888
