1236565279326363654
1236569877374255104
1236564495729856517
1236576464348348416
1236576770750468097
1236563854240280579
1236564187351900161
1236564451744051200
1236576995246399488
1236570411594321926
1236576958181281793
1236565415746138113
1236564151859851264
1236575663286607873
1236576818456481794
1236575890076659712
1236570917783965697
1236570980543352832
1236565273492086786
1236564149301362688
1236564135644520448
1236570729682010112
1236570054981849089
1236570828545953792
1236570009683582976
1236564443338649600
1236571186596888584
1236565192840003584
1236564659739779074
1236565282375651328
1236565364647038976
1236565247214919680
1236569785082630144
1236564897342861312
1236575800935079936
1236576920281604096
1236564283170922497
1236569787620143104
1236570299123912704
1236570007091503104
1236565256341774336
1236576332764590081
1236576295124733952
1236565112636477441
1236576395720921088
1236576371679334400
1236570384889262080
1236570104730656768
1236569894973583361
1236570066402955264
1236575720433991681
1236575519203708928
1236576512746196992
1236565253023862784
1236576336208166913
