1239748702329135105
1239763025810382848
1239763017337798656
1239748412901220352
1239752569678786562
1239757363495817221
1239751709418651648
1239751856395517953
1239762707089436672
1239751835423891456
1239752015988867072
1239762979651866625
1239757354737922048
1239757606761136129
1239748575925436416
1239763134883258368
1239762849582518273
1239757313180917760
1239748404445696001
1239757015259414530
1239748630602567680
1239757371947266054
1239748471713927168
1239751726426701825
1239751734634954752
1239752317718515712
1239752686620364800
1239757208453124096
1239757883757285376
1239751923453984769
1239763126335295489
1239752443392675846
1239758088967610369
1239757694963273728
1239751868957548544
1239762614634180610
1239762912572563463
1239758206592782339
1239762690257666048
1239762686277234692
1239751399090651136
1239751391150854144
1239751705358741505
1239752561214644225
1239763243817549824
1239748475744653312
1239748345888935936
