1237354220447133696
1237353892691824640
1237354807783870465
1237348189092659201
1237359941502898176
1237354317373374464
1237360516349165575
1237355005226684417
1237355222474690560
1237360251596181506
1237348739091742720
1237354908292132865
1237349346431115264
1237348335947841536
1237355029486612480
1237360101461094400
1237354534634225664
1237349422704529410
1237348975461707776
1237360155496452098
1237354186565656584
1237353994306998274
1237359627492380672
1237354547590369280
1237360365240868864
1237354425900924928
1237359769486327809
1237348642333364225
1237348230691725313
1237354493509095424
1237354861940944898
1237354178831212546
1237360285314355203
1237354019368157184
1237354946640646150
1237354195512066048
1237348848303067136
1237353885385310208
1237360130045480960
1237354379650502656
1237354257927430145
1237349309546463232
1237349103107026944
1237353969539833856
1237359668449521670
1237360784805634048
1237348662751174657
1237354263178870791
1237359966626988032
1237354128667541511
1237348868167045120
