1237067146888282122
1237061521441726464
1237073269049774081
1237060724675031041
1237060720086441984
1237061273680072711
1237061068842848264
1237067854043742208
1237062007527899144
1237072837204226053
1237066638614237185
1237067841444052998
1237072674452582402
1237060603187007490
1237073709313052674
1237072485792862208
1237066667605331968
1237060715506290695
1237060821357862912
1237072791205273602
1237067829658169351
1237072509809364993
1237072946109263872
1237072342636843008
1237072963180077062
1237067526837805057
1237072547226640384
1237072421783580673
1237066948393029633
1237061202053861376
1237061155778187266
1237072526439862274
1237061365443026944
1237067577060286464
1237073260380069890
1237073110332997633
1237067757549547520
1237061764019367936
1237072862789459968
1237066932567920641
1237067246855487491
1237067707356348420
1237061143845208080
1237066458523303936
1237066965031759875
1237061202213130240
1237067158963671040
1237072707000446983
1237061588059750409
1237073646486724608
1237060971375534081
1237073085116878850
1237061848144310273
1237073298648961028
1237060866748698630
1237060917709410305
