1234634614129426437
1234635209854701568
1234634832703053828
1234640679546036231
1234634933378768896
1234639713589395457
1234634453168934917
1234634134892400640
1234639727237595136
1234641044702187522
1234640929073569795
1234640663016353794
1234639880715567104
1234640673653035008
1234641072325877764
1234640556439023616
1234635331628126208
1234634337024278528
1234635160181542912
1234640587841769479
1234635289521459200
1234639868816502784
1234640393171619843
1234640929484611584
1234634551521095682
1234640049075040258
1234641008882638849
1234635255463567362
1234635072474472448
1234634794786525184
1234639763119886341
1234634030936551425
1234634686003138560
1234640796650962950
1234634668009381889
