1235064960129961984
1235066546642444288
1235060096234745857
1235059693510258689
1235064919055187969
1235057961896009728
1235063417951490050
1235053100571885569
1235057182464409601
1235056511778349057
1235066141099212800
1235064875052761088
1235066879745478656
1235066040016490496
1235063290826379266
1235066157339529217
1235065132591353856
1235056921079504897
1235059573964210176
1235066627076452352
1235058622469754881
1235066866948648961
1235054697502740487
1235066577847898114
1235052917817663488
1235061938071068673
1235065097682223104
1235064918287646720
1235058597928681472
1235056360586227712
1235063614341402625
1235057361674436610
1235058122676297728
1235056078225690626
1235055925444009984
1235055050977767424
1235060730946154496
1235061135734239232
1235057489940373504
1235054551197048832
1235054954571870210
1235054502526324739
1235065897972162560
1235061961307512832
1235064318246268929
1235066937102622720
1235064619435053057
1235055115893166081
1235065672616398848
1235066688527163392
1235064271219744768
1235053904863191041
1235065264594489344
1235063336062111744
1235065256080179200
1235061811851833344
1235058492958035968
1235058468777635840
1235065998039846912
1235055137669804035
1235060219803136000
1235060849091330050
1235054624773533697
1235054640099520512
1235063303430385664
1235058189734825984
1235059892756463616
1235060198613479426
1235067242695426049
1235053961247256577
1235063134127190016
1235056398192394240
1235058478449938433
1235062492331536384
1235054425959325696
1235061098711154688
1235064133789216770
1235061328105984001
1235060931073204224
1235060948492111872
1235058156998287362
1235059790310600706
1235052643006820353
1235057436890783745
1235063363098435585
1235065196294463489
1235060354524340225
1235054369675988992
1235054106483601408
1235060028811259905
1235054733334724608
1235063373529624576
1235060605796548608
1235065454856552449
1235065729637945344
1235059631577153536
1235056031270449152
1235058439941812226
1235067363873021954
1235054811193565185
1235055669767741441
1235066714557161472
1235054986611965953
1235060677468966914
1235062822238904322
1235061065785827329
1235059804889964544
1235054538609967104
1235056624651235328
1235054171297964032
1235062172868202496
1235061073721450498
1235055309753745409
1235060478604234752
1235055013161889792
1235052416074039299
1235061306564030464
1235060717767680000
1235059146518478848
1235066095851077635
1235064965570031619
1235054256614334470
1235064206757511172
1235060843412246530
1235055622984355841
1235060699744759808
1235060395112456193
1235064962701131777
1235057223899832320
1235055137950822400
1235053894843002881
1235058136764936193
1235055094904782853
1235062846825742336
1235059719519125506
1235053227990630400
1235053967035359232
1235065643377913856
1235061588786212865
