1236356208199700484
1236362166795669504
1236361798015528960
1236355670653493249
1236362418391040001
1236356072794980359
1236355448741167104
1236355468563484672
1236356484251910152
1236362633147801600
1236364770514788352
1236362192980770817
1236361952848461825
1236362029784543232
1236356580360310784
1236361730529169409
1236362467934167041
1236362331057094656
1236356429185011712
1236362038101901313
1236355564181086215
1236362332130938882
1236351103136129024
1236362402658168834
1236356630301872131
1236356681581441026
1236355814127890433
1236361475276640260
1236361756697661440
1236361849379196929
1236362675065630728
1236355750085132288
1236355883686215685
1236352641933938688
1236356286867963904
1236361563658809347
1236350909501845505
1236356743443218436
1236362146155356161
1236355658083192833
1236356521824604162
1236350998198784002
1236361839891623937
1236364920725307393
1236361877476626432
