1236513520134631424
1236512811229933569
1236512793412751360
1236502228929622016
1236513336382107648
1236508148644577280
1236507589225177088
1236512748735025152
1236506786384867328
1236502035719229442
1236507155722895361
1236506912750841858
1236513883919024129
1236507702664159233
1236507261666811908
1236507038756339714
1236506740121677824
1236507000797831168
1236512680162152454
1236506792244412416
1236512760088809473
1236501954974470144
1236512544916996097
1236507541913374720
1236507379203629058
1236507471818051584
1236507747002109954
1236512554098331648
1236513059255889923
1236512528831778817
1236502245706887169
1236512856729956352
1236507486833627136
1236507987897794560
1236507915516813312
1236507391375454208
1236507391987875840
1236512713729327105
1236512759405297665
1236507307510345730
1236507482874351616
1236506733721387008
1236502158280806400
