1236102952449970177
1236097420259241984
1236096945418113029
1236096908248133633
1236102146547834880
1236096464343969793
1236102874859532289
1236108107434033156
1236108568404754432
1236103332738949121
1236107945743704065
1236102653110661120
1236097080252403713
1236105886096961537
1236097309764505601
1236103119953633280
1236108122625736705
1236094340449153024
1236108537912324096
1236102720844636161
1236108185280425984
1236103231044030465
1236103215055351808
1236109155141812224
1236108080775036928
1236104637410709504
1236097711503552513
1236096760222633989
1236108869283217409
1236102230874271749
1236102627441733632
1236102645510631424
1236097199764697088
1236108836370411522
1236108173876039680
1236108760730353670
1236108818498686978
1236096344487493633
1236102562132029441
1236097708559142912
1236108759098933249
1236094369951657984
1236097129166364675
1236096613573177353
1236104941325910016
1236096083945652226
1236108612931432448
1236097250767618048
1236097233763864576
1236107857793183744
1236108521642618880
1236108048298434560
1236096633797918721
1236104175051853824
1236109095956025345
1236102859835367424
1236108626873520128
