1240688851099607040
1240694639474049025
1240694366584242178
1240688150915080193
1240693287121371137
1240688507279929344
1240687756348510208
1240699165065146373
1240699391360397312
1240699446024757248
1240688990014984192
1240694156617367554
1240693389311397888
1240688796816912386
1240693448291713024
1240688314388074498
1240688926878085122
1240693515085963266
1240688318712434688
1240693398081687552
1240693414645006336
1240699429025271808
1240688981458612225
1240693829713289216
1240693335234248705
1240694140473507840
1240688213817044995
1240694396040798208
1240694018498908161
1240699026644713472
1240693691498377216
1240699299253501952
1240688717150314496
1240688893155893248
1240693368520245250
1240688519569223680
1240687798555783170
1240694106621267969
1240693716735504385
1240693972575514624
1240699404207587330
