1237194400683429888
1237188948268650497
1237189754300571649
1237189165848150019
1237184103746883584
1237195449456607233
1237195528485638144
1237195382158848000
1237195328140349440
1237183214361260032
1237194501187203074
1237183458046246914
1237195335748988933
1237183831636971520
1237184326447611910
1237183365079498752
1237188692365791234
1237189938120200192
1237194610461507584
1237189170562576384
1237194443205140480
1237184116589813760
1237182938564845568
1237194498544939010
1237194971779915776
1237194673548144640
1237190017589612544
1237183802675548160
1237195710547644416
1237183235903217665
1237184075238162432
1237195545636044800
1237189951097171969
1237190035012796416
1237189942276534273
1237183307651014656
1237189821056946178
1237183450160992257
1237188776377499649
1237183004289662976
1237188684665040897
1237189393603072005
1237194941497061376
1237182917333241856
1237194602601480192
1237183814583103488
1237189863285219328
1237195445555941376
1237189937805635587
1237195348952694784
1237189808352608261
1237184254553001985
1237184036591681537
