1239311303384186883
1239322561017675776
1239316827534233601
1239322749438435328
1239311458724384774
1239316706041962496
1239311185884913668
1239323546519842817
1239310909174165509
1239311966180651013
1239316751801815040
1239322305399934977
1239312020672892928
1239322984747327493
1239322427026333696
1239311659879063552
1239311819254173697
1239311077051170819
1239311064593915904
1239323043677306881
1239311534251102209
1239316839928336384
1239322615354982400
1239322787589783552
1239311685258825730
1239311307612065795
1239317167499350017
1239323013994119168
1239311211163942912
1239311605474701314
1239311047376416769
1239316986708004868
1239311207070191617
1239311366349094914
1239322304770908165
1239316533341327361
1239317393605718016
1239311458434940929
1239323374503026689
1239323374964240385
1239311710172983296
1239322527136178184
1239311320173985792
1239310846141952000
1239317641069723648
1239317183655809030
1239316747330740225
1239322456172740608
1239322204388687878
1239310796204789766
1239317322252369926
