1237297174469201922
1237291582765875200
1237292186347229188
1237292212867694597
1237297165921390592
1237297316349894656
1237296973847261184
1237297123839770624
1237297832756903936
1237297039538417664
1237296881698398208
1237292284409827328
1237291525366824960
1237292233096941568
1237297141120368640
1237292078394044416
1237292058131431425
1237296871724462081
1237291910311456768
1237292007581573121
1237291234869338118
1237296946877882368
1237297996233986050
1237291381174894592
1237297186158735360
1237291536758517760
1237298164782239745
1237297305536958464
1237297044110204929
1237297686144933889
1237297144379236352
1237292154696974336
1237291360362934273
1237291278158553089
