1234828318324621313
1234831929092038656
1234832295187623936
1234839217743810560
1234839915566977024
1234840747641384967
1234832635748241408
1234836342028279812
1234826750514753536
1234830262313332737
1234826765526126593
1234832483763486720
1234838832715124736
1234832310618468352
1234838095876354048
1234832450607603713
1234839930787860480
1234827083022512128
1234838892383215618
1234830355829530624
1234837332315996162
1234839415920291840
1234840277732347904
1234837282487767046
1234837266260004864
1234830866947485696
1234826662325387264
1234827846054486016
1234836724565651459
1234830419683614720
1234831429617553409
1234835666615382017
1234829128572002305
1234828207137939458
1234832458635452417
1234826641542713344
1234834406008741894
1234835857548423168
1234831434847793152
1234840101034897410
1234838068865175553
1234826013189775365
1234829065548378112
1234836223006519296
1234840808257474560
1234836654076125185
1234825868461199361
1234835090515070976
1234838669363531778
1234838021889036288
1234832248832176128
1234834451940564992
1234826687138975744
1234829358348591104
1234827220599869442
1234838423711703041
1234833073482670080
1234831895705161730
1234827379438227458
1234832280343810048
1234838158057099265
1234835665621311489
1234829524740669440
1234827057579749376
1234827603133030400
1234831170396921858
1234835683459637253
1234833700392751109
1234825941949583360
1234830554949963778
1234837633815191553
1234826624597708800
1234832741092315136
1234837197636816896
1234839888656261120
1234838687231266816
1234832371666391041
1234838086468673538
1234827341437603840
1234837214275616769
1234838649067442176
1234840197222797313
1234838603483820032
1234831606264680448
1234836577626599425
1234834345355087873
1234833501867798529
1234838887475957762
1234827459784323072
1234834889243078656
1234826585720553473
1234838561268125697
1234830036752125953
1234836962130837508
1234833398469988353
1234833982606467072
1234828102724804611
1234826997785858049
1234828122391842817
1234829966753370112
1234832395314114560
1234838585326686208
1234833010463301632
1234827648142118912
1234831411468570628
1234826406145732608
1234839343740735488
1234832567158919169
1234840925207236610
1234836653627367424
1234827347142074369
1234838320170979332
1234831188562513920
1234840546075561985
1234826040641454084
1234838420058443778
1234834472484294656
1234834528289611776
1234833140386013185
1234838737634226176
1234830643923767297
1234832437471039488
1234836530037837824
1234827982717370370
1234840598936420355
1234838649096884225
1234826766037983232
1234826747486638082
1234828909163819008
1234826947445825537
1234837077122048001
1234833085226782725
1234832001628344321
1234837847036833792
1234829694798663681
1234827028635017216
1234837778191568897
1234828232953913344
1234826902843449345
1234828153522139136
1234832618627194882
1234832723639971841
1234825879123046400
1234833256782204929
1234828114812981248
1234833688036134912
1234829368041578496
1234839715020333057
1234834441601736704
1234835673829371904
1234834762331762688
1234825873317982211
1234835927891140608
1234826758752546816
1234827170050183168
1234827288417570819
1234836316581507077
1234829539404066816
1234840711637426180
1234836052503867392
1234828412860194817
1234837538990252032
1234825870562463744
1234839301596340224
1234833068910948353
1234838993100951559
1234840283327668224
1234831632772657160
