1236420180105887744
1236419943282782209
1236424281229119488
1236411996796416000
1236414369866698753
1236415837088747526
1236414101015998465
1236425823936229376
1236425978890633217
1236415179426091008
1236426234617188352
1236413740557402112
1236419796264259585
1236414181928124416
1236421009982386176
1236426335842598912
1236414096645505024
1236414650478141448
1236425815765798914
1236420296070049793
1236420544746205184
1236425795037532160
1236415208836521984
1236422901596917762
1236426121404715008
1236425832857559040
1236420765613989889
1236419747400617986
1236419968843108352
1236412233430839296
1236420798807760896
1236414709592731649
1236421023089623042
1236415010689122305
1236420501771354112
1236419834981814272
1236426353467166720
1236426373650092033
1236425497548140544
1236426210554642432
1236426302917394435
1236421046208811010
1236422737389895681
1236420955347525632
1236425996796145670
1236415258652217344
1236420997697413121
1236425417097121795
1236419981627326465
1236414263297597440
1236415529105133570
1236415103404257282
