1240295052267659264
1240305076901642240
1240305990945439744
1240296050482503682
1240295106655248388
1240305076742258689
1240295899554865153
1240301108733644800
1240295236930240514
1240300727274217474
1240295366773346304
1240305361841565696
1240305198431703041
1240305948859740161
1240305747386384385
1240300991284740098
1240296033814544386
1240295454568579073
1240300919843143681
1240295891124334592
1240296000201175041
1240305173043515392
1240305357773328385
1240295962142298116
1240295157007888386
1240305118437875715
1240305202441228293
1240300814855483392
1240305701332955139
1240305668185305091
1240301150504718341
1240306012135063554
1240295564048306177
1240295039634374656
1240300374516551681
1240305441583685632
1240295023163215874
