1237342694382469120
1237343428087705600
1237337645375782913
1237343709605310464
1237342669803749377
1237336781030383622
1237342828902178817
1237337372913799169
1237336789074968576
1237337565029527552
1237343387264659456
1237337473367367680
1237336859925262338
1237337522960728067
1237337678657409024
1237337909230997504
1237337963933163520
1237343428469493761
1237337515100602369
1237342791577067520
1237343545876455424
1237343227218452480
1237342661016616960
1237343323423154176
1237337229338513410
1237342598622253062
1237343302963224577
1237342635703984129
1237336769298825219
1237342753392115712
1237343780401012736
1237336998219841536
1237337732806041600
1237337951199256576
