1235356188163870730
1235362173913829377
1235368147961540608
1235368469744488449
1235356869692018689
1235362846093070336
1235362057584771072
1235361800729829378
1235368637801750528
1235367852829323266
1235367833158193154
1235362668212613121
1235356466732773383
1235355856671313921
1235367959016562688
1235357107160932352
1235367766368149504
1235368553726922752
1235362829865308166
1235368596043427840
1235368613231693826
1235357027666243584
1235368822518898694
1235367337974476800
1235361729753776129
1235368218329575424
1235367602823757824
1235362208042954752
1235357148969873409
1235356993012940800
1235368087962206208
1235355846495727616
1235368029950640130
1235368196447715330
1235367702023344128
1235361910440316928
1235356751949594626
1235356311380004865
1235362511463100417
1235368129791959040
1235357132331126785
1235364914379845632
1235356583514845184
1235356679664893954
1235361559448293376
1235356084266770433
1235368800821755904
1235362137465290753
1235356482696249344
1235361977981116418
1235356364051906560
1235357069504585728
1235362426956255232
1235361762578399233
1235362253286912001
1235356524391944192
1235356749801984001
