1236605269846552576
1236605354483613696
1236593659279220736
1236605504908115969
1236605915899428865
1236593248157614081
1236593026258141185
1236605668918001664
1236598903254011904
1236593375454748672
1236593346610634752
1236594235148775425
1236592929688260608
1236593823071047681
1236599719671091201
1236605572461424641
1236604615484772352
1236604519162810368
1236594138205671424
1236599041154093057
1236598848157626369
1236606051719327744
1236600156038053888
1236599373812785157
1236605731975159809
1236598810710806535
1236599117419175937
1236593483659517953
1236605672541704193
1236604480977862656
1236604581876031490
1236604862755815424
1236605154582921216
1236600123217633280
1236598918374281216
1236605341300752384
1236604635080577025
1236592929763966976
1236593772655521792
1236605222664855553
1236605879711076352
1236605029802315776
1236605423639080962
1236593701067030529
1236599373909209089
1236593726375505920
1236605894860902401
1236594104932466689
1236599515555258373
1236604896629215232
1236593185163444224
1236599098540728325
1236593535647768581
1236593441783590913
1236604791062552577
1236598759557074944
