1239831456177848320
1239836804037017602
1239837009381908480
1239830994548658176
1239830218937901059
1239831082406641666
1239835968946962432
1239836527061942273
1239831523106275328
1239837143255543808
1239836237227311105
1239831221321916417
1239836535345856513
1239831007148363776
1239830470378078208
1239830566763220992
1239824560389632000
1239831158461849600
1239825017854197762
1239837139401138176
1239824837297635333
1239836317334241281
1239837101761404929
1239836015251968000
1239824942063026177
1239825014062448641
1239837189665705985
1239836908441808898
1239825412038881280
1239836011301081088
1239830852114067457
1239837193620815872
1239836388230492161
1239835913917624320
1239825403545436160
1239830311241949184
1239825307260948480
1239836141098086400
1239824996454760450
1239825340630876161
1239831204725129218
1239830793553231873
1239831460112216065
1239824791558934528
1239830881583464448
1239831225608568832
1239836484724760577
1239831493880365056
1239825759717466112
1239830659171889153
