1235968783447199746
1235968698751598592
1235962818400342017
1235966876385079296
1235962814986104833
1235962039715196928
1235968452646535168
1235967773521702913
1235968644443750400
1235965421641019393
1235973397818949632
1235962365792878592
1235962701563781122
1235962173928747009
1235962664746127362
1235961477791535106
1235968380387184640
1235963247280484352
1235962311552176130
1235959640728485888
1235960973154017289
1235963238556168192
1235968368852811778
1235962361695154176
1235962203301437440
1235970106502635521
1235965383397556226
1235968552714350594
1235968658335096832
1235962374672265217
1235962497028575232
1235963009903755264
1235968611308666881
1235962530180354049
1235962958481682432
1235962526979874817
1235963036390895616
1235967789568888832
1235963244038234113
1235963057869746182
1235967966983974913
1235968784478932992
