1237131104806731776
1237131074767118336
1237125350095826944
1237131612401401856
1237126565349265408
1237125144046456832
1237132224685920257
1237125815827136513
1237125299319570432
1237131070518308869
1237132173641166848
1237125979153317888
1237132216657993728
1237125895728631808
1237132433822060546
1237125769014452229
1237126586983424001
1237126478485172224
1237132531079798785
1237126247655845890
1237126319021924354
1237131796757852162
1237132325068169219
1237126486668259328
1237126691526512641
1237125680757903362
1237125525681909762
1237126625491218432
1237125161469513735
1237131435787550721
1237125433436647428
1237132157300150272
1237126184900505600
1237126285048020993
1237131498823786498
1237125744381382657
1237125345930883077
1237131771025686530
1237132534892371971
