1237884443185971202
1237878696813277189
1237885437579952132
1237890243446992896
1237878122231377925
1237884552569188352
1237890520812142592
1237890063750463490
1237885319992705024
1237878621341011970
1237878318952673280
1237890520799514627
1237890286258245632
1237879338713772033
1237884220967489537
1237884137588928513
1237890432119402503
1237890215148052480
1237879015236493313
1237884564820746243
1237879401636704257
1237878919837241344
1237890571600982017
1237878453673721861
1237890260907880453
1237878101402476544
1237885273691709442
1237889916735877123
1237884552594354177
1237878403555975171
1237890479590535171
1237878818699796480
1237879569819959303
1237884669938417666
1237878927948779523
1237890575266918400
1237878461915705345
1237885336690163713
1237885273574264833
1237884279494815744
1237890504206868480
1237879309643042816
1237890478122479618
1237890646645411841
1237884485556830221
1237878399416168448
1237884833302372359
1237884447267184640
1237884221198200833
1237878201818304512
1237879388609236993
1237890026047819785
1237890898777665536
