1237872837899116547
1237866625728053248
1237866814412996609
1237866810575163394
1237861186508435461
1237873131420704769
1237866336845348866
1237873626524741634
1237860912968556544
1237861169064361989
1237861642844516352
1237861177473896456
1237873307602628608
1237866332265132032
1237861211565199361
1237867187940896768
1237867527805366275
1237872938071674883
1237866738726785025
1237866764400078849
1237866106020192259
1237866315550822401
1237873554877632512
1237872481156739075
1237860951086387200
1237866361738506247
1237860858518274048
1237866973872046083
1237866265051627520
1237873055608627200
1237867057632305152
1237866768552448000
1237873206578393089
1237873446429876224
1237873639162183681
1237867057913270277
1237861059785981952
1237866865268912132
1237872975849742337
1237866319539650560
1237861655616172039
1237872368107663362
1237867217519144960
1237866319468363777
1237873127230595074
1237861227205779459
1237860875156897798
1237861181764718596
1237872309039280128
1237866508308688896
