1239056671780921344
1239067278945267717
1239062199320170496
1239056109731627008
1239056117973450752
1239055870807416837
1239062149223403521
1239062342215794689
1239056419363553281
1239056788995047425
1239056730350178304
1239056243739762693
1239056151439757313
1239062237290975233
1239067446855647232
1239067610693734401
1239062409790107648
1239068092938039298
1239067815698509824
1239057058013384704
1239067086162464769
1239067296003481600
1239056638192967680
1239068093193818112
1239062422092001281
1239056785098412032
1239068390498529280
1239056734175420416
1239056973259255810
1239067119477764097
1239067807817404417
1239056260667854848
1239061998052110341
1239056919198748672
1239068160273178624
1239068193135538176
1239056096821538823
1239057028451983360
1239056432617721857
1239067202986393600
1239057065697579008
1239056231534407684
1239055969918881793
1239067953993318400
1239068256784322562
1239056172641996802
1239056185258639360
1239061465811816448
1239067773915054080
1239068331853746176
1239068436392636416
1239056185258414081
