1239595157239939080
1239589155056697352
1239589339794935809
1239589176028389377
1239594838116442123
1239589134089453574
1239583128013791233
1239589654246166528
1239595283001950218
1239589196953784322
1239594427217313793
1239595333090500608
1239594259574960128
1239595006106746882
1239595316468420608
1239589251492306952
1239583857575448577
1239594435685412864
1239583924923351040
1239594925957820416
1239589700161228801
1239583647885393920
1239589020780331014
1239594443906469888
1239589058470457344
1239595115221565446
1239594720600391687
1239594326600175616
1239589574696812544
1239594850837770241
1239595102693142533
1239595492692176896
1239583094480478210
1239588748301606912
1239594447219933185
1239589415074185218
1239589666879229952
1239588890706620417
1239589104720809984
1239583597822185474
1239589565989621761
1239583505538932742
1239584231086424067
1239594289111302144
1239594636882120704
1239594607446499332
1239583421422350338
1239595299582226436
1239589205312860160
