1234745769959346177
1234741939758481408
1234739567741325312
1234738748157386753
1234744727645380608
1234739214714978310
1234749333397962752
1234744490008641536
1234745522017198081
1234738575607910400
1234740041840283648
1234737965261348864
1234747140100018176
1234745226058706944
1234737971108048896
1234738568893009920
1234744281342062593
1234740280961765376
1234744268356497409
1234741610891464704
1234745618586730496
1234749875893538816
1234750252562964481
1234743783805186048
1234740637519548417
1234739387063263232
1234738126863699968
1234749478277545984
1234744950740439041
1234739044715618304
1234746463072202752
1234740880529149952
1234738713923637248
1234743128797712384
1234739014579752960
1234743179141926912
1234750165874987009
1234746572744904705
1234739644316692480
1234738432724938752
1234739177432010752
1234742670507069441
1234742511719059456
1234741499008442368
1234748902995189760
1234737584049397760
1234744426204819461
1234744077448597504
1234743552938168320
1234747219124899840
1234740546784169984
1234739377001172993
1234737895614943234
1234744453128081408
1234738242718593030
1234739000826462209
1234745079077703680
1234745782307299328
1234747292839579648
1234744591468912641
1234738209336197120
1234740631890690048
1234744385880961024
1234746003363901441
1234739437851922434
1234738940642500608
1234739895576473601
1234744174278213633
1234739619104772096
1234746353126977536
1234745512965763074
1234742368768811008
1234746289214173184
1234741123714822146
1234743945797787649
1234747452760129536
1234745762447118336
1234738439259508737
1234738561439666177
1234744287646167040
1234742238472736769
1234745616372240385
1234744884285693952
1234745089206865921
1234745411954409472
1234738518133362688
1234744998341627904
1234739355295637504
1234739790555369472
1234739412660965378
1234745975261974528
