1236764644821344258
1236765810078683136
1236759259439923207
1236759183917277184
1236771137402568710
1236759904788062209
1236764878725095425
1236770622220439553
1236758818492764161
1236770386014089216
1236758752210161665
1236770482797465600
1236760164809740290
1236771402235236353
1236771510645293056
1236758978396213248
1236758714490765313
1236759594589921286
1236758654868688901
1236770355181572096
1236771539862745088
1236770822074830848
1236760219272859649
1236766057668501505
1236758960549625856
1236766000147763200
1236759951474692096
1236764761586429952
1236765902168895494
1236765310864285696
1236765125941399552
1236760114511712258
1236766053692301313
1236771321511624704
1236771933158596609
1236765902202232833
1236771757576650754
1236771631550337030
1236758902873542656
1236771746683817984
1236764540387221504
1236764499278827520
1236771863461855235
1236771800622735360
1236766016069234688
1236771862476132353
1236764866511286277
1236758780957937665
1236764963743698945
1236771625191772173
1236770408277446657
1236765214382542848
1236759640244924417
1236765261170118667
1236765425142239233
1236759682976448520
1236771632124956673
1236770889603125255
1236759564458098689
