1240677694502830082
1240671075735867392
1240671650615615488
1240682408695025665
1240676901787774978
1240671868694286338
1240677040191242242
1240682299802497026
1240676729858867200
1240670874312814599
1240683096443432960
1240671017263136768
1240677455129497600
1240676854945722368
1240671784359378958
1240676616331825152
1240682098274566144
1240676629006807040
1240676985434710017
1240672128481067008
1240671285044228096
1240671881042280450
1240672065419698177
1240683101086306305
1240682274720337921
1240682857657446403
1240682387815661568
1240676956158517248
1240676456990216194
1240683092366340098
1240671964806684672
1240671319013744641
1240682785918115841
1240671851728326656
1240671893440651265
1240677593717899265
1240683310688452608
1240671474425434114
1240677593596256256
1240682727562596352
1240682383793434628
1240676942195707906
1240676998055366668
1240682098534551554
1240671700615933952
1240682157112262656
1240682966503882756
1240671684123860998
1240671427860344832
