1238699136540495872
1238699606562742272
1238700026064285696
1238699228534194176
1238694040763133953
1238705646343606272
1238705235322982400
1238699363267985408
1238704467765112832
1238693209930436608
1238704908494344192
1238698931422253056
1238693880993853440
1238704685340639232
1238694040893259781
1238693285771837440
1238693130205122561
1238704334709362688
1238693906352689152
1238694292346081280
1238694111479083009
1238692974890037248
1238699522613796864
1238693985683681281
1238693423818956801
1238693516181745664
1238705142850961409
1238693813650145281
1238699757196828672
1238699484776779776
1238693394827878401
1238693742841933829
1238693680128626688
1238699890668007424
1238704341470588928
1238693994328133632
1238699799081144322
1238693361223114752
1238693264355725312
1238704903800922112
1238694376085176321
1238705130607869952
1238699115204284416
1238693579415044096
1238694157503188992
1238705180511698946
1238693184667934722
1238705411685003264
1238693839252213760
1238693252116574209
