1236748152658636815
1236753803363442688
1236746688808787968
1236752883787403267
1236746772103540737
1236746939548524545
1236753051790311425
1236753547456380929
1236748198607302658
1236748081145810947
1236753043942768640
1236747128589991942
1236752896521383944
1236747287470190593
1236747289206628354
1236747497512546305
1236752706859143170
1236747511118749696
1236753767921414145
1236753299895918593
1236752938653159426
1236753415323205634
1236753886360322050
1236752603301773312
1236747653259689984
1236754096532664324
1236754222206476288
1236753479290376192
1236753009683476480
1236746860934692869
1236753437221666816
1236753999933714432
1236753684987555840
1236753140826816517
1236754024201949187
1236753601474605056
1236753786120650753
1236748001336594441
1236747750378782722
1236753131779883008
