1238234935607144451
1238228359215079424
1238229395015426049
1238235552442470401
1238235267363897344
1238229219190214661
1238234290116272136
1238234214681763841
1238234521083899904
1238223829245157376
1238228632021041154
1238223267300859909
1238228615319433224
1238223691076468736
1238234642332946444
1238234164048076800
1238229390917537792
1238228556095852544
1238223472863645697
1238235070143569922
1238228912909533193
1238229793671446528
1238234961284435969
1238235355385679874
1238229160159477760
1238235464613707776
1238223766754406400
1238235049201410049
1238228946329763841
1238228527008419842
1238229084922155010
1238229357648392193
1238223305108262912
1238223669928828930
1238234285829574657
1238228766264000512
1238234331979616256
1238223770671816704
1238234877339865093
1238234180733018114
1238223883905400834
1238235586252726273
1238229340845789184
1238228535468269569
1238235380576632832
1238223598596378625
1238228610751827969
