1239363031672422401
1239368727432331264
1239368216050143233
1239357247978786818
1239363174643544064
1239368367087276032
1239356833019629569
1239367800831053829
1239357172485480450
1239356740493287425
1239362356800622594
1239363120042131456
1239357717346729984
1239356727792893954
1239356719224029184
1239368761452507136
1239356975034642434
1239368186820083712
1239368421550125056
1239356476365438979
1239357793036992512
1239362209597227013
1239357562572677121
1239357445144707072
1239356681751900162
1239357205754843137
1239357130341302272
1239356891412795394
1239357348818432005
1239356950078345216
1239362826529050624
1239357701127204864
1239357537356570627
1239363413567922176
1239363124089589760
1239368240930918400
1239368287106011139
1239363442785599488
1239357382192443394
1239362843289542657
1239368781962641408
1239362306099884032
1239356698332213249
1239368945938751488
1239357050959941635
1239356882944503808
1239362306087235584
1239356631101648896
1239362939426967553
1239368698244354051
1239356878968193025
