1238906997891792897
1238907064883298305
1238906851032473600
1238907509290741760
1238913347870998529
1238906372583915520
1238912978797371395
1238907383713169408
1238912903174148100
1238907131811766273
1238906956015734784
1238912026853982209
1238907463476416512
1238906947291709443
1238912500545945601
1238913343601156096
1238907459101745152
1238912630703689728
1238907509613588480
1238907555809619968
1238912748186198019
1238913142350123009
1238906922251755521
1238907085812690944
1238907233490042881
1238913037689593856
1238907287055544320
1238912072769048576
1238912752426483712
1238906733654716416
1238912102049423362
1238906863330230273
1238912949399498752
1238912056193097736
1238906532252827648
1238913314287161344
1238912114636578818
