1235574112392630272
1235580291474812928
1235574552362549253
1235569575166648324
1235574086568497158
1235579867099521024
1235568370440736768
1235580315982123009
1235569448657944577
1235580189641510913
1235574993418940416
1235569263693324290
1235574129086119937
1235580609294200832
1235575053389115394
1235575404653502465
1235569440932036610
1235579975425810432
1235574468778569729
1235574551645425666
1235580693067059202
1235568711026855938
1235574254197850112
1235568906011652096
1235569594603114496
1235569044784214016
1235574724547182592
1235568912378589185
1235574770663673862
1235574679391223809
1235574737360654336
1235580693998002176
1235574849558331392
1235579867439210498
1235575155901861888
1235568718333145088
1235566552147210240
1235569012270129152
1235580764240175107
1235569191362666498
1235579884401016833
1235580693423575040
1235575111178047488
1235575093591339008
1235569336213016576
1235573999960236033
1235575307005911042
1235574044734287874
1235574745686396929
1235580407044870146
