1235102996716859393
1235105788919549955
1235106173902176258
1235107414879301633
1235110381342752768
1235101868340039680
1235112339260592134
1235101243661418497
1235109517865521153
1235107677488865280
1235109360906301440
1235109245281951745
1235097654222360577
1235107118346166272
1235097764393922560
1235103648083873793
1235103866066108419
1235107822876184577
1235110624159506432
1235111513435697152
1235102383690014720
1235108335340277761
1235105677879599105
1235106884354314241
1235100209203392512
1235104703978958848
1235104174427131904
1235110521604427776
1235107933857255426
1235108207170916352
1235105741893029888
1235104390316347392
1235107525684375553
1235107797160738816
1235101025184305152
1235107950659874817
1235107576221589504
1235101266910404614
1235099411060944898
1235108933456420864
1235105195454894080
1235112653254569984
1235101161272696832
1235099642557132800
1235102117938876416
1235100170351591424
1235101789235470336
1235110208545816576
1235107506457698304
1235106618766848000
1235105734381076480
1235107620609904641
1235104575863971840
1235110636016652288
1235106958148943874
1235107562774761477
1235100121215328257
1235107355911569408
1235109762414465025
1235098333791674368
1235105675111321600
1235110590130970624
1235103448313430017
1235112692769144832
1235112281509220352
1235102023579623425
1235111330920591360
1235104715765149702
1235099225798717446
1235112615291916295
1235107766806577154
1235107870225477632
1235101064828837897
1235098383204749314
1235100238664200193
1235107822930497536
1235101456979521536
1235112717741993985
1235104552375816192
1235103005784936448
1235101164045127680
1235110418403622913
1235101044641853440
1235111792377905152
1235108007727345664
1235108733014790144
1235111089844760576
1235102036674277377
1235105296801918976
1235112632455028736
1235098417958801408
1235112593791913984
1235109378174439424
1235109979826221063
1235102291805351936
1235107402686631937
1235105868040962049
1235098708544335872
1235112644878585857
1235104682780942338
1235106280857100288
1235109849752580096
1235112495028682752
1235111000795308034
1235106635791527936
1235108186895437824
1235108396958978049
1235107790441463809
1235112448492892161
1235107991742861312
1235109980765741056
1235109461850591235
1235101858496118784
1235112722314022914
1235098095844593665
