1237089798181007368
1237084170481995776
1237079346952708097
1237084112038608896
1237089541539999745
1237084723756687360
1237085482560995328
1237084283229089798
1237089011593891841
1237078823323062274
1237079514850586624
1237078328038887425
1237079158779449345
1237078750803587072
1237084145010053127
1237084706950299649
1237090037566668800
1237084791536787457
1237084787304804353
1237085307096440839
1237090582222090240
1237078487631933440
1237079111526465536
1237078251933138944
1237078549544218624
1237090454723678208
1237090571484680201
1237090422641414148
1237084237133733894
1237089820054360064
1237079024092020737
1237090729748336640
1237090310427205632
1237079230103592961
1237090235533512704
1237079506063519744
1237090281088061441
1237090535380303874
1237085093438554112
1237079266753470466
1237090205691260928
1237084636817362944
1237078600714772480
1237089778148966400
1237078243401924610
1237085365460230144
1237089207711084544
1237090121935175680
1237088716901855232
1237078826502492160
1237084665330139139
1237079598539706370
1237078781312913414
1237084023756906496
1237085369423794182
