1238595793113800704
1238596136836923392
1238592320855068683
1238587291150344192
1238592844329299968
1238587672626593794
1238596275370692608
1238595767721496577
1238592483438858240
1238586762563387393
1238596417754738688
1238592940915789824
1238587529999376384
1238592667870732290
1238595905965735937
1238595805424111616
1238587752318472192
1238587337422114817
1238587123353047040
1238592806643515393
1238595415643017216
1238596254101356550
1238592420905750533
1238587576337956866
1238587592922132485
1238592693116289025
1238596191249739776
1238592487620558851
1238587110644256768
1238595515769663488
1238587508847493120
1238592919579381761
1238586972416942080
1238595846930706433
1238595486615035904
1238592840319602688
1238596468249952256
1238595725749039104
1238596250016141314
1238596514315993089
1238587118982770688
1238587169515671552
1238595646128418816
1238587882736099328
