1234015492567793665
1234019987788050433
1234017187012190208
1234024957245419520
1234019520768905216
1234012831193948161
1234012035794358273
1234019352799666179
1234016301389111297
1234018109603926017
1234025508796497920
1234021213418201095
1234020517256081408
1234021294686928896
1234024902211989504
1234020590564118529
1234018587376906241
1234014694039416832
1234020803391492096
1234020908844453893
1234014848465305602
1234021759223050242
1234023484772274176
1234014461381562371
1234012114395815939
1234015584163155968
1234012021164855298
1234024972177362944
1234011655350079488
1234017788458500096
1234025435270242305
1234012414196244481
1234011515243548673
1234013007937540096
1234020952326823937
1234023357575782400
1234021743838334979
1234010809002610688
1234015730384830470
1234024877230895112
1234011729178365952
1234024819659689984
1234014531753566208
1234018031782842368
1234019219404214273
1234017601338138625
1234016471992406016
1234014561730101248
1234024754992029697
1234012070133235712
1234014473050116096
1234011870685802496
1234013387354304512
1234018067543277568
1234018764527550466
1234018702451933185
1234012749874761728
1234011838242852865
1234015967786786822
1234011299564134400
1234019310185668608
1234023549452640256
1234013746026008576
1234021170971676672
1234024652231577605
1234023464148881408
1234015300854657025
1234019356905861120
1234010666593161216
1234011782357929986
1234015911729823744
1234017489085964288
1234011106680680449
1234020617298628608
1234024273854910466
1234014406574362624
1234023377054191616
1234019465467174917
1234022418261434370
1234011141212377088
1234023525293416448
1234017678651576325
1234023642427686914
1234018026640609282
1234018089588740097
1234016030969692160
1234012249821532164
1234014955688431617
1234024756392775680
1234017538817875968
1234021022053158913
1234021420255997952
1234011244509704192
1234010977013653504
1234017349973368833
1234018075634094082
1234014323200188418
