1240665425978904576
1240665908449816577
1240665547651592192
1240660501882908672
1240666122371751942
1240654839572582405
1240665828812443649
1240654898456379392
1240659595900542982
1240659822435012609
1240654495866130434
1240666042621452295
1240654386625261569
1240654290202615811
1240666227183362049
1240659776062791683
1240659579031166976
1240665409155547136
1240654793670090752
1240666026070675457
1240654328131727361
1240654948729315330
1240654529214820352
1240654558881288199
1240666399305064451
1240659906400858119
1240660313210523650
1240665476285399041
1240665987650854912
1240660015339507712
1240660426398056450
1240665745098452992
1240655170872229888
1240660627711983616
1240660158092414977
1240666461988777986
1240654344694796289
1240665879106301954
1240665367334305795
1240654851685715968
1240665694498217985
1240665765768028160
1240660673849327617
1240655145727377417
1240660313101537282
