1234332668713529345
1234332766176600065
1234339182803288065
1234333174475264000
1234338181434216449
1234338893236846592
1234338496833298432
1234327934980296705
1234338493020721157
1234332675927937024
1234332457807368193
1234332862297624577
1234332939971727360
1234339057142026245
1234337967117721601
1234333097878966273
1234333417732530177
1234332909311422465
1234333196268924928
1234333063779241986
1234332497741152258
1234333169756688384
1234339069263368193
1234332698694635521
1234338820868493312
1234339091241717760
1234333052861632512
1234338633882058752
1234327631849512960
1234332946217283584
1234338915634597889
1234328056602382338
1234327775080673280
1234338333129674759
1234333453115678720
1234333327483641856
