1235755626585866242
1235759714694131712
1235761578496139265
1235749548519120896
1235750106047143937
1235761039758721026
1235755730977906688
1235755516061790208
1235755335773818885
1235760947978858496
1235761565309124608
1235760872242524160
1235755190210269185
1235748881817841665
1235755624333443073
1235755694126706688
1235756371003531264
1235750031329603589
1235751894011670528
1235761752375259139
1235755364462637056
1235761468269907970
1235760552670093312
1235755995290365957
1235761076660252672
1235761031126962178
1235749618874372097
1235749060344193024
1235760561872343041
1235754648734064641
1235750230982676480
1235750085532823553
1235761275856203777
1235749421574320128
1235761048264810498
1235749040186200065
1235760658848702465
1235750139567853569
1235752803659702272
1235749125104287746
1235755550744498176
1235749316762808320
1235749941714223104
1235755990294892544
1235748893373022208
1235760640855339008
1235755612702720005
1235748243935387648
1235749576650481665
1235748233034555403
1235761488570093568
1235761594132398080
1235761695563407360
1235756112328048641
1235755562102644737
1235754094251266048
1235749152266629120
1235755149286465536
