1235043541966942209
1235038087413030913
1235042261739552768
1235038630273400832
1235038401608314880
1235038375448424451
1235037912648933378
1235050617644564481
1235047018629750786
1235043307777953793
1235047957692465153
1235042400759734272
1235039142439841793
1235044060919783425
1235048024537051137
1235047141393027075
1235048721508753408
1235044906806046720
1235047309018185729
1235050681800617984
1235044670733869058
1235037716212879361
1235041961226022912
1235041578273476608
1235037350033580032
1235046731420700673
1235037389183123456
1235045593220870146
1235039487874306048
1235042187324190720
1235041309653532672
1235048628894306304
1235037673942740992
1235038201607270400
1235044371705114625
1235046568262160386
1235048319174373376
1235046504739393537
1235039790736654337
1235042137474916357
1235050140672516096
1235043250454618112
1235050852718505984
1235050833353428993
1235037796454125570
1235048242825461762
1235048819659812870
1235038845533470720
1235043414913110017
1235038899690340355
1235039034805608451
1235045772774780928
1235040947664121856
1235042758819106816
1235042254642794501
1235048974970523652
1235045733432254465
1235050910356631552
1235044062807252994
1235051248467898368
1235051920093368321
1235050824222433280
1235048850907435008
1235041831475236865
1235050421648932864
1235039256667738117
1235048368969154561
1235041646330310657
1235048059349786624
1235049361148526593
1235037499094949888
1235042486105456641
1235043277113446400
1235042372016168961
1235048259950956544
1235037904214188032
1235043628000505857
1235043431417700354
1235050206258802689
1235049166755291137
1235049194055806977
1235052102482710530
1235048025149468672
1235043933849292800
1235048381879209984
1235043624275939328
1235050487893893120
1235051067542401024
1235039398946721793
1235046634355978240
1235044827193987072
1235045798913560577
1235044673447555072
1235049788791328769
1235051187340115969
1235051210727731200
1235051562906476545
1235046361243893760
1235046757547102209
1235049288012464129
1235040888692158464
1235042046936616960
1235040764641431554
1235048683135066114
1235037517402927104
1235042679878086656
1235051693915516930
1235045274185154561
1235050079863492608
1235049571211870209
1235041581712822272
1235046790006624258
1235051391342612481
1235041817520787456
1235038496856801280
1235039147468804097
1235051647484620801
1235044922522103809
1235050661927981057
1235046767839735808
1235050900688789510
1235043040940548096
1235040894526648320
1235049704280305665
1235048530701455362
1235039866867421185
1235042315741179905
1235042405914677248
1235051216444383232
1235045476577054720
1235043512497786881
1235040455785472000
1235049885298122753
1235048342536605697
1235038628469854210
1235039256512352257
1235044886396563458
1235040671724998657
1235044097783664640
1235042628242042883
1235038872788033536
1235043968036925441
1235046722704826368
1235040206232809473
1235046879139753985
1235044910719332352
1235051204205359104
1235041555611660288
1235046076639412224
1235038992942301184
1235040941343268864
1235045200260509696
1235045351490326529
1235043404792426496
1235050236671750145
