1234107502566019073
1234105173078925313
1234108267938435072
1234106741811482625
1234101813533650944
1234111381563199488
1234104513537204224
1234114426434879492
1234108355435585536
1234112316737773568
1234105811795927040
1234101464576004096
1234104771528753152
1234111922527756288
1234102591912464385
1234108368387600384
1234107504981921792
1234107332604370944
1234112241286381569
1234112510787190791
1234103443830312962
1234114070510325761
1234103876883820545
1234114786272665602
1234115857166589953
1234110332282515456
1234106214285533185
1234104543694217216
1234110328339718144
1234110826660818944
1234104362978488320
1234114489420800002
1234111696635080704
1234115500537413634
1234101206215282693
1234115479184138240
1234110505037418496
1234109427894149121
1234109478959747072
1234109641287557120
1234115074437996545
1234105966364254210
1234109216257925121
1234114512069939205
1234108751302610944
1234115822081232898
1234102033810182145
1234114239633162242
1234105389676929024
1234110665641598977
1234108013151019008
1234101080671346689
1234114569892777985
1234110647488544772
1234114812315144192
1234106344392810496
1234103324183494657
1234108563871739904
1234113363971657730
1234115266562359296
1234105507771600896
1234102035169103872
1234114283933458433
1234108142071504900
1234108783263178753
1234102597319118848
1234105524599316482
1234114212529688576
1234115065764352003
1234111049982496770
1234114114055790593
1234104173018451969
1234102903822016512
1234109632315973638
1234105366729940992
1234108436700389376
1234102335401582592
1234103293049266177
1234106624740143104
1234107420688838656
1234104073454006272
1234113474508120067
1234107838210936832
1234109032304168964
1234105238950301696
1234115804704202754
1234113941195939841
1234109477135122432
1234102663068954626
1234114516218187776
1234108884723343361
1234109365210222592
1234110954591399936
1234104621099958272
1234106958040289280
1234107637303635976
1234114105654611969
1234106382267375616
1234102705645400064
1234101143736684545
1234107067650101248
1234115554086203392
1234114042232365056
1234112174441758720
1234104024116285441
1234101822001860608
1234113882987339776
1234108678984388609
1234106844219617280
1234103155044036608
1234112106460524544
1234108145930309633
1234114751573176320
1234112270101340161
1234114120145866753
1234114041557274624
1234101662605828096
1234112329958207491
1234106410633498625
1234113692826030081
1234107277801598976
1234113202532700160
1234113946208133120
1234112685710729217
1234104599604232192
1234107598309404672
1234107817864257536
1234108896136089601
1234101671367716865
1234106906219646976
1234108854645985280
1234107429941542920
1234107747827953666
1234113347299053568
1234101099453243393
1234105495302045696
1234111572827611136
1234108490529947648
1234107352116129800
1234105990917885952
