1236611570748329984
1236616468751691776
1236622205968146433
1236616922898132992
1236610672345018368
1236611267391086592
1236616908507697154
1236622151756759041
1236610743405023233
1236611259178651649
1236622345399402496
1236611154786553856
1236616514687635460
1236617178696351744
1236621933145358337
1236622109880619008
1236611283572658176
1236611721386766336
1236617370807959558
1236610545928765440
1236617401464000513
1236616719793303553
1236622265388871682
1236611964505190402
1236611417488404480
1236616421108584448
1236621954074976256
1236610520209227776
1236616555410026497
1236622658118156289
1236611254833139713
1236611238479757313
1236621961960263680
1236622351795499008
1236616414519230467
1236611418197123073
1236610588798857216
1236617685099851777
1236611250127351814
1236610794084843521
1236617081291829249
1236611355672788992
1236617530015281153
1236622042117570560
1236622022895075328
1236622055266795520
