1236167998152626176
1236168263903502337
1236165810214887425
1236168206793854976
1236161904315265024
1236161802133598209
1236156227580768258
1236162595327021057
1236163970605686784
1236168630137524224
1236168083913535489
1236167950526103552
1236162296990142464
1236167984789385217
1236168584121864192
1236156190356275200
1236162047844352001
1236162572572712960
1236168886887665664
1236167937322405888
1236162145005359105
1236161441184591872
1236168898350706690
1236162435351969792
1236162375813869568
1236168172132130819
1236155808603418624
1236161500865155072
1236168940700786688
1236161224141713408
1236162382378029057
1236168821662236672
1236156634285531136
1236167691334848515
1236156864867569667
1236167634514657281
1236156156780761089
1236168789949124608
1236156831841628161
1236156497056239616
1236155711975022592
1236155875779317760
1236162096900870145
1236161321307004934
1236156136379699200
1236168592007106562
1236156910719598594
1236162278283608065
1236156243493957632
1236162501995163648
1236155967450030082
1236161990357286913
1236161722274074625
