1235991126957531136
1235997833720811521
1235991264522309638
1236003081202085890
1235997511111892993
1235997553533038592
1235991935506149376
1235997547778342912
1235997557106475009
1235991599915679744
1235998104937271298
1236002522504060931
1236003563807088643
1235997095397482502
1235998056119754752
1236003056631853057
1235997224963837952
1235997107322073092
1235996782225772545
1236002962423480320
1235991835807539200
1235997381969227777
1235990921398964232
1236002913899683843
1235992195020271617
1235997275111010306
1236003557918363649
1235992507504357376
1235991998299070465
1235990833595215873
1235997992324337665
1236003171543273472
1235991277612806144
1235991199258902533
1236003386614374400
1235992013633458181
1235996906850938881
1236003026265165824
1235991837107793920
1235991465882537985
1235991014185340931
1235991364925411333
1235991060544753664
1235991751799844865
1235991303135072256
1235992157963440128
1235996814064656384
1235997679689388041
1235990993389969409
1235997099461947392
1235991122905903105
1235991445212934145
1235991382923280386
1235996914790920194
