1234534101266370560
1234527612606697479
1234533274275450880
1234527567425802242
1234533417829556224
1234527846586093577
1234538885734158346
1234528077553831940
1234533590014148609
1234528454579773440
1234533405133590528
1234528509709692928
1234533294995378182
1234534059499565061
1234533672524697600
1234538828532264960
1234538722667847680
1234533223671238657
1234528624335884288
1234533392441659393
1234534033440333824
1234533715130236928
1234533118679216134
1234528224685592576
1234533135783727104
1234533047648817152
1234538828322541573
1234528619407519749
1234538916306247680
1234527452849852419
1234533250271522816
1234528124194316288
1234533811951505408
1234538802305290242
1234527571150278658
1234527771365388288
