1235319676651139072
1235313637818060804
1235319846226866178
1235320620587659274
1235319661274828800
1235320168106127363
1235314459935203328
1235314623848513539
1235317354927706112
1235319452171984897
1235319974543192065
1235313621460230144
1235314757080666113
1235313953112231936
1235314083374813185
1235320462508527616
1235313722140299271
1235320599695822849
1235314153809678336
1235319816161984516
1235314328838049793
1235313437930139648
1235314169907474434
1235313424453824520
1235320030310653955
1235320737365446657
1235313842462351361
1235319946546229248
1235314031692582914
1235319845740261378
1235319937444581376
1235320542259023873
1235313663046832136
1235314867051155456
1235320797356584962
1235313583866761226
1235319655583158274
1235314891516514304
1235314392742404097
1235320646659383296
