1240087580919635968
1240087937531944960
1240093042150907904
1240087564486311937
1240082707209576448
1240093348423184385
1240082631686885376
1240087396688986112
1240087908121485312
1240092920516161540
1240088113675792384
1240087807542145025
1240088113424158720
1240093474071941120
1240087530550280193
1240081947977822214
1240087190941487105
1240093063122386944
1240093377489600512
1240093218005540866
1240092622359838720
1240087920796565505
1240093021183586304
1240082057050513408
1240087232968642560
1240082455958294528
1240087883178020865
1240087245689946114
1240087471876190209
1240093205674299393
1240092731893895168
1240087614474117120
1240093716922208258
1240088159817531392
1240082434890350592
1240092849158475776
1240093276784517120
1240087388241756161
1240093772169478145
1240087765838188545
1240087241311039488
1240081511690485762
1240093079748534273
1240087748867805188
1240093029559607299
1240082002377879552
1240092916208599040
1240087513852710914
