1234153481113456642
1234156170727821318
1234147627257692161
1234159197773860864
1234161317738622976
1234150182796681217
1234158867090722816
1234160047061553152
1234154726419304454
1234160006288662529
1234147474086023168
1234155923138019329
1234155142498390016
1234157267924213760
1234154795923013632
1234151654695399424
1234155405795827713
1234148743160582145
1234150900760842245
1234150657726263297
1234148649745223688
1234154803456069638
1234153849918640128
1234147997241483264
1234155532824567808
1234160551942590465
1234150886869331969
1234160335172579329
1234158256664305664
1234154813178335232
1234148825641566208
1234156458780041217
1234150563308240896
1234154865615605761
1234147052541693952
1234157414070521856
1234161385690390529
1234151284950937605
1234158818227097601
1234160283091898370
1234147448487993345
1234150074143444992
1234150889662898176
1234155827667316741
1234151547048800256
1234159530487042051
1234161285933105152
1234158319734083584
1234152806434496515
1234155994713927681
1234160122722750464
1234161245634232320
1234150922437132290
1234148859603046400
1234158735393730560
1234147549642031110
1234151166755270656
1234149687772483584
1234156758236573701
1234161262524760065
1234147153481797632
1234152395120267264
1234157533234913282
1234152845101789184
1234149109541543936
1234151861051150338
1234149350621753350
1234155673581043712
1234149609548718083
1234158758856511488
1234161352299753472
1234148094490685440
1234158802221572097
1234152491375308801
1234150554504396800
1234153584939323395
1234160677645901829
1234159294217674757
1234161144358670336
1234155411437019136
1234157350996430849
1234157911485579265
1234147041988796423
1234148981585960962
1234155045857431553
1234157028450242560
1234151163618103298
1234153139504324610
1234156591642857478
1234152959203856384
1234147178656026627
1234157119768875008
1234149081582358532
1234147299410022400
1234156159797518339
1234154087110914048
1234150742853857280
1234156275816181761
1234147178454626305
1234146501116428289
1234157646086856704
1234153530514124812
1234158543722483713
1234157999972913153
1234161325321805824
1234147907345035264
1234156553315418113
1234155160932319232
1234152686678880256
1234159150059249665
1234151405168078849
1234149689584443392
1234159724473438208
1234160371512029186
1234158420607062016
1234152164844560385
1234151755698647047
1234155537073426438
1234148292214259714
1234152559482429441
1234156016310378496
1234158231653666822
1234150019336474628
1234149061835489280
1234154272444551168
1234159306586624009
1234156698190798849
1234150245178781702
1234158876653707270
1234148523026849792
1234159403928035328
1234157739632451586
1234154390786912256
1234156113840394242
1234155968977657856
1234155669353189381
1234158136879177737
1234152596157284352
