1237411866642722817
1237417990452281344
1237417453791129600
1237417894176329730
1237412521352417284
1237418368661106688
1237417528856461312
1237417848655536128
1237418149877886981
1237411451440001025
1237411497573265408
1237411695221452807
1237418481974304769
1237411485250396160
1237411917079162883
1237418519060516865
1237412697689423873
1237417496208191489
1237417516579860480
1237411867544276993
1237418074510200832
1237417839620788226
1237412274240778240
1237417852514103296
1237412895262154752
1237417894105026564
1237412035153051650
1237418494544752641
1237412198617661440
1237412224064466944
1237411863194783744
1237418057972224000
1237417788970393601
1237418347752558592
1237412035400536064
1237417990456573958
