1236056340176363520
1236054758840033287
1236057066147639296
1236061853232574465
1236061582041456643
1236056452923625472
1236063436494311424
1236050194250248193
1236056674776973312
1236055940736192512
1236061548981841920
1236055652788776962
1236062892082040835
1236061545085497349
1236053673580605440
1236049947323183110
1236051171472822280
1236051218729967619
1236056507504001024
1236062118589411335
1236051297545015296
1236062380506984451
1236062376212008960
1236051431783792641
1236063075356282880
1236061375090307075
1236050395866238976
1236051058406932484
1236062002625249291
1236057127799701504
1236056108315430913
1236056562587914240
1236051255316922368
1236061665768194049
1236061603080081410
1236051344458502146
1236056808835502083
1236056422900797440
1236050392011755522
1236051029822603264
1236056829584723968
1236055996432355328
1236062812008583171
1236056729638576129
1236055848784236546
1236062959027306497
1236056188166582272
1236056343112486914
1236052595354959872
1236062207034773506
1236056532829327360
1236056826170486784
1236054775495626753
1236050416703438850
1236062115242414086
1236061729433542657
1236054471580381184
1236056192448901122
1236050928660140032
1236061942982356994
1236055945840431104
1236050459116408833
1236059105929773057
1236057170422255621
