1235834445703208962
1235832325067300864
1235832999763005442
1235827569745735681
1235827461016834048
1235833770323795968
1235827970243059716
1235827987380989958
1235833887344873473
1235833761469612032
1235827324420947968
1235827475428433929
1235834087627055104
1235833678258786304
1235828223016980481
1235826921503461377
1235828098009985024
1235832913976934401
1235833113915191298
1235827504847314944
1235828157803974656
1235827395040399360
1235827261808373766
1235833857221394435
1235827799631380482
1235827016995237890
1235834014314844160
1235834309954506752
1235827125929644032
1235833679017992198
1235827135983439873
1235834096124747776
1235827243827359747
1235827638041595905
1235827858741706754
1235833808122863619
1235826800237801474
1235827785081348096
1235826974267805698
1235832974366486529
