1235604038739275776
1235604168598884354
1235609609798209540
1235609076668796929
1235609038110355456
1235609007974281216
1235603849450266625
1235608946875994114
1235598027773169665
1235609587199418368
1235603145985863680
1235604180557066243
1235597264959266819
1235610032328380417
1235604218075021312
1235603988709609472
1235608954346053632
1235598077807022082
1235603760564428801
1235603661675474945
1235603379612569600
1235598463603077120
1235597167294808066
1235603787676598273
1235598082320056320
1235609847338397701
1235603318338187265
1235609139260166144
1235604042023424001
1235609412028387329
1235609126274768896
1235609520434343936
1235603686409240578
1235597521579319297
1235608883906965513
1235609570044592128
1235609097875095552
1235598450416328704
1235608795344068609
1235609378251616258
1235609642320842752
1235597093265424386
1235597244696494080
1235603778079821824
1235597364540223489
1235597784256049152
1235598065240694791
1235608959328882694
1235603300285702145
1235598312549605377
1235597198076731397
1235609730262818816
1235608925724164097
1235603262763667458
1235602852099301376
1235609360467931136
