1235074778794299392
1235072465950343168
1235075220760719364
1235075247625256960
1235074672590454788
1235067798008692738
1235069929491070978
1235068714371993600
1235082185813581824
1235078031565156354
1235078184120356866
1235068853090013185
1235069956603043840
1235071979272601600
1235082270312038404
1235078296863293440
1235080591445331969
1235075395147333632
1235072093957451776
1235075753231843328
1235074166358831104
1235077535274164225
1235077738773377024
1235070204796760064
1235069880686104576
1235073901845024768
1235068414130917376
1235071270649311233
1235071679778324480
1235067482337091584
1235071810137292801
1235078331462111232
1235078031896539144
1235069906049052672
1235076073492185089
1235081468541468672
1235072042916962304
1235070618162180097
1235071835110125568
1235070930142912512
1235081216136798213
1235074473113640961
1235077423106068480
1235073761482641408
1235071577944817674
1235078218073247746
1235074646061371393
1235071986180567040
1235082392190062592
1235072814870196225
1235080776485502976
1235070220785475585
1235076071109709825
1235072651283984385
1235072034377314304
1235071524324818944
1235070402155683841
1235071723009200128
1235073311027027968
1235071100859473920
1235069642177011712
1235074343425601536
1235080284078346240
1235078571674103813
1235079894339596294
1235078726435528704
1235076965637341189
1235073322607468544
1235074114093813762
1235078084597936128
1235072741994160128
1235072412703571970
1235075341862895616
1235081400862117888
1235078531572314113
1235072169933230080
1235073027399770112
1235078142865203201
1235079066669047808
1235076601034887169
1235077892649840640
1235072640114511872
1235080243569766401
1235078096245514240
1235078663416303617
1235075130620968960
1235069023924006912
1235069116853055488
1235067452700020738
1235074311477743616
1235075992814678016
1235076939578298368
1235070313215356928
1235080800279748608
1235068035502944257
1235078005971546112
1235079202669342720
1235069768765333505
1235072845484396545
1235075524491390976
1235069255546101761
1235067772222058497
1235078749818773504
1235067864647794690
1235072231383781376
1235073772253671425
1235069948885491712
1235075617290219525
1235070050433822720
1235079873254707201
1235077598180331520
1235080656490622976
1235079570920890369
1235080152318533632
