1236633798814715906
1236622968815575041
1236622805002670080
1236628041469698048
1236634990730870784
1236622952919154690
1236623123702665218
1236623032908566529
1236634570285596672
1236634186141913088
1236633951487197184
1236629320036057089
1236629314965209088
1236628685106667522
1236628015406333952
1236628115834748934
1236623227276783616
1236633812290940930
1236629244765253633
1236629209910517761
1236634760086204420
1236634570860253186
1236623117184839680
1236628731558412290
1236623496924426246
1236634314038706176
1236629177148657664
1236634411120164865
1236623435343761409
1236634315292696576
1236628446366912513
1236629058663911424
1236628267517566976
1236633970357354498
1236634949635235840
1236629126041096193
1236634671699636225
1236635133605826566
1236628773564551168
1236634415419318273
1236622798233141248
1236628853751250945
1236628882842935304
1236635077506981888
1236628828081930240
1236628509575036930
1236634763613569025
1236628288556187651
