1238653204340105217
1238647638850928647
1238659907433287680
1238647621847330816
1238660074630836227
1238648133472698368
1238659797852893184
1238659793851691008
1238658619542892544
1238648129550942209
1238648393746038786
1238653833728921600
1238653313555587074
1238653897066995712
1238648230331797506
1238653506485202950
1238647894716092416
1238654101740609536
1238648477669883904
1238647634702860295
1238648016090935296
1238659106178764801
1238653716040953857
1238658909000413185
1238653707681701889
1238653200636481541
1238647127150075905
1238654148108836865
1238648368827678720
1238653066435416065
1238647978744860673
1238648112589176833
1238648116892614663
1238647504452943872
1238648385277546497
1238653091215482880
1238652961326333954
1238659810977026048
1238654211103080449
1238659114466553856
1238647965734100992
1238647764663369728
1238659558991638528
1238648582657302530
1238653955258880000
1238653431210037251
1238659026319101957
1238653385173131265
1238659181722439685
1238658937978793984
1238659621872521216
1238648326645571585
1238659580126564354
