1240009252497997824
1240009776068771843
1240014759543443456
1240019964544847872
1240009160382701568
1240010024149086209
1240015430430973952
1240014923129896960
1240015237547524096
1240015514392391680
1240014834831327232
1240014646167265280
1240009067872935936
1240020052885168128
1240009747136499713
1240015401272193030
1240015464044138502
1240008975489384454
1240019972878934016
1240019897226334218
1240009667809628160
1240014780469071875
1240009189562302464
1240010018549911559
1240015480854843392
1240009025724571654
1240008845570826240
1240015090436505601
1240014964087234562
1240008996519653376
1240009482916319246
1240015350743343111
