1237902466051534848
1237896279687974913
1237902650244554752
1237902579125768192
1237891107733700608
1237896225623425026
1237902202053611520
1237896485200465920
1237891364110479368
1237902696671256576
1237902462264238080
1237897248949915648
1237897156104556544
1237891153933959169
1237896766445379585
1237902101281296384
1237891326265266180
1237896422088794112
1237897164983943173
1237895968999084032
1237902755299287041
1237902819006521344
1237897123233796096
1237902730301190145
1237896300785364992
1237896778424274945
1237902797753942016
1237891250625249286
1237896582361579520
1237891192223707136
1237896397086588929
1237901623067848705
1237896237761941504
1237895813814198272
1237902546255204354
1237895860421181441
1237891112351592450
1237902881598189568
1237901832623722496
1237901811866046470
1237896208028332032
