1234377260532002816
1234378074646511616
1234376977894670338
1234377506175713280
1234383282588078080
1234377503528996864
1234382717099266048
1234383114304196608
1234378061610569729
1234377264319488000
1234383378612252673
1234378039984869382
1234377604083396608
1234385079868284928
1234377084627275776
1234377511070511104
1234383499928444928
1234377117489647616
1234377686929362944
1234383247959707648
1234383623081644034
1234378185510473728
1234382645578125313
1234383164392509445
1234377489461309440
1234383034327003136
1234383484262608897
1234377627969957889
1234383611312259072
1234377333823299585
