1235468456494903297
1235464973184143360
1235468788897918976
1235467628577095680
1235467882345070592
1235462578672791552
1235462804301201409
1235469203760701440
1235461785475575809
1235474713008275456
1235468283022692358
1235469134558687234
1235468688247132160
1235474144772395008
1235462108667457536
1235468488208080899
1235474988339167233
1235474457629560832
1235468570664079360
1235462670569967616
1235468404733046785
1235469225587851265
1235469069710544897
1235467979057438720
1235462346925133824
1235461730383187968
1235467848698318849
1235462660876939265
1235462314779758597
1235474771271270401
1235468437045968896
1235474546624356352
1235468471384719360
1235468386764808193
1235475086410493954
1235474343053926405
1235462417783586816
1235474159901143040
1235474622952271872
1235468271253483521
1235461605292302336
1235462481264275457
1235474446888157185
1235462117873946624
1235462580526698496
1235468240546967552
1235461783168655362
1235468390480797699
1235473966455717888
1235462989244817408
1235474747837812738
1235462461655900161
1235473981039243264
1235468409430818817
1235462986388492288
