1240098574156869633
1240104886882177025
1240105117648592897
1240104001783332865
1240109668258713602
1240109689309818880
1240110490673655810
1240099371074686983
1240099475689033730
1240109705936228352
1240109768917659648
1240110426714550274
1240103867397943296
1240099308508233728
1240104689422798854
1240099501488013312
1240110184334348290
1240109903156514822
1240103838222364673
1240098683233939458
1240098226071617537
1240103951246053376
1240098226071457792
1240109794066755584
1240110523951316993
1240110565642702848
1240098918224011265
1240109756381044739
1240109982814699520
1240110104457940992
1240110041656672258
1240103817271623680
1240104383603527682
1240109810844082178
1240098347815440385
1240109773254807555
1240104165256372225
1240098226285555712
1240109601145618436
1240110267977039874
1240110225983557632
1240099047907696640
1240099102609694721
1240110339016056840
1240098892894687233
1240110373195440128
1240098230261538816
1240098842625937408
