1240284843277193222
1240289947762020352
1240278816020447232
1240290346334117893
1240278677780234240
1240284667145637898
1240284583234392064
1240290492929228806
1240278472163016704
1240285031605641218
1240279026016665600
1240284948118024193
1240290023364149248
1240285179106725889
1240278531076231169
1240285103479111681
1240285220915621888
1240279365436329986
1240279655137054720
1240290534960267264
1240284872901447680
1240279332116779009
1240284554180440066
1240284767762780161
1240290153379196934
1240278493180694533
1240279180975079426
1240278770252009478
1240279675902906368
1240290010491994114
1240285027931500544
1240284042328780801
1240285212577333249
1240284449130110980
1240290316814553089
1240279520818671623
1240279076054720512
1240284407124107265
1240279470617120771
1240284910490959874
1240278522062680064
1240278610738581505
1240290224606867456
1240279495426400256
1240284285405474818
1240284754970370051
1240284352434434053
