1239681027225894912
1239681253873315840
1239681031386435584
1239687371899187200
1239675675109470215
1239676296067612673
1239681123304779776
1239682004179959808
1239676249816985601
1239681370206674947
1239686924438327297
1239681199095848961
1239680611624812544
1239675318820052993
1239687532465606657
1239675482108461058
1239687540535427073
1239676002403381248
1239686819593289729
1239675494787960834
1239675394174877706
1239681824059785216
1239687230584750086
1239687469509087233
1239687649989922816
1239681337545523203
1239675373237030913
1239681974824026112
1239674962056798209
1239675960410157056
1239681018623393792
1239680804818747393
1239680700032270339
1239681400497938433
1239676170234290178
1239675784173887489
1239680674585600000
1239687562047840256
1239681776995442688
1239676178539196423
1239687188557762563
1239681157043806209
1239687620495577088
1239687041593606145
1239680611922653189
1239675473925267458
1239686890653089794
1239675042130165767
1239686718975963136
1239686349927714816
