1235253563653120000
1235260513908658176
1235253194097184768
1235252447385399300
1235254551432687618
1235254941649903616
1235258784798388224
1235260297453203456
1235253621933117440
1235249218220154880
1235260634067070977
1235253663678922752
1235259421321834496
1235251604091215872
1235253161373380609
1235260390495473665
1235250830288113664
1235252834603499520
1235249376093597696
1235259421984518152
1235249098795577345
1235251018637750273
1235255392084652032
1235263167317422080
1235254675294715904
1235251445760434177
1235254899639631872
1235254663370305537
1235251164276502530
1235259570014105605
1235263250608066560
1235251487657193472
1235259635206107139
1235255573106421760
1235263645522616320
1235263007808077825
1235255773455884288
1235260445323333634
1235248650189541376
1235249831330885632
1235249428849713152
1235259920972500993
1235262656581263361
1235260418597191681
1235254578028797952
1235251320077955073
1235250205991129088
1235257876970639362
1235249647683276801
1235263596805922816
1235249905473470464
1235259627597639682
1235262250547466240
1235259517908275200
1235248755609305089
1235254384214364162
1235254221462581248
1235260769023012869
1235251104872529926
1235262568643670016
1235257574934667265
1235260836588986368
1235255352523780096
1235253740795506688
1235252426929844224
1235250025774501888
1235248929496846337
1235262278645080070
1235255905777672192
1235263368451239938
1235262053645983744
1235262975537278981
1235262330516144128
1235258738937823233
1235259777405448192
1235253660013285376
1235259982641164288
1235262997112795139
1235253019794644995
1235249989804322816
1235254878592741377
1235255042829176837
1235256203523084289
1235254515139588098
1235257516482650112
1235251099923169286
1235256380497580033
1235253171041206275
1235256105766354945
1235257834931015680
1235254591081664513
1235260237990379520
1235249545061298176
1235253023149936640
1235261771637608448
1235253318403977218
1235255421444780042
1235256304727478279
1235255339991343105
1235261135651106817
1235248886974943232
1235253526357348354
1235259656706154502
1235260605227032576
1235261638921551889
1235251718675456002
1235259840789794816
1235255375340982272
1235249240596676608
1235251257314627584
1235254739106844672
1235253319679053828
1235259099937492995
1235259585369272320
1235261270758002688
1235253281112252416
1235249184074272769
1235253854159155200
1235259465525428224
1235253941434114048
1235261580633239553
1235261702113030146
1235248965576200192
1235254326345359361
1235258904805703680
1235251310007447552
1235259656748097536
1235253003390722051
1235250489006182404
1235249576056999936
1235259851309109248
1235253466056085509
1235250017239207938
1235261491076403200
1235260441519173633
1235257118657318915
1235261924037865473
1235252743566024704
1235253460808929285
1235259715048951809
1235253366101508097
1235260822122717186
1235252013643882496
1235258191669334019
1235257434634981376
1235261521493716997
1235254618726125569
1235258216549953536
1235260944776695808
1235255743449714688
1235260868251746304
1235258473119723520
1235253734554255362
1235259909903536128
1235259001321000961
1235251890780360706
1235259506054975488
1235261233718157312
1235262336862162944
1235254924163846146
1235258780264402944
1235257195064938498
1235249064549191680
1235250387067817987
1235259571343699970
1235253453653331968
1235260121489559552
1235252632631103488
1235253667403567105
1235258343138168832
1235252863833649153
1235251950536593408
1235253939135746049
1235255339806846980
1235260899281252356
1235250951847587840
1235255597223858176
1235249468334841856
1235258441817612289
1235257250312159238
1235251584990433290
1235259423456665601
1235253360326053888
1235260624948482048
1235256432146223104
1235258379402186753
1235254995743846400
1235249981008867329
1235252249653198848
1235253419138568193
1235256888843005952
1235250841491140608
1235249029837197314
1235252917667598338
1235258888598876160
1235260961847758848
1235261094178033666
1235252839267684355
1235254202462437376
1235252612078989320
1235254066118160385
1235263578468265988
1235262095349993472
1235254249186971648
1235256314433015808
1235252310663737345
1235253928574570496
1235248967836930050
1235250610976542720
1235256777916272640
1235261601961463812
