1236080164573937667
1236091223208800258
1236090807704326145
1236086071898845186
1236084836328181763
1236084969102905345
1236086131747364871
1236079333862600704
1236079177138233347
1236079492826836998
1236085317846917120
1236090666150752259
1236085863391596547
1236085423308324865
1236082666287640576
1236080239438110720
1236086106338148353
1236091425672114178
1236085348008169474
1236090632835395584
1236084928351174656
1236091383129104384
1236085816423616512
1236085506376495104
1236080092171907072
1236091987020955648
1236084899192483846
1236085695787102208
1236079181219282944
1236092004498575360
1236079731331584000
1236080103895044097
1236085306614525952
1236079354804940812
1236080109620088832
1236080470540066817
1236091426162626562
1236091622216986625
1236080486415503361
1236090843703975938
1236080252008501248
1236085175420948480
1236079140908003329
1236084716219990017
1236091996621737985
1236084041008504832
1236079848210206720
1236080297399078912
1236091562825834496
1236079627048714241
1236091601790865414
1236079467421790208
1236080473442594817
1236085867489476608
1236079298580185090
1236080107996889089
1236085938188513280
