1235456322113429504
1235455833963737088
1235455552345366529
1235449412916105216
1235449398353637378
1235450359293726722
1235456042789531649
1235449751585382401
1235456183227445250
1235450875885150208
1235456250575372288
1235450498595147776
1235455528043569153
1235455804053925889
1235456090214559746
1235450339328806912
1235450533059706881
1235449431392006144
1235456566175793154
1235450837276729345
1235456727593689088
1235449687437709316
1235450297012625408
1235449777866727426
1235449660602544128
1235449779569586176
1235449491261517824
1235450756943286272
1235450768519462912
1235456464312872962
1235456862088310785
1235449768270114817
1235456622308347904
1235455509949366272
1235456797504344069
1235456272654159872
1235449713106636802
1235455521819262976
1235449748016050176
1235449596882505728
