1236801105796841472
1236789614108647425
1236789029854535682
1236795510595424256
1236800673523662856
1236794133999730689
1236800556754231297
1236788862757883904
1236795460880404481
1236788828846817289
1236795514886279172
1236789538586079235
1236794939452854272
1236799872059113472
1236795119401041922
1236800128683577345
1236794960248102912
1236800194735419398
1236801018815492098
1236794764160372743
1236788845502500864
1236789273019334657
1236800908782157825
1236800330270040064
1236800694062960641
1236800161013043200
1236794781516398593
1236789098758770688
1236800720289935360
1236789202379046917
1236800426810449925
1236800132257103875
1236794872771870721
1236800007124246529
1236799985406050304
1236789591539154946
1236800693815705602
1236799872189239298
1236794210235400192
1236801206040907776
1236800103844700160
1236788984220712965
1236800686991392768
1236801026440585216
1236800992370462720
1236789315692347401
1236799902161780736
1236789357996105728
