1236350275943895042
1236345054215786498
1236338620610441217
1236345346474860544
1236350109039935488
1236344656255909890
1236344869590892545
1236349958078394368
1236338427492212737
1236345217877454849
1236350113091592192
1236350732921692160
1236338431636254720
1236344085390266368
1236338972374130688
1236345277436563456
1236338577958678530
1236350474380550148
1236344970556178432
1236344102331060226
1236340513235775488
1236349785172512770
1236349701592682501
1236349747285372934
1236350566651121664
1236339408326008832
1236344883490799617
1236350272835739648
1236350050529230849
1236338322311729153
1236338999054270469
1236350612150710272
1236339404467310592
1236345251314483202
1236338931827986437
1236338335792037888
1236338453136236548
1236339496628690944
1236339073905758208
1236350637966626816
1236344085205659649
1236350439320412161
1236339149424082945
1236336034146693121
1236349819729387527
1236338376934150148
1236350461277593602
1236344294669238273
1236342952114262017
1236339194659606528
1236338515220107264
1236350574439870466
1236345105897799681
1236338416226201600
1236338280326627328
