1238718913191477248
1238718807889162240
1238717981611503616
1238712562713112576
1238712591918043136
1238718170736652288
1238712113910120448
1238712260824125441
1238710330747949056
1238712801767469056
1238712407066685442
1238712336174559232
1238718451536941056
1238712222697865216
1238712134579548161
1238718510286635015
1238710117001875457
1238712231182958594
1238717881015095297
1238718992220475392
1238710020625203200
1238712760013332482
1238718493853388800
1238712348682137600
1238718082530660354
1238712168033353729
1238713225362825217
1238718703102902272
1238710277006405632
1238718409359196160
1238712181136351234
1238712730158133248
1238712168666877952
1238710084299108353
1238718941842694144
1238712374002999298
1238712324015312896
1238718434432540672
1238712323558084608
