1236646226789126144
1236640035182698502
1236652236945739778
1236652296890503169
1236646939699163137
1236651255042211840
1236651465625595904
1236651787375034369
1236640643369308164
1236651725127286791
1236652082855170048
1236640535063826432
1236646562203222016
1236640946491543553
1236646805301014533
1236641009783758848
1236645719995547648
1236645942536871938
1236651511893168130
1236640548108132355
1236651458067681285
1236639678733979649
1236646109298262017
1236652534984593408
1236641017035513857
1236646009507393539
1236645581046476801
1236641085058732032
1236640724394926083
1236652598305972225
1236646251984125952
1236646407093866496
1236639855037251584
1236645966754742272
1236645426738139136
1236646347698249728
1236652628148273152
1236651905427931136
1236652395872030725
1236652577149747200
1236652099888349184
1236641022161162240
1236639670445969408
1236651800310284288
1236646784446808064
1236645882524659712
1236646864537235456
1236646293298188290
1236652354717564933
1236651641647943681
1236652295464669185
1236651850335649792
1236646641643343874
1236651774909526017
1236645849318543361
1236651281923674116
1236640254804873217
1236640525916274688
