1236542304468578305
1236542278430109697
1236541696403365889
1236536688156999680
1236541019015073792
1236536132193652736
1236541058193883136
1236535858787799040
1236541406296014848
1236541769522638849
1236545710608154624
1236535416326475777
1236536504320536576
1236547190836744192
1236536238561046529
1236541920416952322
1236546810098978818
1236542057709056000
1236541098492719104
1236541620570468352
1236542049442242561
1236535494068129793
1236541416068788224
1236535475378089985
1236535861518336000
1236536222534766592
1236541312524070912
1236538978687283200
1236546966118678528
1236541083917656069
1236535795873275905
1236536580552019969
1236541915589267457
1236545820389867520
1236542170976473088
1236536390449532928
1236536524629565445
1236546974226116615
1236535794476544000
1236535758250360832
1236535983836807180
