1238458135607537664
1238451609585287168
1238457485649948678
1238463848358785024
1238463187793707010
1238452582424641537
1238463575926222849
1238452577878106112
1238463320027320320
1238463223491420161
1238457892732362755
1238451781476265984
1238463424897654790
1238458324410142720
1238457750163795968
1238452855251623938
1238452431723220993
1238463043190820864
1238464205151444994
1238451878083559424
1238451672302727170
1238451777512648704
1238457666114068482
1238452729372119040
1238451747997302784
1238457947015045121
1238463357621096449
1238452473720954882
1238463043337465856
1238463559132164096
1238452083428167681
1238452729170866177
1238458450545426433
1238451643013902344
1238458110458490880
1238458005563133953
1238451769006387202
1238463919628464131
1238451768859787267
1238463496246960132
1238464217533091843
1238458484074700803
1238452565844668416
1238452423225737217
1238457532185604096
1238463273843994627
1238457314165895168
1238457997380046849
1238463160794955777
1238464045855858691
1238463563280375809
1238452775639531522
1238458316608671744
