1234038406415634432
1234032776799670272
1234026369023201281
1234037955590680581
1234032128800591872
1234038356054609920
1234027088233029641
1234036928078479362
1234027994521333762
1234029281635790853
1234032669257818114
1234039343116718080
1234026040680255488
1234039329242173440
1234032414361636866
1234039195976556545
1234038261342986240
1234028223077343233
1234026104479838211
1234036657633951744
1234026065116270592
1234038204728168448
1234035371933097984
1234029013531684864
1234032593840082944
1234034169333850112
1234028799223721987
1234031764621778944
1234031070724546562
1234029167882096645
1234040648631824384
1234035902957137920
1234032657392177153
1234037710114787330
1234038186688405504
1234033549386211328
1234037133087772672
1234034340172115968
1234032525149794306
1234034215227985921
1234030030281302017
1234033311619543041
1234031310735175681
1234029160382836741
1234039992122564608
1234030084639641601
1234032568468680709
1234029229953757184
1234028883449729024
1234038122121396226
1234040604973248513
1234026122704117760
1234037577973239808
1234026473515823105
1234028054910918657
1234028216852967425
1234031267752140800
1234034660813897729
1234033569460359177
1234031908679487488
1234029496082190336
1234035688921759744
1234038355010211840
1234031013917077504
1234032051206139904
1234032333021298688
1234028348734570496
1234036303886503947
1234032468245639168
1234031041855328256
1234030955754639365
1234034087238807553
1234037286204923906
1234032947327635456
1234040498802720769
1234038473738186752
1234035452027359232
1234025580758089729
1234032773398028289
1234038547688153088
1234029895379906560
1234029609265446912
1234031850739421185
1234025847222202369
1234038338023231489
1234035811261218816
1234027064778354689
1234038903474196480
1234027345226407936
1234026086490443776
1234039858055778304
1234028278404378626
1234030519979069440
1234039622096674816
1234026128307703808
1234038293890617344
1234033736993341443
1234029816988352513
1234032072064425984
