1235840297860358145
1235847835913863173
1235845712153210880
1235851146377351170
1235845753685151750
1235852257876271105
1235845647812587522
1235837520555851776
1235852300595298309
1235846031809449985
1235852404249120774
1235846176169066496
1235840376092504065
1235851374274809856
1235851806229458944
1235839706589347841
1235846510476066817
1235840385668136960
1235839786335662082
1235845638287323137
1235839208461230080
1235851687752921089
1235845293305761795
1235846348139679745
1235839223153831936
1235846596354428936
1235851167017529351
1235852534494851074
1235846129834582017
1235846466049937415
1235851254657499139
1235846415944843264
1235840157955133440
1235851507909554176
1235840639914225666
1235851171371175936
1235846314346176512
1235840557349363712
1235840069698613248
1235852375069323268
1235846338975129602
1235846443878895618
1235839406700806145
1235852397068447751
1235846076365590528
1235851731054915584
1235846150818652160
1235851281169674243
1235845229871128577
1235851655838457867
1235839050486910978
1235839564947709952
1235851563635052544
1235852100862541825
1235840132395053061
1235852453460889602
1235839816261963777
