1234651479560130560
1234657949538123776
1234651571306106880
1234657947554238466
1234657711100432385
1234658119025905664
1234646379777200129
1234657778246963207
1234658252295753730
1234657142298169344
1234646772015943680
1234646726088253440
1234645808911249409
1234646437276852225
1234658201800298496
1234645908719128578
1234646394536779776
1234651686356111361
1234657212867522560
1234658228958416899
1234651501198528512
1234658016605003776
1234658043394019331
1234658395661033473
1234645447320334336
1234645912753930241
1234646078160560128
1234657820143968257
1234651719071608834
1234657379171483656
1234646630613143552
1234657443486941186
1234657741689352197
1234646807365373952
1234645749125615616
1234645799755223040
1234652582171332608
1234651295245459456
1234646730362089474
1234652010928132096
1234651961414373377
1234651634770141185
1234645678166405120
1234652536579280896
1234657115911835649
1234646688205299714
1234657397408440323
1234646593250439168
1234657032248020992
1234657920631136257
1234652121074667520
1234651786167934979
1234658157542010881
