1236658365755011072
1236657794721480710
1236663659180392448
1236658067191840771
1236657463543443456
1236664450230317062
1236663166563565568
1236657542249537537
1236664208370077698
1236657530211667968
1236664644359483392
1236657718968094721
1236658666801160192
1236658570235699200
1236658625784893440
1236658708425441280
1236663650464731136
1236664416801824769
1236657651506753538
1236657634884956160
1236663398391144449
1236658511230185474
1236663959626924034
1236657861079359490
1236663763220058124
1236658532335988738
1236664363227938816
1236663812855435264
1236663699869491200
1236664409310793728
1236663582441553930
1236658567060611072
1236657962514444291
1236663121235906560
1236657976074629121
1236658415860174848
1236663200919089152
1236657533898706945
1236658074846466049
1236663125417451520
