1235029526184222725
1235037091605684225
1235031180308705280
1235036108871716865
1235025406849216514
1235031699819380739
1235029070565371904
1235037161251987456
1235034715788365825
1235026620538212353
1235032899654688768
1235031142669008896
1235026089971290114
1235024041280331778
1235035661708689408
1235026807369302016
1235025862124171266
1235034304410824704
1235031649424789506
1235032941933158400
1235026779368116224
1235036992884183040
1235027304406867970
1235024532433321984
1235022789041504256
1235031638733664257
1235029131940642816
1235023614463758344
1235034165768314881
1235025724928450560
1235022538171805703
1235033956040339457
1235025484620034049
1235035144928604160
1235033306141360130
1235034612130287617
1235022960538181635
1235036237649637379
1235031756203421701
1235034244893691904
1235031645993848841
1235036294150893568
1235025304025849857
1235035148611182594
1235024681645662208
1235028170073489408
1235030355209404416
1235033992195260418
1235032818322935808
1235027957896241152
1235024014411624453
1235025767118983168
1235035037864583169
1235036549009403905
1235030983415443457
1235023998141886465
1235032754229637120
1235026364228448262
1235027260949716992
1235030815643275265
1235029968251285506
1235029075858583552
1235031337049812993
1235032369465352192
1235030642720571393
1235031647541747712
1235031849744785409
1235032561660964867
1235029973150253057
1235026149744377856
1235036594631041025
1235029462808285185
1235031911099138048
1235036222617202688
1235031809232187392
1235029897803730944
1235028363200225280
1235028046240833537
1235026710526976000
1235035799860604929
1235029934759768065
1235033104126894082
1235027907010912256
1235033811789860864
1235024321262673927
1235024935984099328
1235033972234539008
1235033254475882496
1235035055229202437
1235034366037942273
1235031546114928640
1235033181474045952
1235029093625647110
1235028990831677440
1235036563190493184
1235031658170068992
1235035075324137473
1235031647424311300
1235022197388795904
1235025695023091712
1235035798636048384
1235026926248419328
1235037202603593728
1235027479368044545
1235027582539534339
1235029276153372672
1235034208885706752
1235029550439919618
1235024686532026368
1235033573314318337
1235031244657676288
1235032234664415233
1235030035993526273
1235030827748057089
1235032562134904832
1235035950746656768
1235034215495933952
1235033840009097217
1235026518322999296
1235034742426423297
1235025889169031170
1235025349471129600
1235027070582788096
1235030457307168773
1235027588638060545
1235034235968290816
1235031667275780096
1235031436224352257
1235033123018223616
1235034910894612480
1235035593152880640
1235027885552885761
1235034213130399745
1235025257653628933
1235034610859487233
1235034198076829696
1235022258050961409
1235028520427851778
1235036736981528577
1235032758898089984
1235024714247987201
1235024628021473280
1235036256653864960
1235031834737573890
1235025463405195265
1235031371879350272
1235029956213624834
1235033484311306245
1235027607206285313
1235031808456052736
1235037211642327040
1235026421979860992
1235037043274551296
1235025408719867904
1235030219628503041
1235026891389558784
1235028331663208448
1235029906334994433
1235024713065172993
1235024717913849856
1235027123615576065
1235023263358574593
1235030531999281152
1235024863556816896
1235025531852095490
1235034896130699264
1235031419857956866
