1235863574242680833
1235857782596718593
1235863511281983495
1235858461528707072
1235863422253666306
1235858281479811072
1235858868275568647
1235863751720460288
1235857608596021248
1235864733099548677
1235858700612431872
1235864895574310916
1235864690632224768
1235857361232785408
1235864466224320513
1235863703024570375
1235864154742730765
1235857870408658945
1235858525529624577
1235863629351677952
1235863441090342919
1235858365302976513
1235865042941181957
1235858472102592518
1235864269721178113
1235863636674920449
1235858376317267968
1235858070929997825
1235858678978187266
1235864387358879745
1235858769222852609
1235858862512590854
1235857765840482306
1235864928801542145
1235863721328574467
1235859076082315264
1235858328200208385
1235863726802137088
1235864933046222849
1235858517791092736
1235858461797134338
1235864011855417346
