1234305654904381440
1234299638779404290
1234310487493484544
1234300171841949697
1234300274052882433
1234310940616728576
1234311401805471744
1234310558557581314
1234299462371008512
1234300083862040577
1234305759980081153
1234310905275482112
1234305036752015362
1234305805727322112
1234310944618094593
1234305087729618944
1234304731775815681
1234300257686540288
1234310900439449601
1234311371359215616
1234310309906530304
1234305719068962817
1234310258987806725
1234305469092491264
1234304714604449793
1234310980739510274
1234299681619857408
1234311241499209728
1234310289782386694
1234304774679470080
1234310226708484098
1234310763403190274
1234299634886905856
1234311027254185984
1234310779651776512
1234299527860903936
1234299590758715392
1234299527428853760
1234299166639165440
1234299418532368385
1234300356735012864
1234311074205315072
1234305346203766785
1234305692384796674
1234299993009348608
1234311389335998477
