1235743641139732480
1235743927199838209
1235737674323038215
1235732620928933888
1235737620480536577
1235738125856620545
1235743047666688000
1235732419170328579
1235737259824918531
1235734141779562498
1235738407558615041
1235734556168208384
1235732070330220546
1235744324572200961
1235738111528669184
1235743461875290112
1235732409380978689
1235737956146720768
1235743844437811200
1235743907788361728
1235732582026874880
1235737924215463937
1235732532462641152
1235743946128519168
1235737804673634305
1235737678202601472
1235732695415754754
1235743340186013696
1235743034807070725
1235732085777854464
1235738260162269184
1235743949245079553
1235743856399806465
1235737891176714242
1235738496041537538
1235731848229261317
1235737976648462336
1235744108125315075
1235738470208991232
1235743449640390657
1235743449544118272
1235738725985878016
1235737309255012353
1235738328005103616
1235743969893466112
1235732187296776192
1235738395470594049
1235737656480456704
1235743570763681792
1235744024817885184
1235732464884211712
