1238918502796398595
1238919341426585600
1238929852352417793
1238917860983857153
1238924609824657410
1238919048324354053
1238923955194470400
1238918968318087170
1238918477634842625
1238918590461612032
1238918662096109569
1238918532357742592
1238924081052954625
1238930003796033538
1238924244614025216
1238918523709280263
1238923707931930625
1238924210812182528
1238929898489688064
1238929693044289539
1238918804773765120
1238924869498277891
1238930301121937411
1238918800629583872
1238918868011233281
1238918964295630860
1238919194617491461
1238918074776129536
1238925100503662595
1238917932303990790
1238930418524700677
1238930016018317313
1238918343484002304
1238923926060793862
1238923606924517377
1238918586313379846
1238930347389304832
1238924383097368586
1238930066614214659
1238929714133250053
1238918414380470272
1238929797885067264
1238918401969528833
1238924245058666509
1238923871564132352
1238924341405986817
1238924785813540866
1238918863762440194
1238918825522925568
1238923695357394949
1238925091767029766
1238918100118011905
1238929617299308547
1238929445940936705
1238929688682209282
