1239437992617361408
1239443193508192256
1239443592424247296
1239438168509665280
1239443478536499201
1239432271255527425
1239443675576504321
1239443201942937601
1239437455557722112
1239432486024818690
1239437590144716800
1239438055229911040
1239438327796793344
1239437845540089856
1239432258697617408
1239443814512594946
1239431927817355264
1239432174840889345
1239437342164705280
1239438227439681536
1239437405242957824
1239438382381465600
1239443063451287557
1239432515292553216
1239438407547453442
1239432238279708673
1239437665617039361
1239431973874970629
1239437397554847744
1239444007601590274
1239437242931613696
1239432347503779840
1239432460372328448
1239432053340254208
1239443738688196608
1239443286294589440
1239444133137219592
1239432787347685377
1239437522884644864
1239438538396938241
1239444095094919169
1239443588032761856
1239437543621316609
1239443445552279552
1239432040660881409
1239443243844001792
1239442967108059137
1239431629480722432
1239431952584912900
