1237842306960506880
1237830768619073543
1237842940698877957
1237843297189552135
1237843150871203840
1237831196714950658
1237831649196421127
1237837853218025472
1237843498482552833
1237843024589107202
1237842688663117827
1237837852546867201
1237836347001524224
1237837148289667072
1237830806128734214
1237843120848437248
1237842495846805505
1237843296971448320
1237837605431017478
1237831423203082241
1237842303076589573
1237843163479289866
1237842285963796481
1237830697647321088
1237836766960160768
1237831213517242369
1237843221385850880
1237836837928022016
1237842974114844679
1237831699788189696
1237836481693130757
1237836494213013504
1237836838024499210
1237831486142738432
1237836943217643522
1237836661972762625
1237842706006601733
1237842844754120708
1237837836029575168
1237830676541575169
1237842194687377411
1237837261871304704
1237836572571193344
1237831343175806976
1237842890316902402
1237842408034852866
1237831423224090625
1237831435656073217
1237836838057934849
1237831871821680640
1237831608125640704
1237837135710957569
1237842613257920513
1237831323047333888
1237831872002097158
1237843133972414466
