1238936613503279105
1238936554816454656
1238947099464601601
1238935237847060483
1238941537951780864
1238947728572338176
1238936353456508928
1238947648800948225
1238946864369668097
1238936619220004864
1238942217487757314
1238935644778487808
1238947464390074368
1238941185328152583
1238936366362382343
1238947766296068096
1238946680193589248
1238947032229953540
1238947162450546690
1238935359553142785
1238941017652559872
1238946801622843392
1238946902240120838
1238942137460367361
1238941583875002368
1238947288069869569
1238946730227511296
1238946680461905921
1238935610381021184
1238941692910338050
1238947489614630912
1238941143569702918
1238947108138319872
1238947007001223169
1238935950912376832
1238936299307962380
1238935980247113728
1238946898486190082
1238947023988174848
1238941147919196160
1238935775120478208
1238936273873764359
1238935821123715075
1238941521065529349
1238942028760678400
1238941151958388747
1238935737321521152
1238941885860904960
1238935204246491136
1238941608881664002
1238936240235388928
1238947049061548032
1238941495652241408
