1236247075769266177
1236248069412274176
1236246992277270528
1236253388796334084
1236259332523622400
1236258924728332291
1236252830500966400
1236252777535483909
1236253584519380993
1236253801780326400
1236247866206760960
1236252418561789953
1236253593172414465
1236252863283806209
1236253505658200064
1236252439579369472
1236246924128178177
1236259597242925056
1236259264450023424
1236247052838998016
1236258867396390912
1236254459585613829
1236253412280258560
1236247355852193798
1236247314836185088
1236252445023617027
1236247664427175937
1236253430454329344
1236258854771572738
1236249644058816512
1236253611497316352
1236253086512869380
1236253144096608256
1236252645163065349
1236252428342669314
1236247994942529537
1236258632611708929
1236247567890960384
1236253287399034880
1236252685076217857
1236253156994138112
1236253111485730816
1236252869675933696
1236247647620444161
1236259159752019968
1236253576256765958
1236254057129361408
1236247045813481473
1236258723590369280
1236258227941146625
1236247399791759360
1236258577649557504
1236252667787313152
1236253731395702786
1236260252565344257
