1239693010197250048
1239692213187043328
1239692167058280448
1239692288885788672
1239698324577452039
1239698396111224832
1239698114577149952
1239692909865304069
1239698534192087040
1239692733654147074
1239699025080791040
1239692431601422338
1239693244801441793
1239697825543458817
1239692418951172096
1239692636916678657
1239698718636617734
1239699138117136384
1239698261621030913
1239692326483767296
1239691982647287808
1239698886698192898
1239698680892010497
1239697909064531969
1239692573909884928
1239698039285198849
1239698462771306497
1239693081575927808
1239693123640594435
1239692422969466880
1239698986954604551
1239692016105259010
1239692456842715138
1239698336996884480
1239698936773914624
