1236741302395506691
1236742289214627840
1236736278131073024
1236735473474732032
1236736379347927041
1236741046400401412
1236741285547061248
1236730069659389957
1236742317593198594
1236730070242295808
1236730080463896577
1236736164704522240
1236736177463529478
1236741529995264000
1236735662524469248
1236735025288183814
1236740958450061318
1236736308334039040
1236741563688116226
1236729517625888768
1236735012004925443
1236735943035453440
1236740956109434880
1236741088385339394
1236741957424156681
1236729421744279552
1236742234545979395
1236742163234504704
1236735962966876160
1236729126314225667
1236729468544221190
1236736378626404354
1236741118529847297
1236736326021419008
1236736173902647298
1236729721993519104
1236741114390089729
1236730506466725888
1236736332157902848
1236730083366273024
1236740846155948035
1236729353993703426
1236735871455354880
1236735939734618116
1236735263826743302
1236735510887796736
1236729598244573184
1236741713630281730
1236729835571027968
1236742318465712128
1236729940101349377
1236736271021735936
1236729006189412358
1236730473252036608
1236734929712619522
1236741274960637952
1236735636482281483
1236729550018621446
