1237494008022253570
1237488664814510083
1237487561876045825
1237494033225781251
1237493609970180100
1237488778236788738
1237487863643717632
1237493688143618048
1237493333141983240
1237488651770236931
1237488526561882112
1237493911880376326
1237494272477323265
1237493274773876736
1237494561791979522
1237487507178217476
1237494818168766469
1237494125496172544
1237488824248385536
1237493710839066626
1237494796580794369
1237494855271579649
1237487977175056384
1237493991593185281
1237493391304384513
1237488417027633152
1237488903717703680
1237488547520745474
1237494142936088576
1237487469140082695
1237487867993026561
1237487696165113856
1237493702144208896
1237487969298046976
1237488501521895428
1237488173661421570
1237488123568951300
1237488815620661248
