1241169153769132032
1241180209841352705
1241169833388994560
1241180486396825600
1241180348337315842
1241169229438566403
1241179848946536448
1241180616953155585
1241174539029164033
1241175336253034503
1241180691947233280
1241180629477326848
1241174808014082051
1241174929619537924
1241180620958531585
1241168960973873162
1241179902608637954
1241180608287723520
1241174702510551040
1241168897614778375
1241175277151105025
1241180750981939200
1241180415421022208
1241180704630767618
1241169313236566016
1241180692324720645
1241174899693096961
1241174749151035393
1241174912682717185
1241169942587850753
1241169476818800647
1241169577150644234
1241169421873434625
1241168993777565702
1241180076022079490
1241180109014327296
1241168931152441348
1241174434573979648
1241175080253771776
1241179911890636801
1241180545310167043
1241168831051071491
1241174522230964224
