1236426528184872960
1236431981208100867
1236426655096332289
1236437803099029504
1236438238711042049
1236438309888557057
1236438600537047046
1236438541938225152
1236426469821292546
1236431680593944576
1236432219926933504
1236438557922709504
1236438814673043456
1236432710664515584
1236432446494855168
1236426471092170759
1236426600167755777
1236432145964576769
1236426718942056448
1236432645057327104
1236431282533478401
1236438676470673410
1236432623045693441
1236431818141904897
1236431435919167492
1236431903235936268
1236437551206084608
1236431805106073601
1236426541917233153
1236432816516272133
1236438349004574721
1236431490168295424
1236431747333709830
1236438742354796544
1236437873760415744
1236437409295933442
1236432068852187138
1236432516254519298
1236426592341155841
1236431569847496710
1236431888987951111
1236437514321264640
1236432136141488131
1236437418313687040
1236437447275315203
1236431885309444096
1236437992803307520
1236438144058306560
1236426810725818368
