1238560586184548352
1238560056968347650
1238565770042449920
1238559616637767680
1238570300176039938
1238565438780592129
1238565807757692928
1238565908290945024
1238559402925395968
1238559856182857729
1238566076293754880
1238559835425091584
1238559943885758464
1238559755662131203
1238565963089485826
1238560195854266368
1238559721914761217
1238565979694612480
1238570106906697729
1238566243919159299
1238570396300931073
1238560116020051969
1238566239837892608
1238560422292344832
1238569444298739712
1238566063417233410
1238565451296313344
1238570207725133824
1238559738746544133
1238565694461169670
1238569431946723330
1238569784213737473
1238565522603511809
1238569993681461248
1238565640014827523
1238560674147708928
1238570446980665344
1238566256250368006
1238569964090597378
1238565841366659075
1238566038670905345
1238559461498851328
1238560791567257601
1238560552474931200
