1238151527904280579
1238151440104816640
1238150680914857986
1238150735616974853
1238162445912465408
1238156678555750402
1238150680537415680
1238157492556709888
1238156263252508672
1238151376875683842
1238156456249176064
1238151535168716800
1238150877866684416
1238157165166280709
1238150542246973440
1238156464679718915
1238151045697753088
1238150911626579968
1238156645160509440
1238150710039998464
1238162567304019970
1238162022090579969
1238157353737957377
1238156682552844288
1238151142145744897
1238162173328625665
1238156628555423745
1238151473176903682
1238156422917033988
1238151674746802176
1238157484084387840
1238162273794916352
1238162038658138114
1238162168916271105
1238162731221557248
1238156620024008704
1238156645336825859
1238151116745031682
1238151918163296257
1238151507142475777
1238161976288849925
1238157559246307328
1238150752339623936
1238157605752713221
1238157441940021252
1238161919929966592
1238156812899233792
1238156757958098949
