1240120871353638912
1240121030598774784
1240115691245666305
1240120875640393729
1240115938848133122
1240121487643861004
1240115267679682563
1240115552988921863
1240121282324320261
1240116308085104640
1240115909471109122
1240115691321204737
1240121273876975617
1240115443899260929
1240115703740616704
1240115280228937728
1240121290490552324
1240110746039615488
1240120942359175169
1240120812276981760
1240121735099437060
1240121173243035653
1240116077037850624
1240115582160248834
1240120883689197569
1240120896377049090
1240115926072262657
1240120716076306432
1240115527579848704
1240116102438563840
1240115485720674304
1240116207161872384
1240115250969620481
