1240407191334592514
1240407458415329282
1240407645648912384
1240401612558000129
1240407392476676097
1240408134901878784
1240407253938814979
1240402015286632449
1240407571170603008
1240402116000256005
1240402036539129856
1240407056806555654
1240402401393246208
1240407610643189760
1240407636303990784
1240408277407727617
1240407439020883971
1240401713351229442
1240402652866981892
1240402388869152768
1240401402834403328
1240401839457214464
1240402187278311429
1240407884523089920
1240408130875297793
1240401453614878721
1240407470381494272
1240402087986581512
1240401986366984195
1240402535485186061
1240402556666499073
1240402325681967104
1240401990162755584
1240402594222297089
