1234421627942768642
1234428418835537920
1234432883470659584
1234427789731926016
1234433146298351616
1234427811068338177
1234427329881034753
1234421708301492224
1234427743087054851
1234432751505412097
1234427974159437824
1234421958864826368
1234428135430590464
1234428371687395333
1234421651426725888
1234427462102089728
1234421515099049984
1234427699667652608
1234422058617933824
1234422641529737216
1234432988777082881
1234422776792059904
1234428371762909184
1234428065134018560
1234427264579686402
1234432863803604992
1234423689300578304
1234422206349955079
1234427750968152064
1234427338395455489
1234422168781500416
1234422188947714049
1234425106417496069
1234432818270347265
1234428413126926336
1234421796444622848
1234422586462748672
1234427661935497216
