1237020463580184577
1237015848876998658
1237015789661650945
1237015439147814913
1237025945497636864
1237021880286162950
1237021175936581634
1237015924835639296
1237015283295977472
1237021327439134721
1237015379760820226
1237026599293161473
1237026599981199360
1237026846765658112
1237021474181074944
1237021495290781696
1237015518369861633
1237021679194378242
1237015669570445312
1237020597303074818
1237020360358473728
1237021889152811008
1237025973867929601
1237026973140082689
1237020915982045185
1237020516596080641
1237026213673066496
1237026972829548544
1237026099818831872
1237026037453774848
1237015790450343936
1237020820041433088
1237020496279019521
1237025965735206912
1237015845974441984
1237015593880096770
1237021406682132480
1237027241797746690
1237015928807870464
1237026099629973504
1237021918408163328
1237020572506193926
1237026594767753218
1237027258277212161
