1241020985433673729
1241020969008971781
1241026601795510272
1241026555662532611
1241021166569107456
1241021321137528833
1241021098017374214
1241026496862404611
1241021660926541827
1241026480135520256
1241026345716649984
1241021535114199045
1241020608273620993
1241026773841637376
1241026589447442433
1241026987549958145
1241021656598011906
1241020968706826241
1241031733182697473
1241025997836881921
1241021333732880390
1241026664554999810
1241020729946255367
1241026589258891266
1241021543389552640
1241026606065430528
1241020960309944320
1241026891542224897
1241020880697917440
1241020834518634503
1241021400829186048
1241027012808134656
1241026140510306304
1241021707101536259
