1237138268191199233
1237148518944563200
1237148461595754496
1237142970542981120
1237148548875145216
1237143402476498944
1237148442880806913
1237143419191005186
1237138125455077377
1237148678743379968
1237143154656239617
1237143251787923463
1237149630254596098
1237148397234262016
1237143439596302337
1237137106448900096
1237149568384544768
1237149660172685313
1237143242724052992
1237138297287331840
1237143884897103875
1237148413910810624
1237137837092470784
1237137756989636610
1237136972361031680
1237137123368562689
1237144056431550464
1237143637051334656
1237136863288111104
1237137363018616833
1237137396002586624
1237137924984123394
1237137533953245185
1237137895611342849
1237137509798346752
1237137160706252801
1237143057969098754
1237148981052026881
1237137752040316928
1237143666239713283
1237149823926665216
1237136888604946432
1237142958207569920
1237148552834330627
1237148661525745664
1237149550852407298
1237149014207782912
1237148569821278208
1237137748030521344
1237137958693670912
1237144051901702149
1237149270131834881
1237137454655651840
1237149571735748609
1237137459101798401
1237137840007458817
