1239664656727322625
1239669371041128448
1239670528769699848
1239664081843486725
1239670209973309441
1239658390680473601
1239664048612028422
1239658163848257538
1239658688253657089
1239670054771462148
1239670595689820161
1239669656425607168
1239670466039644161
1239669790622564352
1239670331687796737
1239658814149984259
1239669585022005249
1239659241943658496
1239658058911035393
1239670444640423939
1239658726212227072
1239663931205070848
1239670478362611712
1239664140878336001
1239664153289056256
1239664585399033857
1239669752793972736
1239658813889949699
1239658746894139392
1239669769554604035
1239663780004495361
1239658491125456896
1239670134765047810
1239658667529682949
1239669501211414530
1239659263145857025
1239664308604284929
1239663926964617217
1239670587632615425
1239664149057191942
1239659183009607683
1239670168143499264
1239670432099381248
1239663839068786689
1239658143195561986
1239658730171641857
1239670184417337346
1239669756917092355
1239669333413867520
1239669714609111046
1239658529025167360
1239658210182795265
