1235591497279565826
1235586933813841923
1235592379165331461
1235585613560242176
1235586598357495808
1235586799759773702
1235591451716673538
1235581208190488578
1235586024652148736
1235591553046978561
1235591465318916097
1235581099604090881
1235591367130263552
1235581208936894466
1235580998726934528
1235592600620535815
1235586830252118016
1235591552526954508
1235592189234814982
1235585726391058433
1235592138630496256
1235585629536256000
1235592570597588993
1235581049528344578
1235592773434105864
1235585536062099457
1235588741017853953
1235591551167979520
1235585784075497472
1235586972359495680
1235591418875449344
1235585596871057409
1235580906573881344
1235591929078919168
1235581126141513728
1235591426311966722
1235586548550094856
1235592034251046917
1235591724501737475
1235592643389861891
1235585646179291137
1235585893525860357
