1240003430594367489
1239992433108119552
1239998745544179713
1239993322275561474
1240004349264302080
1239997910965563393
1239993242529288193
1239998158228332545
1239992408093470722
1239993443033722887
1240003560680697856
1239992483632816138
1239992357531062278
1240004193915752448
1240003779023581184
1239993205174796289
1239998678430912516
1239998602921095169
1240003883470110723
1239998485543485440
1239998799835271171
1240003980077531141
1239992806787043328
1239998183427780614
1240003443022012417
1240004344986157057
1239992798276980736
1239997969509896192
1240003627714043904
1240004403517689857
1240004357711638528
1239993158722871297
1239998154218536962
1240003338281848832
1239992391257468928
1240003703555252224
1240004353412431874
1239998129186975752
1239993095749603328
1239997990628200450
1239997978229633024
1239992919886528512
1239992290535510019
1239993339341983744
1239998925714620418
1239998355335524353
