1237161089722462211
1237155573671628801
1237160019696603136
1237155050536833025
1237160384752168961
1237155322378080256
1237160439454158849
1237161118927388674
1237155159081463810
1237154575620222987
1237155158926282753
1237155038000222209
1237154307587354629
1237160091113205760
1237159902914772996
1237161152062222337
1237161031081906176
1237165896013094912
1237154139819216896
1237160271279464450
1237154219725111296
1237165771060424704
1237166021800157184
1237166005530398721
1237160162533814272
1237165850043572236
1237154731224633344
1237160103373082628
1237160334097555456
1237155511839137792
1237154290822713345
1237160686846910468
1237165874932592641
1237165975927226370
1237154341431185410
1237160045445550087
1237155083088879622
1237160750122229760
1237166113949134850
1237160213075165184
1237159949417025537
1237160384550842368
1237166001428537346
1237160670245904385
