1236039975864602631
1236039285394071555
1236044210131763200
1236039444383309835
1236039231253942273
1236038317554176005
1236044402751127552
1236037930487070725
1236038690297823233
1236044666937593857
1236038783218434052
1236038278463344643
1236038685906386945
1236036026247806976
1236045015715057665
1236044855328927749
1236044298849619968
1236038732576407553
1236038093649690624
1236045374697193472
1236043887329914880
1236044100576608258
1236044788161490945
1236044146038591488
1236044436125212672
1236038452346531841
1236038904979099648
1236043979650666502
1236039303983247360
1236038622580703232
1236044297918730252
1236044523823747074
1236038027488739328
1236044167337390080
1236044519369363456
1236039226698936320
1236038626754117634
1236043890983161856
1236038794190696450
1236045359274774529
1236038506016735233
1236045186377056256
1236037998539608067
1236038174679367680
1236044845300342785
1236045136024518656
