1238047815722364930
1238047761297276928
1238046868183093248
1238046876315893760
1238052781736505345
1238047706809077762
1238052479469789184
1238047618384576512
1238053264404303874
1238052563880034306
1238053717166956544
1238046527744028672
1238053306313748480
1238053712926572545
1238053481870766080
1238052903685738496
1238052249038962693
1238053314610073601
1238052664165924866
1238047865865469953
1238052878297763840
1238047824220225537
1238052311789862912
1238053608173768705
1238053419149070339
1238052459131666433
1238042182591877124
1238053301955985411
1238052991455965184
1238052978789097472
1238052697808547840
1238052751973797888
1238053360927821824
1238046708703154177
1238052333025513472
1238047429766807552
1238047077617238021
1238053406461345794
