1234808626188914689
1234797334787239938
1234810003023941632
1234797829022830594
1234802858362638337
1234803584438394882
1234805750251294720
1234805501042388993
1234805734132592640
1234804038912401409
1234798971572432896
1234810696975544328
1234804052086661125
1234797192742752258
1234804548130099201
1234803955860934656
1234807683993067521
1234805354766180354
1234808991546474497
1234797071758176256
1234801772062965760
1234810007427993600
1234809374796898304
1234800688267481090
1234798701828362240
1234802951593627648
1234797595060572160
1234799548507283456
1234797482107756544
1234803616193634305
1234809295155421185
1234805483187384320
1234804589662216197
1234805785097428993
1234802661687463936
1234809135339909121
1234797988268015618
1234808818652958720
1234809344660770816
1234798416770658304
1234809869842206720
1234809291825205250
1234808734074855424
1234808866841546752
1234803654298931201
1234803548254330882
1234798417429368834
1234801000440946695
1234804235021234176
1234798183080845315
1234804339430117376
1234803208083660801
1234796813967921153
1234809499929731072
1234801527556132864
1234797961835507713
1234798317491630087
1234809076888088576
1234803903968894976
1234804073184088064
1234799881102872577
1234807675352944641
1234808132510965760
1234801182704533505
1234798419321016320
1234801997879971841
1234806600373809152
1234796712822132736
1234803678122586112
1234806583743246337
1234802400503980034
1234796827565854720
1234809297357266944
1234806996366393345
1234797387694006272
1234801838844547073
1234799170575159298
1234796162038693888
1234806119274602496
1234798121349074946
1234799508820721666
1234799107144683520
1234807550379483137
1234797337249222656
1234797550156296193
1234801772884983809
1234802099059220480
1234799310757339138
1234810398660005888
1234795792101191680
1234800081745788929
1234800532646174720
1234805081066868736
1234809198552080384
1234809853010419712
1234803931349385216
1234797301958352896
1234799250682322950
1234808219370999810
1234797783888146432
1234797823348084742
1234807302974328838
1234809507533881344
1234803742375104519
1234809174233698304
1234808970411479041
1234800164214321153
1234803189020536832
1234800351439515649
1234803338610462720
1234809922086473731
1234796972046864384
1234801633462226945
1234799006233972736
1234797136149012480
1234807939862614016
1234803743868084225
1234796926589132801
1234801052094025730
1234807119150559232
1234803611252797441
1234807427784216577
1234797095141265411
1234798200525148160
1234804021719904261
1234803588800622593
1234810690352898048
1234798505161453570
1234798865783705601
1234807560370360322
1234809544766824455
1234804385093505031
1234810110096134144
1234796497616633856
1234798113870749698
