1234573314464546818
1234583815739387904
1234578913533317122
1234572922930548737
1234579260817465345
1234573230586785792
1234573358823624704
1234578892243062786
1234578438557536256
1234572890596659202
1234578179127496706
1234572471098990592
1234578920772644865
1234578371381608448
1234579244438761472
1234578142070792193
1234579361501573122
1234579181637427201
1234573598863523841
1234579215556599809
1234578987285929985
1234573192183853063
1234573590382559232
1234578673371615232
1234578514176880641
1234572516120612864
1234573020041220097
1234583848823988225
1234578195174842370
1234573180033011713
1234579395525980168
1234583909410598912
1234573308886212609
1234572885315989505
1234584105414610944
1234579307034361856
1234572471224815616
1234572440480579584
1234578057911918592
1234578875922997248
