1239739701193371650
1239742452564504576
1239743182667042820
1239739717970792449
1239739659279675392
1239742578645327872
1239747871790051328
1239739386557693952
1239742259920130048
1239748110961856513
1239743060868599809
1239742716965249025
1239739520918138880
1239739101554884609
1239739667588640768
1239748043785695232
1239736966658297856
1239742230526648325
1239747867461509121
1239747964001751042
1239748228163092480
1239743060981903361
1239739646835220481
1239743111414202370
1239739093212250112
1239742566029025280
1239739050879148037
1239743006422577152
1239739189618511872
1239748022919143425
1239739634411855873
1239739225123303425
1239748073095602177
1239739608931459073
1239743166028361729
1239737444699865090
1239743186744020993
1239743257942294528
