1241242667167690753
1241228125448499201
1241237336228151297
1241238288503058432
1241231703521329153
1241233897029021696
1241240549320990720
1241229932870553601
1241241568419500039
1241228092632268801
1241238401514221568
1241236510050889730
1241239466750009345
1241231711742103552
1241237227524546561
1241230827175825408
1241232080668733440
1241232231684878337
1241233754015666176
1241235574960394240
1241237198038425600
1241230803532689409
1241230893697490945
1241228793919844354
1241232122645536769
1241241469194850305
1241242633730695169
1241234886561878016
1241228817638752257
