1235137317653950465
1235136378146521090
1235136252086816769
1235131642206879744
1235132704481595394
1235136280318509057
1235138737677447170
1235139675691483138
1235136756317646848
1235129922365972480
1235135293675589632
1235129624717381632
1235136054472011780
1235131861464166400
1235136737992556544
1235135837714739200
1235134893803241474
1235136299746590720
1235141516420476929
1235139228205330432
1235128591265882112
1235137280563507200
1235135102549667840
1235139753831518209
1235134922555301888
1235136084905824257
1235136951755427841
1235135792181207040
1235132822324686850
1235130412248297472
1235130964608720896
1235135585250971654
1235134960694161410
1235140831893311490
1235130205825650691
1235135985446514694
1235138118648504325
1235135271659884544
1235129527170478081
1235134660302319616
1235129741465788417
1235128266740162561
1235139932143767555
1235128571317940224
1235142364890624006
1235136380671365121
1235135887152795648
1235142637067399168
1235142049059438593
1235141023518593024
1235142196120018944
1235132591755472896
1235128131213815808
1235142859738591232
1235135902185328643
1235128564212781057
1235136018992504834
1235131795672203264
1235136207597826048
1235129981019144193
1235137611540205570
1235142498911219713
1235136220042317824
1235140268447264769
1235137427322400768
1235139298342690817
1235131402842066945
1235134416533495808
1235138524287926272
1235142621502164992
1235137401435181057
1235142727957991425
1235141971926110208
1235131446907420672
1235129077557637120
1235128057901375488
1235133371371720705
1235137361731870720
1235136039049547776
1235130789769117696
1235131433334661122
1235135871101194240
1235138929738866688
1235141450326827009
1235141492210954240
1235136646753980416
1235141430709903361
1235134130700111872
1235140626276126720
1235136690269966337
1235130778008182784
1235129359977111552
1235141896651104257
1235129200224305153
1235129823514722304
1235137803404619777
1235137483437834240
1235131944255578113
1235142441969188864
1235136193630740481
1235130943645589507
1235136278007549958
1235137368048332802
1235142878826987520
1235142184929841152
1235130639621513220
1235141602143764481
1235128714008162305
1235138719130234880
1235142435065548807
1235136237113090048
1235129349591855106
1235133095847788545
1235136916535689216
1235130694332018688
1235140971333120001
1235136696053686272
