1238812353514237953
1238812168981606400
1238812533756030977
1238812369964449792
1238822918563512326
1238823191587545089
1238812554627035138
1238823069583474688
1238817164271874048
1238823925112377344
1238812533936525312
1238823925217460228
1238824055475712000
1238823463844003841
1238823292041125888
1238818078722387968
1238817247990132737
1238823505623425024
1238816975285039105
1238823829058859009
1238817453632663553
1238823824776253441
1238812315736104960
1238816941491585024
1238812357641543681
1238818099215978497
1238823762033815553
1238817260367740928
1238817361412702209
1238812558724907008
1238823619116990464
1238823569100083201
1238812407889195015
1238818011261394944
1238822835071705089
1238823967198031874
1238822864402481153
1238823203851644929
1238817562596642816
1238823015087067137
1238818284138639360
