1239274041422352385
1239267338693853186
1239278528962666496
1239267363876491265
1239268508917059584
1239273521014071299
1239274175350452224
1239268458728017920
1239273529545232386
1239267884112609282
1239268123246657536
1239267883936624641
1239278910690426880
1239279186990301187
1239273486968815623
1239268320198701056
1239267346956668933
1239274011747647489
1239273319939088387
1239268106234716163
1239267636325814273
1239272883580526592
1239267426740637697
1239273638311985153
1239268567553638406
1239267598807826432
1239268291023167489
1239279216845369351
1239279846284460032
1239273999387054080
1239267858879660032
1239273244433268737
1239268227978604544
1239273414587756545
1239267925778890753
1239273772793729025
1239279791301439490
1239272904807890944
1239267628109172737
1239278835469869056
1239268018154323970
1239273609476149252
1239273676572364806
1239268320202948616
1239268500818067457
1239267401583284225
1239274032681361408
1239273097313878016
1239272849900175362
1239268550885294080
