1238514377239572480
1238519716831952898
1238513806755627010
1238514071021879296
1238519938693857283
1238519972437114884
1238514515727265792
1238519733378371584
1238513924418355205
1238514843025584131
1238514129553498112
1238519644991959040
1238513890742411267
1238513907498696707
1238513785981276161
1238519876131717121
1238519314166108160
1238513949240373249
1238525223764443136
1238513815198797825
1238525026615386113
1238514436018540549
1238513693400264704
1238519368251854856
1238513798136377346
1238514033428508673
1238525181804625922
1238514196939235330
1238519938958143489
1238519280339234816
1238514637202751489
1238519859119603712
1238514045914722309
1238525013793411073
1238514826227232768
1238519926261870592
