1234316092853514240
1234316257094180864
1234316229831282690
1234316836172374016
1234316509490667521
1234315960443535360
1234321718388383744
1234322360880259072
1234326951931731969
1234321999989739520
1234321702357622784
1234316550842093570
1234327267410665474
1234327024954556417
1234316768782344192
1234321987964723202
1234316648766562304
1234316877503115265
1234321580768972800
1234316912206606337
1234317002996699136
1234321915021422593
1234316887518928897
1234322176662233089
1234326997582651393
1234316588976918530
1234315950406717440
1234322449803681793
1234316492604243968
1234322434880262145
1234315923336634369
1234327105913131008
1234327045208821762
1234316321334034434
1234321686276771841
1234321915197710336
1234321790316490752
1234321812533714944
