1235145479995916292
1235147951116345345
1235154615500451840
1235155371989364736
1235148171396993024
1235147973094453249
1235149128352567296
1235151997332004866
1235151591356981249
1235147334436016128
1235151715340636160
1235153060357443586
1235147907252326403
1235153408853774341
1235153881614757888
1235152012599160832
1235151466396102657
1235153097816711173
1235151743425613825
1235147232246214657
1235153596288823296
1235151009673953281
1235153345528111106
1235148362191687681
1235143675212165121
1235154518117101568
1235148622599159809
1235154683746037760
1235148154909143040
1235153797292285958
1235152179255635968
1235155304050053121
1235144569257439232
1235148897133228033
1235146420778344448
1235147882434621441
1235158004695265282
1235144087709372419
1235153247981142016
1235145282075025409
1235152461771366402
1235154619673673729
1235157990598045696
1235154282187345921
1235151119346798592
1235144169292627968
1235144243284529153
1235147292811898882
1235144750442962944
1235148059526516736
1235148251596283906
1235146500277182465
1235152011282309123
1235153780049661954
1235154708597264384
1235148604467220487
1235155454042529792
1235145814001012737
1235157517518491648
1235151906231554048
1235146852053299200
1235155892322131970
1235148610464927745
1235156214419525633
1235157018580787201
1235151670520078338
1235151195225935873
1235147484143464448
1235154532126117889
1235154620701446144
1235145238299148289
1235150555682570240
1235143517720252416
1235151978277113856
1235152060607336454
1235150656987467776
1235147949166006282
1235157896247365633
1235156562865459200
1235153938669809665
1235145658325176320
1235143836470566913
1235148219845402624
1235156437057196037
1235156397613912064
1235153224304230406
1235153722809790465
1235146983817596928
1235152223837007874
1235148745525714945
1235148664022196225
1235149644218462210
1235147454166822912
1235155324186828802
1235143775107698688
1235143200114765824
1235149033062055938
1235148698738405376
1235147486513094657
1235154722748850181
1235157569519390726
1235148114174062592
1235157274647310336
1235153439979712517
1235154915388882945
1235153969548148736
1235146759531360261
1235154438387617793
1235153612692762626
1235151237819052033
1235150299293048832
