1238992754535018498
1238982037530456069
1238987276601958400
1238982138973671424
1238987960235757571
1238988069354733569
1238987041825669120
1238982473876475906
1238988132638392320
1238993031396839424
1238981226360270848
1238987029146415105
1238982344062545921
1238982063270891521
1238986920107167745
1238986941414223872
1238982625064374272
1238982318905331713
1238987025228787714
1238987905894359040
1238987100546007042
1238987356356689922
1238982570836021248
1238987511638056961
1238992892921856001
1238987184654266368
1238981568364007425
1238982390107815936
1238987096511086592
1238992825817214976
1238987679372652545
1238992796251455494
1238987142430326786
1238981241015341056
1238988329334562816
1238981396175060997
1238987474178904064
1238981803114971136
1238981903954427905
1238987024809549827
1238992985280446464
1238987201364611074
1238992817013190656
