1239044181655519232
1239050149655166976
1239039315499515904
1239045309151490049
1239050216960962560
1239039458214727680
1239039810632908801
1239050308443164672
1239044587701731329
1239039294376833027
1239045007358586881
1239045078712233984
1239044759932436480
1239049880913555460
1239039332557692928
1239044201922342912
1239045217220780037
1239044365747662851
1239044885673586688
1239044839611695104
1239044504247820290
1239039618005307393
1239039755775397889
1239044709739307008
1239044739174772737
1239050820949139457
1239051210826502144
1239038912833523713
1239050757854220288
1239039068039757825
1239039487218290688
1239039286386651136
1239044960906870789
1239045485081415680
1239044595851427840
1239044537378467840
1239045074278854656
1239050296308822016
1239044998848446465
1239039902907432962
1239051013740519425
1239050954554523650
1239050393117773824
1239050916927377413
1239050573342785542
1239045057371615233
1239044428305698817
1239051319593160705
1239039176865198081
1239045384615251968
1239044310684831744
