1237205796422922241
1237206086840532993
1237201485483642882
1237206262833610752
1237201103139352576
1237206421571170310
1237200243936157696
1237206421302849536
1237206351073460224
1237206871326388225
1237206296308391936
1237205884607926272
1237200407786635265
1237206433936093184
1237201350322049024
1237201145694687232
1237200143302049793
1237206979967250437
1237200616692355074
1237200117129711616
1237200579656658944
1237206867174023168
1237206685879500800
1237205876987047936
1237207076121776128
1237205821903208448
1237200859748073472
1237206832680140800
1237200902701879296
1237206124350357506
1237206459118768129
1237200729787555840
1237201276154204161
1237201544447242241
1237201493603819521
1237205785043599360
