1239964914397016064
1239960053479866369
1239959746926518276
1239965694822731777
1239965501452775424
1239970878932357125
1239965207977320448
1239971294130536448
1239964998299877377
1239971260437639173
1239971218507223042
1239960287836385280
1239965178382266368
1239970874544939008
1239970270451888129
1239965488874053633
1239965597959467010
1239970689978732547
1239964670884057088
1239971176316723205
1239959688017588224
1239960292164923392
1239970350080778241
1239971306331750405
1239965610575933441
1239959905924153345
1239960183096344576
1239959763858964480
1239970476127973377
1239964750621978627
1239965551822172160
1239970405000941574
1239965111587975168
1239970522416345091
1239965086418001920
1239960024115380225
1239959772180299776
1239965531198783489
