1241061259228909568
1241059946457960449
1241049179641778176
1241054242196074497
1241048877584846849
1241060453897379842
1241055542568792064
1241060290223050759
1241049431559954432
1241061011781713922
1241050014266331142
1241049032899747840
1241054829503492096
1241060030281142278
1241048696889978880
1241049104240836608
1241054435226378246
1241060344803590145
1241048689143099394
1241054955319984128
1241049196339265537
1241054632320872449
1241054619914010624
1241059967228149761
1241054552540868608
1241048986796077056
1241055261462130688
1241049536102977537
1241060076649091077
1241054980288757762
1241054317953437696
1241054653191557120
1241054455967240193
1241049477668114432
1241061016047419392
1241061158762749956
1241060139454652418
1241060026296545282
1241060793891860481
1241060466677465089
1241055378898653190
1241054371930148865
1241049003451510784
1241055488172851200
1241049225804353546
1241060114204782592
1241049234088091648
1241049347413835777
1241061041376825344
1241049892233138176
