1240020245558878208
1240020706731098112
1240020362949054464
1240026503485755393
1240020220669915136
1240025719092252673
1240031498910273539
1240031075189035008
1240031557756293127
1240021130989031424
1240025622702743554
1240020321312346116
1240026469947985920
1240020425784135680
1240025958486343681
1240026604086218752
1240026289286909953
1240021050940850176
1240026100929093633
1240020312651153410
1240031977086103556
1240031771577778177
1240031989811609600
1240031943238004741
1240031285248167936
1240025807411482624
1240026386166886400
1240020266434154496
1240025975125139461
1240026147016056833
1240031582288838675
1240020749030735872
1240026377446883334
1240020996381343745
1240031738241249280
1240026000215375873
1240020677660418051
1240025496890597376
1240031062660722689
1240032195101765633
1240031532460449792
1240020966937264129
1240025572496920576
