1240920561246564353
1240921031335804928
1240914471503052800
1240926026655510528
1240915116532498433
1240914853088419841
1240925808832573441
1240925758131974144
1240920947328155648
1240920561888288768
1240925690913939456
1240915637297221632
1240915092541145089
1240920205347471360
1240914748146954240
1240914974475771906
1240925670173270022
1240921048410927104
1240925787462586368
1240925737290530816
1240925997337169921
1240925951653040128
1240925968321019905
1240920968366895105
1240925645108117505
1240920742369406981
1240915075822542848
1240920553550155777
1240915390147903489
1240920091639726080
1240914861447507968
1240920292995870720
1240915133968375813
1240925632722341889
1240925942689738754
1240914995615019010
1240914374967070720
1240925670546513920
1240921077662076929
