1237096115268472834
1237102004545167361
1237095658772987906
1237101656380248064
1237102877119860742
1237096502218182658
1237095558071955459
1237096669969362951
1237095566586380295
1237101886634954753
1237095574891106304
1237101522292559876
1237096015087325184
1237096048151191557
1237102201756987393
1237096434148794368
1237095696743964680
1237102051106140163
1237090868605018112
1237096024025509889
1237096476666462208
1237101325378154496
1237102499506589700
1237102238977470464
1237096292477779968
1237095465050681346
1237101371993853954
1237102427674796032
1237102834597888000
1237101941618020359
1237095990148112385
1237095810292121601
1237095779250114562
1237096200278597632
1237101563614806017
1237096716018626561
1237102667375284229
1237101345875922946
1237102746425327616
1237096900341297152
1237096991672414210
