1237926288956051456
1237926633681682433
1237932186709475328
1237925366720868352
1237925392146526210
1237926289740378112
1237926797091602433
1237931662748549121
1237931767618605056
1237926562344898561
1237931587406311425
1237926084487741441
1237932753229737984
1237925602071662592
1237926063436697600
1237932036117204997
1237932409393426432
1237926474495209474
1237932526636806144
1237926251794501632
1237931780050767873
1237925815645605889
1237932132456108033
1237931918299213824
1237926709527285760
1237925950207045632
1237932505610813442
1237931239274921984
1237925446555176967
1237925664805683200
1237925618865618944
1237932363339968512
1237926797347438592
1237926654510600192
1237925450694955009
1237931318882848769
1237925694228901889
1237931373211475970
1237932065120755714
