1234954834278862862
1234961739982295040
1234954252449009665
1234955248462127106
1234948332650405894
1234952241187942400
1234953254389374978
1234951322983489536
1234960488192204801
1234960689585950720
1234953729427824640
1234953577816182784
1234949535157252096
1234954075675996160
1234959968941625344
1234960085971066882
1234950348823056386
1234952323484520455
1234955271430168579
1234947239711100928
1234951996362371082
1234950794450960385
1234957477759856641
1234960187703693313
1234959233168310273
1234959023683837953
1234955923438919680
1234951775851089921
1234957589789761536
1234958291597451271
1234951239651221507
1234960328062119939
1234961089273700352
1234949135217938432
1234957659801083910
1234954554137075712
1234957722455437313
1234955025262292993
1234951612394868736
1234947341926400007
1234957076410978304
1234956088333815809
1234953421964423168
1234961556624027654
1234952397048426499
1234947344338182145
1234955520110473218
1234950443933077506
1234947825588457473
1234960746389364740
1234961063394844672
1234948962169176064
1234950861924655104
1234954131514810368
1234948377235918849
1234952250008702977
1234954263052406784
1234953126794235904
1234950460852690944
1234957390644203527
1234947169221828609
1234951907233288192
1234947575045750785
1234955581762527232
1234954196195082249
1234961485731897345
1234947503096762373
1234947093221052416
1234959989246169093
1234951328402673664
1234953282897903617
1234960211183624199
1234954365548531712
1234948817960808450
1234946824789778432
1234959331034107907
1234959932178386944
1234954467700695040
1234953217907318784
1234954195129729024
1234949567688429568
1234951147535900674
1234947463829770241
1234958002865811457
1234958598125518849
1234952323899756546
1234959319285805056
1234950440510468102
1234954436004331520
1234960710309822465
1234957489277460481
1234951876094889984
1234956274397134848
1234953238069248000
1234961127840178176
1234956785984798722
1234956189563097089
1234947055375790087
1234953713262874624
1234953561571823617
1234949305640730624
1234949420745154562
1234949260296085504
1234950048682795013
1234958847556628480
1234960094653075456
1234953376879738880
1234961449312612352
1234953235519004672
1234960920092258308
1234958047111524352
1234957990198960128
1234959977577476096
1234953014840000513
1234959676992839680
1234960111971586054
1234947219075325954
1234956418391904257
1234956521555079168
1234951738953785344
1234953791599833090
1234958303693803520
1234956934605729792
1234954264419717121
1234959616083210243
1234959413829459968
1234951202699235328
1234953565657010177
1234959768579497984
1234948305412665351
1234952308959711234
1234958889881415682
1234956927471218688
1234958034247417856
1234954441843003392
1234948361326923783
1234954773608222723
1234954595987795973
1234959971563036673
1234953991135645699
1234956479439896577
1234956387026735104
1234950076012863489
1234954616007249921
1234957052209856512
1234957302727266304
1234954972879560707
1234955204635660289
1234960686163251200
1234954135025242112
1234950106161524736
1234959281054789632
1234954083372388352
1234950756224184320
1234957248046272512
1234950257173291009
1234953673706557442
1234947198690959361
1234960380839026688
1234957773756149762
1234958215043076097
1234954384540389377
1234955852110581760
1234952846866624512
1234947715173208064
1234959441876979712
1234959797058822144
1234947667790368768
1234947889601925120
1234953955282739201
1234956010290368513
1234947117854142464
1234960323150581760
1234950349544251392
1234959846031712258
1234958965106081792
1234958756380839936
1234948154036019201
1234948275402350593
1234947362059161600
1234946759094423553
1234959877342191617
1234956316516474880
1234951666501222400
1234951110236016641
1234954789961728001
1234949444421984259
1234958254364594178
1234957354753544195
1234949484834103297
1234948595226464256
1234949631240364033
1234949996430053376
1234961641969717250
1234957836750393345
1234949449459392512
1234959171491069952
1234961000933285891
1234956812983640071
1234952568394022913
1234955601689620480
1234952979352113153
1234954009808642049
1234948922961014787
1234946712168468487
1234956035393064960
1234952324059144192
1234950980736819204
1234947954592620549
1234958186022567936
1234949018565926912
1234957977628467201
1234954402034745347
1234947962893152256
1234947369021722624
1234947722647613440
1234946701770682368
1234947488735354881
1234948091129794561
1234948152593088512
1234958568547184640
1234954084899311617
