1238542860435083265
1238548565020065792
1238554394980954114
1238548489518358529
1238548619298512904
1238543061891846144
1238548825087803392
1238549034715033600
1238554080412385285
1238553652790472704
1238548384752865280
1238543234042822658
1238548552600567808
1238547847886209024
1238543427291283462
1238554940492021760
1238554839518457867
1238549169003876355
1238542856811397126
1238549080743133185
1238554709952167942
1238542504233967617
1238549198225715202
1238542617538953220
1238554709901938689
1238543385117376512
1238553938128928770
1238543372559638529
1238542466669850624
1238553929476198400
1238543003603677187
1238543347222020112
1238542881574576140
1238542915451990018
1238548145828548608
1238553870890123269
1238543095446278144
1238542357164724224
1238554361548046336
1238548556736323591
1238548737103925253
1238543431368085505
1238553724370313216
1238549210993250305
1238542927846129669
1238548611081928704
1238548346723328000
1238554819020959744
1238549235861270528
1238542844194770949
1238542520998449152
1238553950627844097
1238547894032105475
