1236310133459881985
1236310868104806402
1236316185219796998
1236316050851061760
1236316173500899329
1236316524274692097
1236309918174441473
1236316256921255936
1236315786353889288
1236305998417018880
1236310668178948099
1236316194149408768
1236310334371176451
1236310653201252353
1236310496950829058
1236311033809113092
1236316223337451523
1236318093892255744
1236315614949642241
1236310452671361032
1236311681938137089
1236309978845249536
1236308533546811392
1236310920449667072
1236310804418441216
1236310842137862151
1236316885710524416
1236307362144796673
1236316277360164864
1236315832243957764
1236310677763035137
1236311097549950976
1236310908483354624
1236312510174806016
1236310732129607681
1236315515280330752
1236310556358967296
1236316612346515457
1236316731250896896
