1236926347408261121
1236927096091443200
1236926951190863872
1236938969981616128
1236932915008806912
1236939256662089729
1236927542197534720
1236938523061649408
1236932900794372096
1236927053594755074
1236933070667821056
1236933237936619520
1236932642949476352
1236933156210479104
1236939044094980096
1236926969016696834
1236938851685257219
1236938644994359296
1236926543399657472
1236933166612377601
1236927610875260928
1236938186963681281
1236939295950278656
1236926461614972928
1236927318033121280
1236938045061861377
1236938876473823234
1236938783641055233
1236927048532340738
1236927539496603648
1236933542338351104
1236926765039140865
1236938805959000064
1236938569186283525
1236927534387822594
1236932315030355969
1236932740311855105
1236932913243009024
1236938541961183232
1236927094824865793
1236932426028310528
1236932728433651712
1236932081185406977
1236939366926180353
1236927694362861569
1236932619524165632
1236938419504214018
1236932966367952896
1236932269056679936
1236938326877192195
1236926655828025345
1236926652938149888
1236927578478383104
1236932653343027202
1236927773035266048
