1237937299658280960
1237943440349904897
1237937409179910146
1237944018908127232
1237937446756769798
1237938579378143232
1237950017207439361
1237949157496639489
1237938165979152384
1237943167472873474
1237949530303315968
1237938574865162241
1237937618719051778
1237949995812192256
1237937761027534848
1237948675013271555
1237937144578129921
1237942983489540096
1237949316758716416
1237943700694732800
1237944027321950209
1237949698117382144
1237949895761219586
1237938193397198848
1237943079476158464
1237942949406638082
1237950059230232576
1237948588342128640
1237943792616886272
1237949555523584000
1237943386146926592
1237950075604787200
1237943495022632960
1237937807328411650
1237949630857519104
1237949182197014529
1237943175802691584
1237949153386229761
1237937161204350977
1237937979039113216
1237948888478171137
1237948851505553409
1237943989803909120
1237943805489250304
1237937350405246976
1237937622883782660
1237938038036140032
1237938549674123264
1237937685567856640
1237942953529585664
1237943603973910529
1237943280891047936
1237948624350384128
1237949568366653441
1237949178325561350
