1237679845531762695
1237692092752805893
1237692151951241216
1237686040288083968
1237685948533506048
1237691597678092294
1237691119879716864
1237691811516342272
1237691404865789953
1237686741139689472
1237680298411864065
1237680399352057857
1237680181428531200
1237686523048464384
1237686573346385922
1237691442639724544
1237686598164242432
1237691308707373056
1237691505759920129
1237692491882733568
1237691983927410689
1237680428494004225
1237686396476940289
1237686035716308995
1237685801762226176
1237691296262701056
1237692403429060613
1237691141253931008
1237692411238928385
1237681044683399168
1237691304768876544
1237685591971704832
1237685956251181058
1237685830560309250
1237685994918469632
1237680474866233346
1237692378330226688
1237685855386349568
1237680168191152130
1237679706855489536
1237680625244487681
1237685684376203264
1237685428205076484
1237692012750503936
1237680776361230338
1237691333604712450
1237692163602989056
1237685864542560257
1237685557867819008
1237686636298862592
1237685532991188994
