1235402774780788737
1235409822129909760
1235402648519618560
1235402867118419970
1235408652619649025
1235408392681746433
1235409898248142848
1235409510661058561
1235404037933207558
1235408592896815104
1235402656706854913
1235403210535264256
1235409623579938817
1235409556366376961
1235414578395312130
1235403538542383104
1235404004139495424
1235403827504771072
1235408604473196544
1235409298064150528
1235409902111055873
1235409385427435520
1235409172901978112
1235402793751425024
1235409603526938626
1235414595248021505
1235409661102194689
1235403153878781952
1235403732667383809
1235409151855071235
1235409371917676545
1235408459048218624
1235403290856189952
1235404050084114433
1235408983042568192
1235403793996615682
1235408841128341504
1235403260816695298
1235403466417176577
1235409976899690496
1235414393963216896
1235414562536476672
1235403491742543873
1235403476768665603
1235409421414490113
