1234230037580218370
1234224487563792385
1234223835278430209
1234233178392604679
1234234518455762944
1234230108438847489
1234236878397685760
1234228549860646915
1234224248010371072
1234232181947392000
1234222053911171072
1234235245924429826
1234232538220068864
1234225752608006144
1234236436364300294
1234231947670540294
1234224744204947457
1234228803532206084
1234223938449723393
1234235379303104512
1234224618451472385
1234230352794804224
1234225739739942914
1234233819382734854
1234226494563667970
1234229391879700482
1234228117054664706
1234235738281168896
1234225044600979456
1234233358730891264
1234228409166729216
1234229054510858242
1234233002307158016
1234224024886153218
1234222867828662273
1234225642574532608
1234226298974822407
1234224304507715584
1234222963018219520
1234230874427854860
1234227520658190338
1234227824506130435
1234231374653067264
1234234057472368641
1234235330582192128
1234224783182700544
1234231709446488064
1234224144897671168
1234226208050683913
1234236156100960262
1234235743763095558
1234223276714426369
1234225252219138055
1234224853949014017
1234223199669407744
1234230591551393792
1234224242788651008
1234236181602275330
1234235746069794816
1234233904405635072
1234225849160826880
1234232838133669888
1234228604894138368
1234234005987512326
1234227798925086720
1234236356051841027
1234222862518693895
1234231108138438656
1234233650465660936
1234233902463692807
1234228092895404033
1234235323707686912
1234223607494172673
1234229939941117952
1234231425190301697
1234232177274933248
1234224188409470978
1234229318152343552
1234235024834211843
1234231885242490880
1234234534985641986
1234231064094072832
1234224840342691840
1234230307638956035
1234236655172833281
1234226888069013506
1234235309501579269
1234233617737494533
1234233441618661376
1234235528909815809
1234236876988518400
1234234489313861633
1234226355061035008
1234228685756039168
1234228515698094081
1234236569713889287
1234228893751664645
1234234117828612097
1234231381758291969
1234222560004452359
1234235979101327365
1234231816258588672
1234226260144001024
1234226745588568064
1234225717551886336
1234227747968442370
1234228188567474178
1234223660845670400
1234227765018275840
1234222912476983298
1234225430573355009
1234236484800204800
1234236571899092994
1234235227884736513
1234229543105388544
1234229924497522688
1234222442547015680
1234234462113677313
