1236840430660136960
1236846417508884480
1236841157625184256
1236847028132433921
1236840541578563585
1236840637158301698
1236846459271680003
1236835432194650112
1236845762681524224
1236834970813022209
1236845880839409670
1236840125792804865
1236845837629693952
1236834512618676224
1236846207743537152
1236841010157813760
1236834476501561345
1236846975083065344
1236841072959139840
1236846068060618754
1236845887537778689
1236835432580734976
1236835796985896963
1236841265494282240
1236840355254996992
1236840342650892288
1236834696916426752
1236835537400578048
1236841425700036608
1236840423223709698
1236847016673771521
1236846613169086464
1236840741411962880
1236840602748235782
1236846462245335041
1236841181797064704
1236834837417377792
1236835561295339523
1236835113033510912
1236834593015074816
1236841119129858048
1236841417152106502
1236846425398484993
1236835042699227136
1236846815674335233
1236835286233088000
1236847117399924737
1236835100223889408
1236840162610434048
1236846001492594688
1236840406777765888
1236841466678272000
