1237452820342685696
1237447912575176705
1237452757071589378
1237440829309976577
1237441953081458689
1237440727723827200
1237452346327777280
1237446549476646917
1237446457667588097
1237452329454092291
1237442074418413568
1237453079680876544
1237446557802397696
1237441491619864576
1237446495898685442
1237441508422438912
1237452928845336581
1237441432404754434
1237447686053298178
1237440686032654342
1237441587690582017
1237441008721412099
1237446595613990915
1237446914326528006
1237440950714208256
1237452900076605440
1237440580277288960
1237446742767001602
1237447228769415169
1237441776413298688
1237441680044888065
1237446621698371585
1237447653530595328
1237447929218162688
1237447765946482688
1237441747833294849
1237441659224444929
1237452287540428801
1237441914661560320
1237446767832190977
1237453030200655881
1237452727552270339
1237441856297766913
1237447598115565571
1237446855597973504
1237452467748700162
1237452988135833600
1237440744815841285
