1235905751266320385
1235911636277321730
1235899094423310336
1235909219695710209
1235905454183718944
1235911620091686913
1235905183617388544
1235909440882139137
1235905363523723265
1235899967773872128
1235899959746142208
1235900161122897920
1235899067265191937
1235899729852141568
1235910969789825024
1235905262059315201
1235904794730139650
1235910265205555200
1235909451418386432
1235910307320598528
1235910388039942144
1235910512111751169
1235904556648652800
1235910247958503424
1235911526726262786
1235899033153081344
1235899821950550016
1235904445268938752
1235905286918946816
1235911653151191040
1235905047818571776
1235910315721752576
1235905974390620162
1235910554046390273
1235899385688379392
1235904166536654850
1235899774395707392
1235899540152164352
1235905525868630016
1235904585379831808
1235899850627133441
1235904572599742466
1235899545168433154
1235900127857999872
1235899670158852096
1235899579318575104
1235899264859017217
1235910563001229312
1235905383031435270
1235900111609303040
1235905441743298561
1235905537256103937
1235910394067030018
1235911413329207296
1235900088582627330
1235904706263871488
1235899049909383169
