1234244059738312704
1234248776321204225
1234249032035381251
1234241315916767235
1234249402404999169
1234248256252784641
1234241366789476352
1234243000886161408
1234241518468304902
1234238496929304578
1234249136083554304
1234241618200256512
1234237080596701185
1234243699674173442
1234241876812677120
1234238848789614594
1234248441137512448
1234239036128030722
1234237119763230724
1234241525355249670
1234248544627740672
1234238385906233344
1234241646595727360
1234237588178862086
1234237461217153026
1234248646746460162
1234239026074456065
1234237912155328519
1234249467303530498
1234243424213069824
1234248455373152256
1234242626083119110
1234249249237295104
1234243952208830464
1234241732583268352
1234249492637126658
1234242957840175109
1234242669876039682
1234236992814305280
1234237692449345538
1234249333454909442
1234237255620927491
1234239292710510595
1234249220426592256
1234240168669908992
1234237443810963457
1234242601513078785
1234244477365211137
1234239438974259206
1234248405397987330
1234243695299481600
1234248393247072256
1234241032251899906
1234237720215609344
1234243364620525568
1234237017061384192
1234249299208351746
1234241686680764417
1234239748417478668
1234242057193107457
1234241885662670848
1234243650755932165
1234240719965085698
1234240235564937222
1234249458931699713
1234241552093982720
1234243724571484161
1234242286642487303
1234243757618475009
1234241814867120132
1234243751851298817
1234239339669970944
1234243620619857925
1234243283171196928
1234243472632229889
1234249376312070144
1234238542940794880
1234249475440467968
1234243286690418695
1234248613536161792
1234242096401395715
1234240630324252672
1234243112001626112
1234249254413094912
1234248519885742080
1234249538808008704
