1234890120026738688
1234887952632819717
1234894536784203776
1234897760962449410
1234890608659046407
1234886717460697089
1234901163889352705
1234898785878388736
1234895100393721856
1234897992500629504
1234887373839880193
1234887869971476482
1234888470205566981
1234892627142729731
1234895709687762944
1234899699393581056
1234889472090820609
1234893334403002369
1234894690069229569
1234887214460493824
1234900050142203905
1234891920951758848
1234900078722195457
1234895835592261632
1234897273949163532
1234894771379826689
1234895072547594245
1234896823048863746
1234894019592769536
1234894495440875520
1234890128167964679
1234897672781410305
1234887769689706496
1234889342604238848
1234892782629724160
1234897796160991233
1234889040467546113
1234888163463700480
1234895126671101958
1234895200528396289
1234890157901438981
1234889997565800449
1234900940639129601
1234888856383574023
1234900569879433217
1234890106567372804
1234900159265464321
1234894446078156800
1234890204928004097
1234895388357939200
1234893619963846658
1234897986452414464
1234894862480220160
1234888100821815296
1234889999373537289
1234894495726133250
1234890463745904650
1234900336852246528
1234900606852177920
1234892992160264192
1234900833776566272
1234898127976566786
1234896740463128577
1234900390338015232
1234897375904370693
1234898782367686658
1234900355944796161
1234896909275299840
1234893562023743488
1234889873032507392
1234891795420499968
1234887971624624134
1234891886902550529
1234898010829512704
1234889852631633922
1234897463695142912
1234896816350494720
1234901302167134216
1234898991575252992
1234896970029813761
1234895611192905728
1234895046635401217
1234889069076844544
1234892849772101632
1234895129166565378
1234898394591748097
1234894807069151232
1234898408210649094
1234890790746415109
1234890408699793409
1234888808069394432
1234897868697325571
1234890524009619456
1234896271703408642
1234893790046908416
1234899073188192257
1234892265136566278
1234893771910864900
1234899996115427329
1234898741733347329
1234900957936246789
1234886656714518530
1234893858711973893
1234900619795877888
1234886828907319297
1234890553357217793
1234887406815453184
1234888122715889665
1234899222178279426
1234900084254543873
1234897242412154880
1234886559779958784
1234899604166119425
1234899944751927296
1234894215076814849
1234900374038904832
1234891487583916034
1234893792995618816
1234894534665998336
1234899102581829632
1234899575728754688
1234898512006938624
1234894975504191489
1234891854778380289
1234886960726134787
1234895847265120259
1234896664428675073
1234898912529526790
1234887500767858690
1234898816521756672
1234899401983680512
1234896629901053952
1234894134609051650
1234892153849106432
1234893820418043913
1234900941469552645
1234897849667682305
1234892919313555457
1234894167316234243
1234894560175828993
1234890750631919616
1234890758156619776
1234892194458284032
1234896619923034113
1234894190548439040
1234886326261972992
1234887011061792768
1234888692780503040
1234900226693046274
1234899494627618819
1234890043774439424
1234894825838850050
1234892069866496001
1234896596455870472
1234891461591752705
1234897645161742336
1234900292480774150
1234900197492346880
1234900635818086402
1234888442154061824
1234894198219911169
1234891823971258369
1234895111378624514
1234889694539739136
1234889462087217152
1234887582217052160
1234900910016430082
1234900230383947776
1234889341492703233
1234899755479814145
1234898410362298369
1234887052493230080
1234886457937911808
1234892661838024709
1234897848828751872
1234895567786070017
1234900817402003459
1234891523394809856
1234894274010996737
1234892049670901760
1234887179383590912
1234896165554053120
1234894374430896128
1234900137794732034
1234895687143346178
1234892739461943296
1234895104227336193
1234888179934732289
1234887203131678721
1234899071736930306
1234897038086692864
1234889239243960323
1234895154550640641
1234889099045228550
1234895874993643520
1234894469390110720
1234889597479522305
1234893810372612096
1234895627600957440
1234894765247909889
