1238093097105592321
1238098902177452033
1238087992910188544
1238088588291706886
1238087418105999366
1238100038804557829
1238087837892972545
1238088089349894145
1238099837343559681
1238094175091830790
1238093156052131840
1238093726372806656
1238099023497756672
1238088676711825408
1238094104061530112
1238099988636479489
1238099493473656832
1238087405812486144
1238093743317610497
1238098696492986368
1238088630163263488
1238099484904542208
1238098713354125313
1238099141311463433
1238087602588221440
1238088357521117184
1238100085004632064
1238094137632509952
1238100139287482369
1238087514763808770
1238099900426059778
1238093160200495104
1238088261278421005
1238088366085857280
1238087665716809729
1238093822669795328
1238093319634386945
1238087703230582784
1238093886075084802
1238088135579500548
1238088173286297600
1238087954800742400
1238098956602744833
1238098759755509761
1238093210267914243
1238099283712319488
1238088605488287744
1238099774764695558
1238087506148626432
1238088408179904514
1238093881570459648
1238098985707016192
