1237382934476324864
1237388445724467203
1237383848448520192
1237382742163304448
1237389381633052672
1237377767873875968
1237383316740833282
1237377750639480833
1237388467275026432
1237382826179399687
1237382653411758080
1237382699553259522
1237383169407684613
1237377779597008896
1237383178169405442
1237388625924378633
1237377855790682113
1237378014511587328
1237383169709494274
1237388869621829635
1237382741957783552
1237377670154989576
1237383761085575169
1237388513013719040
1237389209255608327
1237389632620265473
1237378035558604800
1237388202475802627
1237383572199297024
1237389540601393154
1237389515502669825
1237388823287357441
1237377691961012225
1237377704204386304
1237389012672712709
1237383316006895617
1237389582833831936
1237382951324790785
1237377809653411842
1237383224143167488
1237389607760617474
