1235168386159542272
1235166221886263298
1235172246534094849
1235171955864678400
1235159497309646848
1235165188116144128
1235171848532312064
1235166336617263105
1235159219302576129
1235165722885656576
1235165405913767937
1235172357330722822
1235160059254013952
1235166728675635203
1235160368646737920
1235163679852826624
1235164982964301824
1235161621997088768
1235158099671035905
1235166154596876288
1235165763704459269
1235167229781700608
1235168016805122048
1235173068374511616
1235172353103089664
1235172376494604289
1235165193111588865
1235168530913513478
1235171835949400066
1235160385650593793
1235159720023003142
1235160039905775616
1235167922097618950
1235159767833665536
1235164821223608320
1235167757630664705
1235164639396233217
1235170956580139008
1235165922832322560
1235171782900019200
1235171611965370369
1235168340638707713
1235164069075668993
1235171895294562311
1235171419933245440
1235164915264032768
1235159962281635840
1235160450959937537
1235162998743891969
1235160054568910850
1235161348348071937
1235166326706130944
1235169431585787905
1235167559730843649
1235166480951541761
1235167791407181825
1235166312399130625
1235171135269949441
1235159970552754176
1235158069614497795
1235159145021673472
1235160753985945606
1235171618919510016
1235158201600901120
1235160569801515013
1235165137323118597
1235166043951243265
1235171393349836805
1235172209405988864
1235168321915387904
1235165080762929152
1235171794354655233
1235171932871389185
1235159825610346496
1235161843531804677
1235172298040266752
1235167863813660672
1235168931792457728
1235167095756935168
1235170305599057922
1235166131331231744
1235171731041652737
1235165823582511104
1235162735052288000
1235171468088135680
1235170591050592257
1235171551126966274
1235163024010424321
1235160092703510528
1235169738126503936
1235171281458417664
1235167661165654018
1235165453300846594
1235169478431903746
1235167692220317696
1235170202699984896
1235162597277696002
1235170179358904320
1235172527468662785
1235158797062111232
1235171869306671104
1235166308083339265
1235165808525012993
1235160217547149312
1235158854494810112
1235166430758305796
1235160817529573376
1235169817780457472
1235158594678644737
1235162070917754880
1235164957433614336
1235158348267491328
1235171467760984065
1235161219620732929
1235163815186018304
1235172604060680195
1235164424358359041
1235163716674629632
1235168534998790144
1235171955965296640
1235158641378029569
1235160671261614080
1235165293950971905
1235164277901643776
1235168744533618689
1235169201561755648
1235167882386059264
1235166304392425473
1235167448070074369
1235165286598311936
1235171551068200962
1235166090797486083
1235172948417425408
1235161965426810880
1235168919750574085
