1239488378569199621
1239487795862929410
1239477863881027584
1239476953058549760
1239482875465977856
1239488206673858560
1239488718798565376
1239477368495853568
1239488613705846784
1239488324089380864
1239477658339205120
1239482808831225856
1239488047898439680
1239487816607977473
1239482548549341185
1239477393984761857
1239482447919808513
1239482859137589248
1239477494257942529
1239477364465246209
1239488022573285377
1239482813004603395
1239482452076355585
1239476919826960386
1239477239156178946
1239488454083391488
1239477045849178114
1239483114549841920
1239477943337771010
1239488492171902976
1239488148150706177
1239477469717151749
1239483308104273920
1239483164961189888
1239488421048938496
1239488604327546881
1239482956139442176
1239477192267948033
1239477599186944001
1239482460410269696
1239488781763387392
1239488441437450240
1239483529978884098
1239488026356502528
1239488827405864961
1239482653360840704
