1234902396586749953
1234915906800771073
1234913019525812235
1234908078287572992
1234909599733407749
1234911940750782465
1234912909039456259
1234902536282419200
1234906855484411904
1234906032075419651
1234906177709821952
1234914280807505920
1234915244151123969
1234916383147749376
1234906809313431552
1234907678301937665
1234910388162043904
1234912403558551552
1234902647729270787
1234914882106974208
1234903429794979841
1234905411037253632
1234915296927862784
1234902509489131520
1234905297266733056
1234910429924777984
1234912162868604932
1234911696570998784
1234901989026226177
1234906272702402560
1234902985035128832
1234911236392968192
1234914840562425856
1234903194255294464
1234906715189108739
1234902930681036800
1234906769459163136
1234907661415501824
1234912328472289282
1234912469547716608
1234905634501468160
1234904849143259137
1234908549962174464
1234901547101847560
1234908661367091200
1234905549541650432
1234916034827649024
1234911988691668994
1234903138404007944
1234903937368629250
1234909446045863938
1234907808442847233
1234911743102472192
1234912222595502081
1234915758112677889
1234912599050862592
1234902126645653504
1234912410936520705
1234914451335319553
1234912000322523138
1234909803006373890
1234905141939142658
1234915571344584706
1234914661289598978
1234914373015154688
1234904864343437312
1234912002872659974
1234909830084775937
1234902132278595594
1234901728790794241
1234915252094955520
1234912320557588481
1234905710212927490
1234906508724359168
1234905187761950720
1234911434716467207
1234913576113958912
1234910102928257024
1234905396869050372
1234904871050108930
1234901790052769792
1234911305758363649
1234916400625373185
1234913396765556736
1234901784952549376
1234904146362241024
1234901483969114118
1234916263870074880
1234916226092150795
1234901409302220805
1234916215958597632
1234903253999026176
1234914001412329472
1234915337591754758
1234912518235205633
1234915725942251521
1234916227035881473
1234905891662548994
1234905720174321664
1234909354656194562
1234901631512317952
1234911739533086720
1234903461550084100
1234903574380892160
1234904295092424704
1234911983469826049
1234910421284466689
1234910058267328513
1234911129127833606
1234912980694859777
1234908050961637382
1234903059328835584
1234906646293499904
1234915574955724800
1234906091357691905
1234906605969342464
1234911445814579200
1234907165363785728
1234909276516298757
1234912456482467862
1234909778322894848
1234913138211983366
1234908625690341376
1234904977803554816
1234903161304952834
1234912289771278336
1234902214365212672
1234914420867747841
1234907985974972417
1234915483012476929
1234906273784717312
1234901810252525568
1234912787178061824
1234915043256332288
1234909595442843651
1234909439846576128
1234906335084515331
1234903140526436355
1234912033428168704
1234910874411900929
1234904010802462721
1234903700239519748
1234914589017546753
1234914780462247936
1234905912323735553
1234909062606852098
1234903239461609473
1234912744136151041
1234915586511167489
1234914009066897408
1234915322194530306
1234903767524528129
1234909095850840064
1234910654521233408
1234903746800504833
1234912901426753541
1234914853095010304
1234904438864785408
1234906593403318272
1234902889795112963
1234910961041125377
1234913877772644353
1234906929849413638
1234910235648647168
1234911298506444803
1234908580228190208
1234911768775925762
1234905758518726656
1234912476958990336
1234907559489867781
1234912211195375616
1234906110211035136
1234910183651979264
1234915859761651712
1234905775438364672
1234909102280728576
1234912339100606465
1234908288375906304
1234906272924868608
1234912663198584832
1234912116735434752
1234911312544555008
1234911285835390979
1234906706745921538
1234909217204494336
1234912225522929664
1234907875031617543
1234906416801955840
1234911537204224000
1234904024811548673
