1239380022843936768
1239373798513795073
1239374725626855429
1239380132160311296
1239379384991178753
1239374570492231681
1239379746401603584
1239385022492225541
1239374150558347265
1239385739655368705
1239379117155516417
1239385899479248909
1239380127689179136
1239379695763890176
1239379913788076034
1239384762491404288
1239374167872503813
1239385408183599109
1239374738163728384
1239385118868938752
1239373639453196288
1239379314417774598
1239384968079400960
1239374385976356866
1239385618083278849
1239379763132682241
1239379196469624833
1239385421064187904
1239373546650042371
1239373928180613120
1239384896994340866
1239374465491972097
1239384724776398849
1239379792618635265
1239374750654148608
1239374444503719939
1239385253493346305
1239373723322417152
1239385827559518215
1239385626161467393
1239385756512260100
1239385278445490176
1239385014267150342
1239379356134211584
1239379272118214657
1239380282761007105
1239380203559763968
1239374222578913280
