1233942450084950016
1233942101576077312
1233939901575581696
1233941435528839168
1233936404767551489
1233946287126409216
1233946920923451398
1233944051935666176
1233942925790322688
1233937390332448768
1233946495096889344
1233940212624973825
1233940728243421196
1233942713181122561
1233946281111891970
1233947051349528582
1233938375452876801
1233935054960807936
1233935305050333184
1233948356902293504
1233937756369432579
1233947287681892352
1233940226223083523
1233943774998540293
1233937528408956933
1233948971254501376
1233937217443201026
1233941109962788864
1233946589674295297
1233941747895603200
1233944223050817536
1233947801450471425
1233946882780561414
1233946441053360128
1233935757305237504
1233942373383622656
1233947201073635328
1233941328016228353
1233940133407182848
1233948566953058304
1233941529170808838
1233945959928778753
1233946814774161408
1233943812487053312
1233940569279389698
1233937712333217793
1233935599826063360
1233942979372617728
1233937013809664005
1233943426183221250
1233940306216865793
1233935575914123264
1233947919239327744
1233937915245465601
1233935145096314880
1233936396131295232
1233940289204760576
1233935793686827008
1233945695201234944
1233950082082361344
1233940148414566400
1233939230679871493
1233946776455057409
1233945610480422913
1233948503639937025
1233938339067236352
1233934993019133953
1233935362571067392
1233941687606677511
1233948972311465984
1233939850597781506
1233940848665980929
1233935011323240449
1233935826339405824
1233939228989501440
1233949786040152064
1233936002802044928
1233943460211757056
1233943051082457089
1233934990892773376
1233944295566192640
1233939689851281408
1233946941563629569
1233944053529505793
1233945926089224192
1233940856245231617
1233948416822140929
1233940880001658880
1233939792817250304
1233942796966322176
1233947746035363841
1233935149919682561
1233941313998839809
1233945848272343040
1233936984973959168
1233938946570276865
1233944480564146176
1233941769139752962
1233935608449384449
1233946797317533696
1233935280983465984
1233935789018320896
1233948451395768321
1233945142366633984
1233939281271566338
1233947078545399809
1233943292565508096
1233943545884495874
1233947628150427650
1233945875627544576
1233949803345825793
1233941034167652357
1233946026647728129
1233935390123278336
1233949231825772545
1233938704990900226
1233935773143117824
1233942873164349443
1233945893532909568
1233935495568248833
1233942515922817025
1233948166732558336
1233938815854632960
1233949234690314240
1233943678017667072
1233942846362677250
1233942855426723840
1233938246322794500
1233946093924356097
1233937544309596161
1233948861665644545
1233938392221700096
1233945476933640193
