1237470238893060097
1237469753020743680
1237481627049222144
1237470973722386432
1237482432540147712
1237470843367800833
1237481706954858496
1237482931993509888
1237470096873811968
1237470441159233537
1237470444699054080
1237469953676189703
1237483077821227009
1237471044648067072
1237469852954173440
1237476169626406914
1237481861762494468
1237477017739821056
1237470964591427584
1237470851504709632
1237470046026452995
1237475804814225412
1237475700782903296
1237482146476023808
1237481803277111296
1237482582553636864
1237477084265680897
1237475842562887680
1237482298364375040
1237481958134951936
1237482407458156552
1237476433586511872
1237470331540926464
1237476706816008193
1237470885499621378
1237482499430891527
1237471036637093889
1237481609433153536
1237482729668857858
1237470004532203520
1237476383204478982
1237476584832958464
1237470612517531650
1237481836152004610
1237475938943799300
1237470251673141251
1237469966657413120
1237483002155974656
1237482734358007810
1237469861346975745
1237476698905550849
1237482427628621825
1237476702869168130
1237470771745824768
1237476887204696069
1237476430381854720
1237470448524439555
