1240503832653844480
1240514099915571200
1240514980753092609
1240503647546441729
1240514377112907777
1240513990955958272
1240514406473138176
1240508735124058113
1240514087492005889
1240503341534400512
1240508249150853121
1240514196367749120
1240514246594592768
1240503379580915712
1240514670592774144
1240513898979004417
1240513760428617729
1240509016700342273
1240508206985568257
1240514799496073217
1240514598899527680
1240509368757391360
1240503832557187073
1240514833671471106
1240508475563802625
1240514984527958016
1240514259576111105
1240514376827695104
1240514309454782464
1240508496463855617
1240514099726835714
1240508240527425536
1240508500498763776
1240513956680253440
1240509138221891584
1240513953106518018
1240508827633684480
1240514540527329281
1240503627095179264
1240508839599812610
