1235280898297171969
1235287218996023297
1235283393618874369
1235288708104032267
1235283667913789440
1235287688485515266
1235282714317795328
1235284952524165121
1235290052533645312
1235293755852419072
1235288856804634625
1235289424088444934
1235282962901602304
1235280126050353153
1235283651471998976
1235293857786585090
1235284638362456065
1235287521250201600
1235281063943041024
1235281303521701894
1235284010412232705
1235280747247865860
1235288527186866188
1235283162818916352
1235289263039709189
1235281333242531840
1235283871308156931
1235284811704684544
1235282937114853376
1235292565529907200
1235291551426846724
1235286530563989511
1235293654320926720
1235291877815070720
1235284167283355650
1235285512442859523
1235287463830183936
1235283278795550721
1235283940635746304
1235283845945139200
1235282411979563009
1235291196974608385
1235288720808595456
1235290964912197633
1235278936420093954
1235290272273227777
1235293810600677376
1235289893582098432
1235285657842569221
1235286168444469252
1235288327898755073
1235290935963144194
1235290710800322560
1235291421185277954
1235284426722086916
1235288954758451202
1235291418618458112
1235280031720427520
1235290333090639874
1235285407950163968
1235291800262279168
1235280464472047658
1235292710405361666
1235282588551573505
1235278998701101056
1235293859913125888
1235289623905161220
1235283438258790400
1235290837761826817
1235293741310775296
1235284319415029762
1235293383037530112
1235287988520787969
1235279047330058240
1235283583214014465
1235283588775645186
1235286732402315264
1235291986992795651
1235283078366588928
1235280788691841033
1235283865448611842
1235279886454886400
1235291734529241091
1235289871226458112
1235289390102073351
1235290665354919936
1235281867676450816
1235291581491679233
1235287893125591042
1235290292657573888
1235290910033940480
1235283505266995205
1235280701064392704
1235289982513942530
1235286083258257410
1235290766437732357
1235290259082088451
1235280149328867329
1235278996943839232
1235291709774401539
1235288316397879296
1235279884626386945
1235285270297112576
1235287212087967745
1235284560914649089
1235280808467976193
1235288876303949825
1235289645086314497
1235288146205650944
1235281944042188800
1235283330477830144
1235287059427987457
1235283045185355777
1235285713131798528
1235279861234663426
1235283501093658625
1235287833147060224
1235283879466061827
1235293274493112320
1235292179502899206
1235289574710169607
1235286230268551169
1235292714985492482
1235290822653943813
1235286986212225026
1235290226270121989
1235283920075321349
1235281897497882624
1235283799296094214
1235292852973862924
1235283373326815237
1235283714340458504
1235289245046231041
1235290460236779520
1235285907185561601
1235289803794591744
1235283699404546052
1235282892584103936
1235289366559420423
1235293739901427712
1235290848075673601
1235284401988268034
1235284679332368384
1235280406439575552
1235293643617054721
1235280831897309184
1235279701519872000
1235283123719589890
1235284515607711748
1235287408045961221
1235292070459383809
1235283136994566146
1235293660201324544
1235281030883364869
1235281035954401281
1235283740785594369
1235281999948140547
1235283395636154368
1235284493205987333
1235285866957819904
1235290270603890694
1235291171540344833
1235282859180597250
1235285175732506630
1235287043321798656
1235289572378017794
1235293377412976642
1235287687621496833
1235280084321349633
1235293026475483137
1235282293901664257
1235291272371412992
1235283993819480066
1235284049540927488
1235290453093871622
1235281774202281984
1235285826600390664
1235292105326702601
1235279677268414465
1235286716690452485
1235281139637596161
1235279034818473987
