1238434580660617216
1238428985387819008
1238429157467529217
1238424304963837952
1238434383369064448
1238428708517675009
1238424028190330880
1238429434174222336
1238434417040936973
1238429392302305280
1238423138817454080
1238428897806598144
1238434354185068544
1238423549788000258
1238423964877303808
1238423801429397504
1238429958655090689
1238430008382758912
1238434627099885568
1238423541311299584
1238428800985305089
1238434417074409472
1238424124239892485
1238423486844067840
1238423155502460929
1238429925268389889
1238423952067825664
1238428918404743173
1238429329547280385
1238429706908610560
1238423310905438208
1238423880924086273
1238424216602644481
1238429593461075969
1238429887381286912
1238434581159849990
1238423092352954370
