1234071624090972161
1234078931839520768
1234071993974046720
1234082980324413441
1234073918471696385
1234085545489444865
1234081946650763264
1234084349039042560
1234074300304494592
1234085955406974976
1234084132436742144
1234074673283031045
1234075680385748992
1234082557593030656
1234079397491068929
1234084577322422279
1234078634014494722
1234085975762128896
1234084728166371328
1234078295794356225
1234083413986025472
1234074995690790912
1234079172479389696
1234077230566912008
1234071020052631554
1234071729607237632
1234082503390060544
1234076612561383425
1234072431192674304
1234080021469261825
1234072439925030913
1234071697290125312
1234085169168093184
1234084550877122560
1234076471326629888
1234081119219392517
1234075402538299392
1234076519594700802
1234072727507611650
1234085539780780033
1234080076364255233
1234084191379259392
1234084998543745029
1234082122194964480
1234079638831411201
1234072131668971521
1234083384957206529
1234075276335865856
1234081824562974720
1234080154751729664
1234075671824977920
1234082872379813889
1234077490789986305
1234077188611244033
1234078181335814144
1234082335034920963
1234082382933786624
1234071864214867968
1234085817045250048
1234073265720692736
1234081162907267072
1234072052946042881
1234078398256861185
1234083167935565824
1234078240928649217
1234084079458385920
1234075524621914112
1234076112222859265
1234070969687453697
1234081194557440000
1234084974061588480
1234073002293096448
1234071793595486209
1234081008049254400
1234077832315191296
1234072126702878721
1234082539108786176
1234084178628616192
1234077331859226625
1234084249877254147
1234072232202309639
1234073247194415104
1234074677561217030
1234081067566432256
1234085489038131200
1234072307846479873
1234082039328014338
1234084047413886976
1234075207624777728
1234085687244337152
1234073244442877952
1234077811394121728
1234077137872838657
1234085511972524037
1234072678828371968
1234085235756679168
1234076407761756160
1234072388754530304
1234083411536621568
1234078701739839488
1234081871958597632
