1235438136500592640
1235437676070764544
1235432601608839168
1235444462718943232
1235444386185596928
1235438317073727488
1235432374609096706
1235433099254583296
1235444148062191616
1235444286306406402
1235432734748704768
1235433308806209536
1235431905245315078
1235444923056308226
1235438459831160833
1235444715593428992
1235438649694658562
1235437685516275712
1235437849249542144
1235432472839503873
1235438044376731657
1235438673505611776
1235432430900613122
1235433074567131136
1235438084172517376
1235432266479828992
1235438601736871937
1235438346572378112
1235433146520416256
1235432809776504833
1235439084417343489
1235432715736035328
1235444894652653568
1235438090958721024
1235444026288955399
1235432455764471809
1235444456175747072
1235443906306686976
1235432100955688962
1235432462739595264
1235443909666340864
1235444548651741185
1235432918857797632
1235443526823002112
1235437865196236806
1235432439171780610
1235431903689420800
1235444071965118464
1235432598119297024
1235438725024239616
1235444447036481536
1235432198041251841
1235438751649849344
1235431864686374913
