1237651729530925056
1237662581516574720
1237662955224915973
1237656802717650944
1237652096570318848
1237651056244535296
1237662929580748800
1237650775515504646
1237651504024162306
1237663093708197888
1237650704497397761
1237656591920480256
1237650838916653056
1237657338699382785
1237656511729610758
1237650988737138688
1237650947561709569
1237651500999905281
1237663584467005440
1237657637338132480
1237656474765033473
1237657888748863489
1237650758910103552
1237657468970418176
1237663182107410432
1237657531276804096
1237662628194988032
1237656622530428929
1237657268297990144
1237662648889679872
1237657247423045632
1237656676519608320
1237651202894110725
1237657397361029120
1237657859036303360
1237650867005743104
1237663107104694273
1237656451050434560
1237650914128756737
1237662674630123520
1237656904039419904
1237663501172252676
1237651782052036608
1237663466674163712
1237662259293196288
1237651324096872449
1237657661950263298
1237663299652562944
1237657573412581376
1237651286566158342
1237657729507840000
1237663294250536960
1237657297377210369
