1235957324042448896
1235956691855970304
1235957194832646145
1235956493612011520
1235957287417675776
1235951317723594753
1235950425276379136
1235950382830047233
1235948359980105729
1235946028970520577
1235956637694914560
1235950874469576706
1235946120465002496
1235945060455378950
1235957078138802176
1235948945278464001
1235954845472841728
1235945782093795328
1235945437737234438
1235945689151967234
1235945137760423943
1235950518226190336
1235956620506492929
1235950802658680834
1235950496071942144
1235951532111261698
1235943855230509057
1235956762370609153
1235945194471731200
1235945783356080128
1235951562989670404
1235951162819514370
1235950374541877252
1235950710627266560
1235950421576998913
1235950571753893888
1235951032720437252
1235951838463021058
1235950517395783682
1235956284559630337
1235945626401202178
1235950881956343808
1235951151868194824
1235955167314538496
1235950395828113409
1235949359394504704
1235956146244120576
1235952292349849602
1235945017832648707
1235956370610020357
1235957480187887617
1235956290091876352
1235953010200793088
1235950845096800259
1235945181859450880
1235950900541304834
1235956335478521857
