1234685985025351681
1234685636210094080
1234686305239543808
1234680066233159681
1234675369178873861
1234675412619280385
1234686707691184130
1234686102503481345
1234680935137730560
1234680021874118657
1234679921663868930
1234685382496669700
1234686299090472961
1234686641257598977
1234675108649635841
1234680009874296835
1234685967467810817
1234686648249540613
1234685846248275969
1234685575292047366
1234680834877095936
1234681064934670345
1234674996120715264
1234686143960010756
1234686059180482561
1234685585706479620
1234680667385954305
1234686636861976578
1234680562230521858
1234686102029656064
1234674980702392320
1234679793511100420
1234685788853456896
1234685768200675329
1234680720477392896
1234681079883132928
1234675286316183553
1234680717268766720
1234680524939022336
1234680565988638720
1234686555488489473
