1241216230633230336
1241214892931244032
1241214951403986944
1241223969077747713
1241220533946990593
1241226011854815232
1241223826568085505
1241221628392071169
1241218973749989377
1241224942101778432
1241222782396043264
1241212954655125505
1241222807578726400
1241220588544262144
1241224875206832128
1241222836993134592
1241222845264302080
1241224996657049602
1241223818070253568
1241217002586263559
1241214825390358528
1241226951483781120
1241222736136949760
1241219678602575872
1241222726838190080
1241224895796658181
1241221498733342721
1241221586775969792
