1241191857750601728
1241191765094174720
1241185645634125825
1241190653771444225
1241185394047107072
1241195720910274560
1241195741164507136
1241197305752997889
1241193992290816009
1241185268331356161
1241185628919861255
1241191853484990466
1241191530142064646
1241191723457564677
1241185695961513984
1241191530158788609
1241190670536265729
1241185998173806594
1241191605987655683
1241185498829328385
1241191853120241664
1241196383211859968
1241190766933733377
1241194013325250560
1241185607986163712
1241185390188531717
1241195665704636416
