1234173364870115329
1234174705046716418
1234163567584141312
1234169749745127424
1234169275872505856
1234162561655820288
1234170819900792832
1234169505921806336
1234171988567973889
1234165258635358208
1234170069187530753
1234171433280057344
1234166081910124544
1234174291559813123
1234172728887791616
1234170564341850124
1234170876876161029
1234168053014913025
1234164271300456448
1234173847231848449
1234166788381798400
1234176330855522304
1234168894782234624
1234172500566634499
1234171418079846406
1234175613944025090
1234161832845291522
1234172749632786432
1234165526231998464
1234162833941770241
1234173335942025219
1234173357265997829
1234173949728239617
1234172115693096960
1234162794393559041
1234172983083700224
1234162550800957440
1234166331286736896
1234170612219699200
1234168248343650306
1234172731693944832
1234172813147353090
1234161956745072640
1234170484000002048
1234164103675072513
1234162173359747073
1234162232935645184
1234174674038411265
1234169419795857410
1234165143011045376
1234171119994855424
1234172663372959747
1234164309741260800
1234172956667936769
1234162619990319106
1234176170410704897
1234169418579509249
1234169850475491328
1234166874964930560
1234170993213689857
1234166591308357632
1234173292615012353
1234170836464152576
1234162801675063297
1234171917982191618
1234173984285044736
1234164779004067840
1234170583656607744
1234166321744678912
1234171858959962112
1234168830626275329
1234166921177649152
1234168507815776261
1234173301674524672
1234163098573066240
1234170919666380800
1234165450797441024
1234167386321891333
1234167452487077891
1234172608016527361
1234174873053716480
1234172954784813058
1234172507558563841
1234176344507940865
1234165409823084545
1234168398709481475
1234168476010332160
1234161740100915205
1234171851317874688
1234175586895093761
1234171266388480001
1234166345371025408
1234171626020839424
1234164859069034496
1234175157306109952
1234168966676983811
1234175701286301696
1234176324270358532
1234171513240084481
1234163766276829186
1234164002957037568
1234175717354680323
1234173622111154179
1234175386386419713
1234174454659461121
1234171088239640576
1234164405006368768
1234163994694471680
1234163361543282692
1234169546430349312
1234171469589966848
1234175834283532289
1234168829305069568
1234166169554366466
1234176099015254016
1234162517368160256
1234173639517495296
1234174824433496065
1234175870065049606
1234171439382749184
1234165841601662977
1234169696141893637
1234164342721040387
1234169757827555330
1234162625870610433
1234166222616322048
1234170409211322370
1234166814843768832
1234170834434101250
1234168504036790272
1234171988278534144
1234164987746291713
1234172306370551809
1234164252405047296
1234173521682739200
1234168289481445376
1234172397961564160
1234172484301312000
