1240615337730727939
1240609554079113216
1240609272800718848
1240621054634201088
1240614729393061888
1240614914235957250
1240621314462924806
1240615325080698880
1240620941362655232
1240615643780612098
1240615383637385216
1240609658722795520
1240609176532987904
1240621251795746816
1240620786160996356
1240614750666371077
1240614645653598209
1240609264646815747
1240614855364579329
1240609188868325377
1240609385983983616
1240620630807941126
1240608983104266240
1240609184548360192
1240620639268020231
1240614482239311874
1240615031278055426
1240620219753738240
1240621289561178114
1240614838767927296
1240614461230252032
1240610086323728384
1240609570579288065
1240615455343226880
1240609121692463111
1240621193029455873
1240615471944282112
1240614910146551808
1240615413110767616
1240615006225522688
1240609448705613824
1240609667039899648
1240610124336693248
1240615157610328064
1240621184531783682
1240615560033054721
