1236723675543605248
1236718738709164032
1236718310311505920
1236718217751486464
1236723229164736517
1236717667685289984
1236723158310420484
1236723813427142657
1236718158330748928
1236724403410526208
1236718124495486979
1236724304886128641
1236718154828701701
1236718591535230976
1236718154966913024
1236717999932895232
1236723162039058433
1236718158460760064
1236724001537429508
1236718019780329473
1236723070590767104
1236723438687002629
1236724145133694979
1236718079255642113
1236724060052127750
1236718642034700289
1236718515471646722
1236723678261452802
1236724379200913408
1236717664560721928
1236717684362018816
1236724324846927874
1236724417109069824
1236723188811190272
1236723821736050688
1236724410071035905
1236717805803888640
1236724550789992454
