1240452942735585285
1240452498227265536
1240446764521598977
1240447385303683073
1240452636433887233
1240447683128627203
1240446978233970688
1240453014068043776
1240447443843469312
1240447158714802178
1240446407980564481
1240452477020848128
1240457778381983744
1240452988931461120
1240457658378924032
1240447628552343553
1240457682110332928
1240447749671342084
1240452988885327873
1240453018262306823
1240453168959373312
1240446579825238016
1240446915512328194
1240453072528248832
1240452485401268224
1240447033053511680
1240447326684172291
1240452976159809536
1240452581803073539
1240453026575527937
1240453035161255943
1240447409605361664
1240446701682323458
1240452523267444738
1240453001355108359
1240446567246594048
1240452816721915904
