1239096869952749568
1239090113478606848
1239090372678004736
1239085029239607296
1239095670474190849
1239096756337610753
1239084392212869121
1239090427463995393
1239085280902230016
1239096617875255296
1239095611191951360
1239084515307524097
1239090943078346753
1239084513487196162
1239084941432029185
1239096802818895872
1239096735538065408
1239084542784233472
1239084500484751360
1239084341428473856
1239091186696179712
1239096118908039168
1239084823081254912
1239084937585635328
1239096999674294272
1239090641260417024
1239096161027256320
1239085071480410113
1239095741735288832
1239084509351550976
1239084840575787008
1239090796990582785
1239096416481542144
1239085607940325376
1239090578073292801
1239096773462745089
1239090394555506689
1239090058231042051
1239096253369192448
1239096790084988929
1239090977081634816
1239095615214120960
1239095695715504128
1239095649032744960
1239084672493248512
1239084358243213312
1239084732031393792
1239096634753024001
1239096601609674752
1239090440147632128
1239084991776206850
1239096215574175744
