1237806983098572805
1237807419180363776
1237813676670963713
1237802050576166912
1237813911551967232
1237813308113203200
1237802528999444481
1237813102135123974
1237813119260524544
1237802310618750977
1237801911564328963
1237807771006799872
1237808358721294336
1237801832489066497
1237807800954175488
1237813374899105792
1237807372992724992
1237801089933750275
1237802545583722496
1237807385432989698
1237813227972526081
1237807125298061313
1237801437738029059
1237801752373506048
1237801064797110272
1237813052264845315
1237814314901233664
1237806886252163073
1237806911782883330
1237807632926343173
1237813118945951745
1237801295131676678
1237807704225218560
1237812888456368130
1237807532430831618
1237813056186523649
1237808056576045056
1237801722925453312
1237801693665886208
1237807637108076551
1237801354279546881
1237808232745312256
1237802302150283264
1237801727467958275
1237807414897979392
1237808387930255360
1237801761135628288
1237813865947312130
1237802088555581446
1237806877926457346
1237801228635176961
1237813182174883840
1237802264389136385
1237807348170752000
1237801756681265159
1237813484294897670
1237801815544139776
