1225491296124637184
1225487763107143681
1225485610288283650
1225485528683941890
1225490097430290433
1225492109714743298
1225485462481068037
1225488496615444482
1225490890443165697
1225482527252545538
1225491308128677890
1225488337588359169
1225491861789343749
1225492163892518915
1225493565960261638
1225487530998534144
1225487618676330502
1225485340749762561
1225489825479962629
1225482872456269824
1225482694143901697
1225487431996203008
1225485367517876229
1225490235649331204
1225486867828760583
1225493659048607752
1225490020099936257
1225491591961415688
1225483312266915842
1225488630757646339
1225491583149191170
1225488338439823360
1225483306063417344
1225489004931489792
1225485646967574528
1225482615148470273
1225491137781170179
1225492478452781056
1225489247630712851
1225492175418462208
1225485011366883329
1225493267082612737
1225482608299081728
1225488635300057090
1225487630671937537
1225483266163183622
1225486757266960384
1225484949928673281
1225492070627971072
1225493719702474755
1225484902281465856
1225489661126217730
1225490612062953472
1225486890322792448
1225485660959760385
1225487786230325248
1225485532253298688
1225486258757132288
