1224791445397262338
1224797502471204865
1224792466555056129
1224795091761496064
1224797963026714625
1224789840262242305
1224798720052662274
1224789784993755136
1224795742025519105
1224792881245970433
1224795844014153735
1224789134247636995
1224790204143276033
1224798883777335297
1224791280242188288
1224788378551537664
1224793833545793537
1224797592757760000
1224791615539118081
1224790673175515142
1224790861415731200
1224790916029911040
1224797091257638913
1224792857849942016
1224798080706367488
1224795097574858755
1224794387890212866
1224791100260483072
1224797141148684288
1224793864038383618
1224791684002639872
1224795205083287552
1224788777043927040
1224792045199462400
1224790569873862657
1224795725084725249
1224794775423004673
1224788419697618945
1224795000850014209
1224799429003218945
1224790922367512577
1224793947307945984
1224797187315466247
1224796608749064192
1224788433505325061
1224789062734811136
1224790258006446080
1224795146299904000
1224788416249892865
1224792411630637057
1224795773075959810
1224790370854326279
1224798628818116615
1224792966990061570
1224796848877113344
1224797753605337090
1224793717665619969
