1224741204459315201
1224754468442513410
1224740767626747904
1224739564255735809
1224753688360546304
1224750929540501517
1224739445192024065
1224739732636295169
1224753793386065920
1224753687433748482
1224740261495836673
1224750717803450368
1224752501754384384
1224752887676325888
1224740499052871680
1224741125287604225
1224750547284250624
1224752113625882625
1224740052850434048
1224752363044388864
1224741094321197057
1224753992565252102
1224752457445707776
1224753255932211201
1224750628238438401
1224740101785255936
1224741153917943809
1224753947673493504
1224751638432358401
1224741007272501248
1224752539461136389
1224751032812679177
1224751984298938368
1224740393687764992
1224741396243861504
1224753932779520010
1224753593967882245
1224741108330192898
1224739393769885697
