1227863806426173441
1227858695670898688
1227864666283503616
1227864637812535298
1227861642488074241
1227864409529176064
1227857539292753920
1227862948053315586
1227858525692383233
1227861178623254529
1227856468512296961
1227863846863474688
1227862341687160832
1227862219498483712
1227858059554279426
1227861684213231616
1227863610577375233
1227860727576199168
1227857130918682624
1227863166933184513
1227863221459091456
1227861728899276800
1227864910991892480
1227863890136064001
1227864128167010304
1227862457210855425
1227860977233911808
1227859560091701248
1227858176017518592
1227859526512074752
1227856574242336769
1227857928264265733
1227863814902878211
