1227561951124955138
1227557360983367680
1227555857598230528
1227561740193402881
1227561565303590912
1227562507558150144
1227560997570801667
1227556705342382080
1227555616669020162
1227558364986707969
1227562377966649346
1227559650356269057
1227562784474288128
1227558022093799424
1227559063107624962
1227556056710037504
1227561625625993217
1227559772431347714
1227555997905977344
1227558392543272961
1227561276273983490
1227562376582402048
1227558530619596800
1227556510487785472
1227561361829486592
1227562632980226050
1227558979066322944
1227561044844990470
1227561908250673152
1227558615403368448
1227560396698963968
1227560914104279041
1227562437240672257
1227559276513763328
1227562305489031168
