1224133576666632193
1224128598044360704
1224134612605009920
1224133093679910912
1224132951421489152
1224133370940198913
1224135152487497728
1224133883400085504
1224130219637739520
1224128881923260416
1224134876779016193
1224128262181392385
1224133676927193090
1224132230827651073
1224130042873036801
1224130381638709248
1224132952960966656
1224131214564642816
1224132926159323136
1224128920515039237
1224130310800953345
1224128872322682880
1224130618004590592
1224134131375734784
1224133476896649217
1224130752582844417
1224134815890464768
1224133012448739328
1224132766385618945
1224134423920115714
1224129912367386624
1224129102640222208
1224129524599640065
1224132742365044736
1224130692243542016
1224133966279651330
1224132740121014279
1224129715927244801
1224133858817232896
1224131588151304193
1224131235821191168
1224128480780177413
1224134321985900544
1224130808665034755
1224132796295368705
