1224029217899282432
1224019281509339138
1224029273964646401
1224027376557985793
1224029009190838272
1224018488601337856
1224029110609108992
1224017600818139144
1224018964558286848
1224019159408758784
1224026768006316034
1224027508800028672
1224027762509467651
1224018421429334016
1224027641109348352
1224026376572895234
1224028358024974336
1224018421848969221
1224019016605302785
1224019051367682049
1224026743872335872
1224019556714209280
1224026746976133123
1224017807291101187
1224029222970126338
1224019505304739841
1224027750836637697
1224029187574587393
1224018404652343297
1224026412866330630
1224019010406244352
1224027324762423296
1224018566070095872
1224019007394598914
1224026953360887809
1224028669699657728
1224028987715964929
1224017507289157632
1224019163942920194
1224019374719348737
1224019869097574400
1224026873539125250
1224027111628951552
1224017625828810753
1224017578219245568
1224017728006164480
1224018075403591682
1224028568633561088
1224027571223818242
1224018912301539329
1224029053587349504
