1233271147560656897
1233271249025015809
1233277199513346049
1233271007038693382
1233281047858733056
1233283431657656320
1233274175965532160
1233283767403450368
1233277975250001921
1233274367993352192
1233284619669311493
1233277610156810240
1233285447050285056
1233275125652283392
1233277182987907072
1233277735503630338
1233275948356730880
1233285316963917828
1233275784665526272
1233283807828041729
1233275425805172739
1233281241849434112
1233275180249538560
1233274845644771328
1233274863256657920
1233272513452531713
1233284312021323778
1233276913407451137
1233274717575901184
1233277910988886018
1233283558309060608
1233275589789802496
1233276566274269184
1233272223772880896
1233284252826923008
1233282043355770880
1233285637794562048
1233282705292496897
1233283932168212480
1233277499544608768
1233279992936587265
1233277200872271873
1233284763051593728
1233274718939037699
1233281430421151744
1233274012987482113
1233273336840572929
1233283406739447813
1233276002203205632
1233282423074328579
1233284057175228416
1233271268402577408
1233277178407636993
1233275124633214976
1233283543616409600
1233274211684290561
1233271355312750592
1233283858512121858
1233279110937370624
1233273162953039872
1233271465761337344
1233278149804331014
1233272183603912706
1233278782867410944
1233271002039087106
1233273405169963008
1233275201690824706
1233280392871858176
1233280258582904832
1233276131018588160
1233275502741381120
1233283140304691200
1233270990928375808
1233271309242515459
1233281794604183552
1233273582584766464
1233277405415923712
1233272929498128384
1233283314565316612
1233272597363773441
1233278166896119809
1233271378448670721
1233273464376766464
1233283490298376194
1233284186351570945
1233283863750705152
1233273008556560384
1233271833719275520
1233270733163331584
1233283844968779787
1233282673940090880
1233277713479294976
1233284677974274049
1233276864023547905
1233280833714180096
1233284071201157121
1233275001614155777
1233271903449735172
1233279850502348800
1233281741663588352
1233276515741245445
1233275726121431040
1233282652049899521
1233281190171312128
1233274452584140800
1233274732977491968
1233279999173545984
1233282905834762240
1233276923381460992
1233271446086004736
1233274535828308114
1233272786904158208
1233273482328199168
1233275030731186176
1233272871503515648
1233272879648669698
1233276268453548032
1233272371584421888
1233276326389395456
1233280962944913408
1233277008496361472
1233277044655411200
1233283092472893440
1233275557996969985
1233274324599132160
1233277508230926336
1233276557654814720
1233285077133643776
1233282985652301824
1233271208335921153
1233283050428981249
1233272073453260800
1233272459006300160
1233277157616439296
1233271273121288192
1233281615121600514
1233283704266657792
1233275126596227072
1233284682273288193
1233275463528833024
1233272405285462017
1233276743743680512
1233271021307740160
1233282935215648768
1233273909589483522
1233272849927823360
1233283380936167432
1233276489170333696
1233285368125870080
1233284116138909699
1233273806988251136
1233273779746328578
1233275011013718016
1233281432610459648
1233283583760109568
1233280740772675584
1233285381417684993
1233282757549314048
1233280617669750786
1233282939628277760
1233278117487239168
1233280524740972544
1233283826895310849
1233279878558076928
1233275513575215104
1233282159638650880
1233281020729925632
1233282964512899073
1233271613270958081
1233276801339682816
1233273742907846656
1233273651820019714
1233280139305390081
1233276761623842816
1233276125469495297
1233282190580101120
1233279370220969988
1233279919662280706
