1232837571685863424
1232838683394367488
1232837559866150912
1232838440380780545
1232843800801894401
1232843963276681217
1232837946400821249
1232844010500259840
1232838045617004544
1232843167881453569
1232838478213328897
1232843565878870017
1232838139338559488
1232843729230319616
1232843734808612864
1232843428242714624
1232837174216790017
1232832752740950016
1232843842971242497
1232843558622765056
1232843670694645767
1232837420262940672
1232844207443841025
1232838452208644096
1232843489458708481
1232844060177469441
1232843092530618368
1232843787761803264
1232838075883180034
1232837937190129670
1232837857162776578
1232837832038809605
1232843792132136965
1232837936921620480
1232842950289215488
1232843118153814016
1232837899378282496
1232843553107214342
1232837814812839937
