1226646261484396544
1226642945631236097
1226646185202638850
1226650070516412418
1226649745608888320
1226645406433644544
1226644858837794816
1226643374901358592
1226650560960569344
1226643121829634049
1226646253922066433
1226642502427578368
1226643468656791554
1226644947908153346
1226643690371928064
1226642109610045445
1226650153773301765
1226643498335518721
1226647957702893570
1226642445087080450
1226643365896298496
1226643106956816384
1226643026979672065
1226646325460176896
1226645153466798080
1226645898043641856
1226648816864104448
1226650461253574659
1226642279043080195
1226647535663665157
1226646858266640384
1226643512432713728
1226643478907641863
1226647518303395840
1226644092060389377
1226649938534305792
1226644164692955136
1226650619164811267
1226642059802660869
1226642810264309760
1226644285023510528
1226650545378623488
