1229017426450419712
1229024574538272768
1229027045125976064
1229020326949900288
1229019938557505537
1229018777632702464
1229027163203964928
1229022516972113921
1229021663439851520
1229027181055004673
1229026472272236544
1229023487169191936
1229021215731240960
1229026852531920896
1229027635772026880
1229022512048197632
1229018379534516225
1229026856814469122
1229018045257076736
1229018237700014080
1229018906846613504
1229022553152335873
1229025629057802241
1229024174800277505
1229020435108388865
1229022402321010688
1229017406820892672
1229018346030395393
1229022229817630721
1229022976487690240
1229017947567534080
1229019606284734465
1229024830273376263
1229019793723772933
1229027202458624007
1229025550318084096
1229027167763341313
1229017322548944896
1229022708165414912
1229026287152517122
1229025215050637312
1229025549713960960
