1224201763395293185
1224204930350645249
1224199668730679297
1224199767300792323
1224200726160625664
1224197540930867200
1224196432552394752
1224205566173753344
1224198371281235969
1224198168092475392
1224201994811789313
1224205198077202433
1224200118615838720
1224201785776017408
1224198293745545217
1224205073212940288
1224202435075301377
1224203800296087552
1224202397183963136
1224198583517401088
1224202488422850560
1224205141689040896
1224202217567244294
1224203235008794624
1224197745264623617
1224203023930363904
1224205574595842049
1224205212967211009
1224198467678957571
1224202159299821568
1224199615777390592
1224198328738553857
1224203688845045762
1224201530045276161
1224205159724613633
1224196366710132736
1224205589074587648
1224200487530045440
1224205613602787328
1224198952154624001
1224197301456928768
1224204072409956356
1224205902003105793
1224203143677992962
1224201204462497792
1224195849770549248
1224202288832614403
1224199635209793536
1224204079628374018
1224205091235868672
1224203995285086208
1224196609006653441
1224204201271549958
1224196148895727617
1224202925892763654
1224202560073953280
1224196433609445377
1224200007575724033
1224201879162425344
