1233160092498812930
1233159686213578753
1233159862189776898
1233154753841987584
1233153953078136832
1233153466392072194
1233154787274887174
1233160252171968518
1233154199342452736
1233160541725745152
1233159962270015489
1233154497591029761
1233159765334876160
1233159614260301824
1233159879189241858
1233159831881748486
1233159862265294848
1233154808837656576
1233160012828160000
1233153822828236803
1233153558024986624
1233159665804029952
1233159473050652673
1233159683248095232
1233160415988854784
1233160050761322496
1233154959069401091
1233160419935522816
1233154727656984578
1233154904644038657
1233160526529581056
1233154283593486341
1233159779918303232
1233154083424370688
1233159556030660609
1233160113847984134
1233159593716523008
1233159904153698306
