1233652433252835329
1233656076140269568
1233651556718972928
1233649839776333825
1233650334406496256
1233654832021594114
1233648462803165184
1233655815275302912
1233652179610873857
1233661281955008514
1233654816359899136
1233649155802685441
1233650124708098048
1233655063324872704
1233662027081515010
1233656965873704961
1233648912629628928
1233648680034557952
1233656561018572805
1233651444697399296
1233662004503539712
1233649651510923264
1233661653520130049
1233654366390947842
1233658124294410241
1233663068615430144
1233655173169340417
1233650782249127937
1233655365126021120
1233659077055545344
1233659991942238208
1233649157417488384
1233657513498808323
1233661748554551296
1233660546777571328
1233658349062885376
1233650472180994051
1233650513175957504
1233661343552565250
1233657469223653377
1233650559053434880
1233648389360963586
1233661570225491969
1233658015276027906
1233659639138570240
1233659322933997569
1233661508095299585
1233655118534303744
1233652352084664320
1233659078339186690
1233660702856040448
1233660341285879808
1233659558624624641
1233655675315605504
1233648754869374978
1233649125738020864
1233649153793642497
1233652428869754880
1233649537098477569
1233649459302555648
1233660073894801424
1233656573538385920
1233661646758764544
1233657548152201217
1233659560243716101
1233649454260948992
1233658454440439809
1233662342317080576
1233649456660152320
1233662476572602368
1233655391453614081
1233660609549332481
1233649459193577473
1233652176091660289
1233650392971407360
1233652610323898368
1233650302726705154
1233653507879604225
1233655930388172801
1233661800203243520
1233660533393346560
1233661033027227648
1233661362926043136
1233648844115603458
1233648704755662849
1233649905085734912
1233649916603510785
1233662489172176896
1233660734967402496
1233654348632162304
1233662913312784384
1233648537138647041
1233661419213742080
1233657680499068929
1233660879620714496
1233661136291205121
1233655473087418372
1233655121449562113
1233661615192465408
1233656864463818753
1233658626423783424
1233656568534552576
1233656522330132480
1233662148116721664
1233649316893380608
1233651016823910401
1233663173191880705
1233652578942095360
1233649115533279232
1233662926294220804
1233656026173509638
1233649536456941568
1233658657197510656
