1229384509553967104
1229384596141142018
1229379743650177024
1229375832881319936
1229379564196917249
1229378991133528064
1229375486205317120
1229375197742010369
1229383274650226688
1229380020214403072
1229381274642468864
1229387786337185792
1229383134455558144
1229382177407803393
1229378379738222592
1229378927199686662
1229381086326575104
1229375294961745921
1229386767809167360
1229377491053056000
1229381870262964229
1229379193621942275
1229377061615292416
1229376832329351170
1229382449098035201
1229387812295847936
1229388204177903616
1229386833521500162
1229381989826015233
1229378475959705600
1229380229535158273
1229387646549536773
1229389031802359809
1229381240131710977
1229384094146007041
1229384920872767489
1229384962773676032
1229381825480601606
1229386273120350208
1229388068551086082
1229379556911521799
1229376956191342593
1229385180156235776
1229377036679954434
1229382690563969026
1229375317338312704
1229381938781310976
1229376749764395009
1229375316499599361
1229379861766119426
1229380655290601473
1229379572862529536
1229384123506135046
1229383893511557122
1229386413164105728
1229379767238922240
1229383563440726026
