1228275637325946880
1228287695341797376
1228273306991841287
1228283605383860224
1228287752237654017
1228273242932035584
1228279796041383936
1228282075586842624
1228279344432369664
1228283221735022592
1228285240088522757
1228281199866634240
1228283690872164352
1228277470094381057
1228283189271023616
1228286682861981697
1228287580078313472
1228282301223559169
1228283638074101760
1228275043941146629
1228284185317502976
1228279374190989312
1228275100115357696
1228284010335547392
1228275281254744064
1228282226917249024
1228278369315381255
1228275983771406336
1228282824907726851
1228272760675110915
1228279065859125248
1228283126499049475
1228284578315542528
1228275517326934016
1228276669531602944
1228286246218280961
1228283479915454465
1228287667122647042
1228277409545211909
1228279381811814400
1228278031355125760
1228275800358576128
1228281101107548162
1228285290881613831
1228275553872072709
1228282908433166336
1228274323082768386
1228284973586583552
1228280567541747712
1228284267605549056
1228273944462909441
1228284610834051072
