1223698690805727233
1223704557387239424
1223698385703788544
1223702434641588224
1223704399312248834
1223702823126339590
1223704523778273282
1223700814092472321
1223700159747575808
1223702007598534657
1223702864616288256
1223702362910576641
1223702999400374273
1223697532997554177
1223700758836760576
1223702432309547010
1223704200657428481
1223702343058907136
1223704607521693696
1223701223464935424
1223698196309905408
1223703462325751808
1223701321150345218
1223698947115372544
1223704866025091080
1223699155958358024
1223698812289593353
1223700401700122624
1223698978384027654
1223703391974707200
1223703162986561537
1223700627223728128
1223701780644626432
1223704837394702338
1223698096720232454
1223698413293907969
1223697699284717568
1223701805441454084
1223698263775367169
1223698797886365697
1223701047853580295
1223703516285427712
1223701359746260993
1223699221590704133
1223698833928081409
1223702135096766464
1223702619413237760
