1233835682507960321
1233840186267721730
1233830315875016705
1233837530048495617
1233831250659618820
1233835633715613698
1233843443807420416
1233840571480932357
1233834770783723522
1233835480162000896
1233843619569831936
1233840929519423488
1233840125278380032
1233833554976468992
1233831153146253313
1233837335063777280
1233830515741868032
1233842666825306115
1233832641327239179
1233835484532690944
1233834359116967941
1233837966805610496
1233834970713554944
1233842556238225410
1233831364937388032
1233829978678185984
1233840821872537600
1233834565065637888
1233834393744994304
1233844367908950016
1233840223546683394
1233835531999612929
1233840772870496257
1233842800401227776
1233834869404377088
1233834063183499269
1233829542449430528
1233841746574004227
1233829900190007298
1233837376255991808
1233832522464673792
1233842536822792192
1233840311887110144
1233843237967876096
1233830319079313408
1233834518382968832
1233841080988315649
1233831559540723713
1233832841512878080
1233835402328408066
1233835870194716674
1233835186477051906
1233833725642911752
1233840272359985152
1233843269559255040
1233840472751300610
1233833116114001920
1233840605664399361
1233830329863020550
1233834722125463552
1233834845031272455
1233836202358431744
1233833282514673664
1233835216571117568
1233838056324595713
1233835918810845184
1233843476946616320
1233831848373112832
1233833459459723264
1233830206424653829
1233830145871339525
1233839883095019521
1233838420457291776
1233840930916052992
1233840270640386048
1233842162753773568
1233834223120867328
1233836462082318342
1233835299500892165
1233841357036359680
1233837778691117063
1233840129204277251
1233835237416804354
1233841208620961793
1233841322945056770
1233835034873864192
1233830281213366280
1233842438848024578
1233836650976903170
1233829643544711169
1233842371860758528
1233830336779497477
1233838035751645184
1233843454192574473
1233838013517639680
1233841418675871746
1233829662117289984
1233840640489934848
1233838115053195264
1233841031872946176
1233837087318847489
1233843156371767305
1233837573790978050
1233833855640985600
1233841369820602369
1233837421579702274
1233832854540259329
1233830895297191936
1233843728873394187
1233841327814647809
1233839039410733056
1233831481904181248
1233842595912089605
1233834886601027584
1233835561389056000
1233838782463586310
1233836866757156864
1233836911493603329
1233842413820661760
1233839801448660992
1233829553887469568
1233842445089042434
1233841906829975552
1233833753723703299
1233829289843462148
1233841983019474951
1233840086304907266
1233839956466028545
1233840057062248449
1233836842803482628
1233843978220560384
1233834548556976129
1233833997102243841
1233830644674752513
1233841695210561536
1233838329306714113
1233829366334918658
1233836005922426880
1233834986714914816
1233831988739674114
1233841235355459593
1233837524201754626
1233842049440526342
1233837281624104960
1233833376299155457
1233836400858062848
1233833344540041216
1233835912506888197
1233835482552901633
1233835731732385792
1233839410086461441
1233836874109800453
1233831886964903937
1233836251087867904
1233840118391300102
1233842409630384128
1233839278876172290
1233833172472942592
1233842569546752000
1233843093134336000
1233833693975916546
1233835452119109633
1233831497741848576
1233837289794609156
1233829915688128515
1233840249807110144
1233833592272379904
1233832943820341248
1233835555944878082
1233835624509001728
1233839756787822592
1233840154760052737
1233831959970930688
1233843059198242817
1233832235251445764
1233843494084644867
1233835215161827328
1233832263583981568
1233842097972764672
1233829639040241664
1233836454759075841
1233840193402216449
1233841362337923075
1233834339831439360
1233843386148433928
1233834069508661249
1233829715468787718
1233837094960799745
1233831773974532098
1233832957665775616
1233831441710112768
1233842160455344128
1233840010861793280
1233836957798739970
1233834033844342784
1233831537822617602
1233837967032057858
1233837222325104642
1233837189441761280
1233831795331870720
1233844212648566784
1233835372142092290
1233830510977257472
1233831904249602049
1233830481982087175
1233834591460438017
1233844061188034566
1233831305873215489
1233843095545860096
1233832698797445120
1233843660854185985
1233831303658631168
1233837148459151365
1233838577878011904
1233833206773932033
1233838608777404417
1233843771269357570
1233830808734986240
1233838377172164609
1233844217895583745
1233833643711369221
1233843796322004992
1233835115429543936
1233829936529596420
1233836338123878400
1233844174199443456
1233844301857161216
1233833277829603328
1233837935360868354
1233835786455224326
1233832313441546240
1233839663963611136
1233841207765340160
1233839296815271938
1233836499386413056
1233832132985810944
1233841873678151686
1233841617523683329
1233830552433618944
