1233319855442583554
1233325582752124928
1233330987087679489
1233318591279378432
1233318493174534144
1233319657379069952
1233318424660496384
1233325206481113088
1233318715195826176
1233319629075779584
1233325698087112704
1233319196563574784
1233318986072326144
1233325654654849024
1233319326062530560
1233330876647383040
1233318868061491200
1233325721709400069
1233330612519354369
1233318593355485184
1233327866751811585
1233325277532639232
1233325848368836608
1233325283194920960
1233325408705220608
1233319179513683969
1233324845678694402
1233319858135109632
1233330353894576129
1233325071139295234
1233325412685500420
1233324728854700032
1233318864466956289
1233319426465947648
1233319234878439425
1233319006838222849
1233325127569477633
1233324507370266624
1233318961460269056
1233318503404494848
1233330096812916738
1233324707853660161
1233319820638216192
1233318491534442502
1233330882292994048
1233325361787588610
1233319594468634624
1233319829383282690
