1224463647143079938
1224466897149796353
1224461692924571649
1224464921578082304
1224466839264100352
1224466740442255360
1224464378038108160
1224466290942701569
1224461620123824128
1224464189982310400
1224466616093696000
1224461924944904197
1224466599790297088
1224461648699760640
1224465433777987587
1224464741097144320
1224466198684995584
1224464952989077504
1224466410572861443
1224462775780593665
1224465587453276160
1224464909683040258
1224463752575307777
1224467141879123974
1224463708002406400
1224467428869996544
1224463077124517888
1224463140135456768
1224466019571372034
1224465315003883520
1224467072303824903
1224461854375731201
1224461725400850432
1224467305226276867
