1224941023983353856
1224949412259958784
1224950116638916608
1224947149466554368
1224942228209983488
1224945258384871429
1224944398938460160
1224938900323479552
1224950237149556736
1224940893456629761
1224943234943598592
1224941560275570688
1224942672160399362
1224939460242087936
1224950571020496898
1224940431936385024
1224947551788355584
1224941982931288064
1224945529265762305
1224938300902801409
1224939181190701056
1224939931862282240
1224941036188753920
1224943471342915585
1224940133209690112
1224938573524156417
1224944885150601217
1224950056375087104
1224942930865147904
1224942928927363072
1224944746667429888
1224946045735489546
1224939910408200192
1224944717517008897
1224942477548765184
1224948743201411073
1224941059899179008
1224944445742669825
1224943343328587778
1224938222750441472
1224949397978411008
1224948004345368576
1224938669926240257
1224947120198672384
1224940220942114816
1224942204831117313
1224939662893928451
1224942377376329728
1224947218009948160
1224944267648479232
1224939464306257920
1224948666068156417
1224940889333616641
1224948164727275520
1224943411964178432
