1227119572748128256
1227115744858521600
1227117850227200001
1227113145367482372
1227112319379025920
1227113757320654852
1227123120017899520
1227120213726040065
1227116514408452096
1227121829396877313
1227119114000441344
1227115584271376385
1227118757266501633
1227115565866610688
1227110309741154304
1227124913107918848
1227122443153633281
1227114864138686465
1227118259104862208
1227115436984037377
1227112149060898816
1227112307240636417
1227119431815270400
1227112343089209344
1227110560916885504
1227112345408663555
1227113406831808512
1227118196081205248
1227123186703028224
1227120138610044928
1227110664470061056
1227115207626907648
1227116140381470722
1227121861332365312
1227121010794647553
1227113768179515392
1227119235324928000
1227112623583313920
1227111511744643072
1227110641904709632
1227122145613860864
1227124998269218816
1227123559488724992
1227118968814669829
1227122530143686658
1227118216733872128
1227116140981346304
1227117231357620225
1227117044652498944
1227118114963279873
1227112589039210497
1227119868014661632
1227110746938462209
1227123836493205504
1227124403034521601
1227117237921775616
1227110625387712513
1227117262051532800
1227113760013221888
1227122518021951489
1227116322716372992
1227119474186293248
1227120873682984961
1227118889751863296
1227124619733340160
1227124694169636864
1227119915586347009
