1225432704444813312
1225422927610277890
1225421707835514881
1225419559798288384
1225421178870747136
1225432683137785862
1225419440650518528
1225423495280001025
1225433071937347585
1225433638327799809
1225432990928470016
1225420554825498630
1225423012708536320
1225421591837859842
1225423036343607296
1225421503442800640
1225423892270813185
1225423934985850880
1225421077075001344
1225423282519887872
1225419943690342402
1225419350057897984
1225419054510309376
1225419140648796160
1225419445650235392
1225421662658551808
1225422607392088065
1225421917966000128
1225421146000105472
1225419215399792641
1225422796035174406
1225432957814358017
1225420799424827392
1225420649893486592
1225423928228638720
1225420199882444801
1225433220184821760
1225421132385251329
1225433314913333253
1225419906558177281
