1225374215022563328
1225379066628337665
1225376038932189184
1225375196296531969
1225378100608811008
1225378091884634112
1225378098037702657
1225373953956298752
1225378370390757376
1225376389416620033
1225380050192613376
1225378946721574914
1225375051119316993
1225377795540430849
1225377024476352518
1225374609257705472
1225377485681901568
1225378195496718341
1225373655082786816
1225378823555829760
1225373639987478528
1225375392632102913
1225375015425560577
1225375697889185793
1225376987444842499
1225376508467990529
1225379010823282689
1225376989399351298
1225373603757264896
1225380177577943040
1225377112162471937
1225378653107867648
1225377508788330496
1225377348616253441
