1224892767991738368
1224893328681881604
1224891493078503424
1224893813631651841
1224893866270130176
1224892075247906816
1224892208597221377
1224892945439920134
1224895133885161474
1224893582106075137
1224894360795283456
1224893752592019459
1224894798718369794
1224890514614312960
1224892671103123456
1224894060734951424
1224891926811271168
1224893606273724416
1224894838618951680
1224894963663527936
1224895248343547904
1224893970750345218
1224893128412295168
1224894256785043457
1224891987834343424
1224891439881940992
1224894801532923911
