1229196161631707136
1229198913275645952
1229194476637376514
1229194324610514944
1229198878508871680
1229193881616633856
1229196933920698368
1229195024618815488
1229200364131373056
1229196035009810432
1229202053555085312
1229194355388211200
1229197947646173185
1229198726058500102
1229203124558102528
1229202994853556224
1229198927938904064
1229200936880558082
1229195377447985155
1229203315734568960
1229202498126143488
1229198061458472960
1229194805126815745
1229200500467339265
1229203769491120128
1229196460450693120
1229202722689372161
1229198019955789825
1229199029399162880
1229201408567783424
1229195803677335553
1229194721375014912
1229198148137938945
1229193763706343429
1229198884355727360
