1233751218410881024
1233746035203284992
1233742557542330368
1233751652882145280
1233740160182800384
1233750683821711362
1233745149672464384
1233740301161914369
1233743081406713856
1233740648374816771
1233753329408151552
1233753402309578753
1233746377580187648
1233748559784300544
1233752079782629378
1233749670452760576
1233746990086983681
1233746748658470913
1233746742505623552
1233745693317238784
1233749782411108353
1233746694426284032
1233746831844179968
1233749255149543425
1233743126478512129
1233742117421318144
1233750534420606981
1233742744650207234
1233751600616722433
1233751417913040902
1233746482483867648
1233753489701888010
1233748221228392453
1233748622933659648
1233750367764172800
1233752695997157377
1233751829705564161
1233749852368121856
1233746750629974017
1233752965976031233
1233743588674211847
1233740571317063681
1233745885739261952
1233752032839782400
1233752195792637953
1233752096622596096
1233740137957396481
1233747717114888192
1233743546336923652
1233743842895069191
1233751522921476097
1233739322613829633
1233748574984458241
1233741362413129730
1233742976884465664
1233739225125838849
1233744100324782083
1233743373795831808
1233749631860867072
1233744102912667649
1233741096288694274
1233748867012874241
1233743029141463047
1233738896464216064
1233751290485886976
1233743022564749312
1233743371400810502
1233744187000008704
1233744836366348289
1233752635410436097
1233742096109953025
1233753472484478977
1233753281685377030
1233740040997605376
1233746908868419585
1233745294900289537
1233745304572190720
1233742514533937152
1233745947278094336
1233747811079983105
1233749401127940099
1233738970808356865
1233748444713492481
1233743460915650560
1233751155370389506
1233744340326985731
1233746740534272013
1233740250041720832
1233751457486098433
1233747034596835329
1233745348159557632
1233750166496256000
1233752152734085121
1233743979000168449
1233748955709820929
1233743911270567939
1233742862497570818
1233749071535525888
1233742799989686274
1233744668111716352
1233749472108326913
1233743419727589376
1233742204532862978
1233742739910475776
1233744854036963334
1233743607821107201
1233743422881779714
1233741408789417984
1233748977004138498
1233746634800017408
1233753400527015937
1233743601278050305
1233744383381573632
1233745816151560192
1233744273834696705
1233740582335516672
1233749148458835968
1233744675149885441
1233739439563853825
1233748111253803009
1233750723076247552
1233748523964862469
1233739379581038592
1233747792755032066
1233750873160859649
1233748377906618368
1233749004120403968
1233747726686355457
1233751074181390339
1233751271993159681
1233751072520523777
1233749229669097477
1233738878386888704
1233748713073467392
1233743589668245504
1233747457730863104
1233747886371852289
1233739266443894785
1233752652892327936
1233745519911919616
1233748608949686272
1233750262965293061
1233745945302642688
1233741122188595201
1233743689924653057
1233752501645561859
1233745962650284032
1233742708717576195
1233746173996888065
1233750336571150348
1233747525821177856
