1228755465930231810
1228752445083389952
1228744457828229121
1228742167331401728
1228746309223485441
1228743470908682243
1228743467007799296
1228753863584301057
1228746320216776708
1228755391086985222
1228743293082750983
1228750892926631937
1228752018476421120
1228755096881836034
1228749288567492608
1228745906700328960
1228744544348495873
1228747019424010247
1228745450972270592
1228748562256801792
1228743347923308544
1228747175972216832
1228745023270711296
1228755619395534848
1228754690915160066
1228744067846004736
1228742586384384001
1228747467514138624
1228746628934270976
1228748328369893377
1228752081068142594
1228744252072456192
1228744167834058752
1228746391188647936
1228745799716110336
1228754025912209408
1228744884489728000
1228751083503325184
1228744511829921792
1228747168535547904
1228752192351412225
1228744844799074304
1228753719606599690
1228753840675094529
1228740936047329280
1228747205311254528
1228741569739665409
1228753777953402881
1228748854494998528
1228753843443372034
1228745799208538112
1228751054071910401
1228743371776282627
