1227289200543830016
1227290836234162176
1227290135479431168
1227278173240528896
1227277264670404609
1227277188514250753
1227289928461115392
1227291151687979008
1227289420023267328
1227278425410244610
1227278657581805568
1227290391017336832
1227278608911044615
1227289181363343363
1227278178860716032
1227290242438324225
1227276711588323328
1227290985903874049
1227290647171747840
1227277517490282496
1227289285537169408
1227277524419465218
1227288698062065667
1227288954514345985
1227278075420987393
1227289687166943238
1227278751110746115
1227276496948977666
1227276354728734721
1227279095140098049
1227288180606500865
1227289501807992832
1227278608655376384
1227289416143499264
1227290836402155520
1227288500338397186
