1232470205030268928
1232464378609328129
1232464342823641094
1232458165213483008
1232469505462300672
1232458541312512001
1232468897166577664
1232458492230787074
1232464036488302592
1232457410117193730
1232469967485825025
1232457594972733440
1232469753295298560
1232462990852509696
1232457647036583936
1232470007591784448
1232468805944664064
1232463033860902913
1232469733053628416
1232463140543238149
1232469434490470400
1232470160369258498
1232469647816921090
1232462983579627520
1232458272013258753
1232463747265884161
1232458307371032576
1232470238999932930
1232469787017482241
1232463885325590529
1232469195956219905
1232464203924951041
1232463578856218625
1232457648475213824
1232462967020539904
1232457866977538048
1232469791526440960
1232462874334777345
1232469469009567745
1232463849741119488
1232463016307785729
1232469359424987137
1232469359060082691
1232463076181495808
1232468977026076673
1232462875358191618
1232458138114129922
1232457678774947842
1232458348986953730
1232463117763760129
1232463569914138627
1232464190490562561
1232470268737540098
1232457462764068864
1232470280330563585
1232457644494876672
1232464212976230400
1232457152511348736
