1223823255410102272
1223823710727000065
1223829334877593600
1223829280553082881
1223824218472607744
1223830578522443776
1223823540161581056
1223829847019081729
1223829305303687168
1223830250766917632
1223829538666188800
1223829624141955075
1223823128234811392
1223823448444526593
1223830782302511104
1223830904608477190
1223824342787805185
1223824234847162368
1223822673458786304
1223829532555149313
1223823443201810432
1223830517755236352
1223824285367590917
1223822835430281216
1223830611166498816
1223829507250876416
1223830295004057602
1223823262888579073
1223829588347846656
1223824259471986688
1223823621849673729
1223823967527538688
1223830385425108993
1223829538339115009
1223830671455481856
1223829409653645312
1223830924145463297
1223830580124508161
1223829425789161473
1223829436275007490
