1228054884278296576
1228052353087135757
1228051081818710018
1228048766491598848
1228056297356091398
1228053599453884416
1228046286974341121
1228061039746572309
1228055558789488641
1228058009026170880
1228054452084658177
1228051638499319808
1228060272918577152
1228047129689587715
1228048703312875522
1228052512592269312
1228055586476044288
1228054710332133377
1228053815087132672
1228057308812468229
1228058141021134854
1228051949624451079
1228046507242328067
1228052739889852417
1228050485371785217
1228050526014566400
1228053831830900736
1228050792353091585
1228053462778249216
1228050182983442432
1228049068867219456
1228058386073313280
1228049652878016512
1228058685102067713
1228052990940020737
1228057845087629312
1228047657232486406
1228059329481388032
1228059012073218054
1228047775134253056
1228050884984213505
1228058276090306568
1228053786889007104
1228050691677020160
1228054123511193600
1228049594258526209
1228058737535045633
1228055789522345989
1228046203113308160
1228059256089268224
1228048714259976193
1228047151533641728
1228057748593573890
1228053599994961921
1228046697751814145
1228052159587115017
1228046226043625473
1228060397963317249
1228050297190338560
