1232677547344683009
1232671494146338818
1232666793333772288
1232677493431205893
1232678306488565761
1232678079895568389
1232677759991894016
1232677898592620544
1232677988061323269
1232677593658294277
1232677836797800449
1232678525540265985
1232672370512416768
1232672354746163201
1232672455216508928
1232671692260040708
1232677487378718720
1232671775164698626
1232678007430696960
1232672161254404096
1232677751804420103
1232677383083352065
1232672019910668288
1232678041719054336
1232677537685397504
1232677311822082050
1232677190375964678
1232677228330311680
1232672374744604678
1232672152245030912
1232671984858779648
1232671423942008833
1232678436415647745
1232671707791536128
1232672229264986116
1232677103201447939
1232666942919659520
1232666830126235649
1232677882297831425
1232677832838524930
