1227301420816359425
1227293121085689857
1227296285331464193
1227301403783286785
1227295866182082560
1227301717672415232
1227298065838682112
1227300279294386176
1227300890836598790
1227298527258140673
1227296257221300224
1227291339987005445
1227292090742083585
1227301174556028928
1227291643981656064
1227297297995665408
1227291677607497728
1227300895022632962
1227295353642344456
1227302060690898944
1227298709236355072
1227291976858554368
1227291335381651457
1227295897467281408
1227300007205916674
1227296038152757252
1227295494365483009
1227297253213294593
1227297993851899904
1227293449109594112
1227297476178169856
1227292854407458816
1227301007350104065
1227296155043655680
1227296105521696769
1227295301473464321
1227301029806403584
1227301927718924291
1227294504253902854
1227291888425803776
1227299231855149057
1227301094516314119
1227298189730091009
1227297439431954433
1227298548892368897
1227301431700545537
1227294617235841029
1227298636410818561
1227291522900447234
1227300971795091457
1227297553961619457
1227297887941345280
1227296345540747265
1227292722412838912
1227299366727307265
1227292185621516288
1227293066605801475
1227301044365012994
1227300391584321537
