1223743832849821698
1223756910907678721
1223756478462529536
1223744901248167942
1223743472655634434
1223756473185910785
1223754335521251331
1223743434193764359
1223755858791882758
1223757070153011200
1223754352239751170
1223754407956885504
1223756106683387905
1223754777261047809
1223755092886802436
1223744650168565760
1223756142024843265
1223744503728701441
1223744145220608003
1223743090957127680
1223743092907499522
1223757595921592320
1223744882617004032
1223755037547077632
1223754836606246913
1223757915473031172
1223744301810753536
1223754367196717056
1223754850120413184
1223756000844378113
1223757451700338689
1223744188472352769
1223744869832638466
1223754298296635393
1223756212640133121
1223754572256219137
1223757841003110401
