1231169895640915968
1231162257708474370
1231168592483430400
1231170775610118144
1231171141126852609
1231165231478407169
1231165814180417536
1231171657106149377
1231169533622149122
1231167316756332545
1231164330424590336
1231168840614260736
1231156820992901120
1231166769395617792
1231165025022177280
1231161755268718592
1231162805190975491
1231165795285241856
1231166647198609408
1231165629568356353
1231162474591858688
1231168316774858752
1231160006474522624
1231157777478774784
1231158998537142274
1231163077107666945
1231164978851434496
1231159829923692544
1231164241148706816
1231158323959017472
1231161806258921473
1231166585588649984
1231160893091782656
1231170968288157697
1231165298260221952
1231166679536803840
1231169612768858112
1231163217939959809
1231162873860304896
1231164701326725121
1231169119938060290
1231160686128050176
1231170128508805121
1231171562025472000
1231164921536229376
1231157240523939840
1231168305244884993
1231169230365691904
1231162083154288640
1231158825484292097
1231157552781709312
1231164977026760704
1231166823552311297
1231161017427779584
1231161709357826048
1231165409828597762
1231160866357350400
1231166185808502784
1231161306037637122
1231171764266254337
1231161676692705283
1231170903767158789
1231165387003183104
1231166046075142144
1231170543023378433
1231163521150279680
1231158769733627904
1231171053558222851
1231168609063444485
1231161814211342337
1231158971966164992
1231161196302282752
1231158489147416576
