1227201586730094592
1227207991880974337
1227208991098404864
1227202977837879297
1227205804522123265
1227206528731578368
1227203097749049344
1227204608260395009
1227201028560474112
1227204340529557504
1227200797408157696
1227202744181641216
1227204927367368705
1227207798834024448
1227201693458280448
1227208876476465156
1227205979349147648
1227200613118873601
1227205820095619076
1227209101249302528
1227207494780571649
1227204364051177472
1227209243058671618
1227202497606848517
1227203753717178370
1227208341803458565
1227208170080067584
1227202165376073728
1227207163346472961
1227204289157849088
1227201473877987329
1227209285454761985
1227208987256463361
1227201898459082757
1227201474138034176
1227206685107855361
1227201726127542272
1227205261271552000
1227204982279213056
1227208732557185025
1227204052196286464
1227208165021929481
1227202590426820608
1227202750410305536
1227206099238965249
1227206560524492800
