1224706841009164288
1224705358113005568
1224706242632921093
1224708717880451078
1224704946026831873
1224708752814825475
1224708494479237121
1224708078580436997
1224706129118343169
1224707126121172994
1224703055704338433
1224694536384872450
1224707395676463106
1224707758114643975
1224704746390544385
1224694843823124481
1224703431669096452
1224709081828667399
1224707625050431488
1224695173252177921
1224706271535714304
1224695079694229504
1224704348783026176
1224703385212944388
1224706542622191616
1224703057780326400
1224707284820951045
1224705429130874881
1224707577747058690
1224708072683253762
1224708948391071752
1224707437120360448
1224708765250879488
1224705519174242304
1224703485360238592
1224694972290600961
1224704378105421824
1224708824742989826
1224708639375708163
1224707615755853825
1224704569210482689
1224707160329850880
1224707968043753474
1224705299375849473
1224695252675694592
1224707323274330112
1224708593859076098
1224708222826745858
