1233873116012695552
1233874456587784195
1233860800739250176
1233862982435819520
1233863294680797185
1233866028792328193
1233862951313924097
1233865302330499080
1233860008749735936
1233869947891306503
1233867109664342016
1233869324118396928
1233870932147490816
1233865108813684737
1233862070271123456
1233869713635065856
1233861262779600899
1233860490809532417
1233867165461340160
1233863161218060290
1233867705670758400
1233870611996237824
1233865627460423680
1233864398265036800
1233865567582539777
1233862350622449664
1233871453394587648
1233873363791155200
1233871952022065152
1233869928358281217
1233871329826394112
1233870378373533697
1233864732714639365
1233859756969861120
1233863650630361094
1233865566164865024
1233859773608681472
1233863284962611200
1233860362115649536
1233866164956270593
1233872980343545856
1233873119401537536
1233869494369607681
1233871748698902529
1233864616729550854
1233873412302360576
1233874091121217538
1233860317194674177
1233863945280200704
1233863067198509062
1233863362204913664
1233874467635572745
1233869198922743808
1233870625229475841
1233872200144474113
1233873956060454913
1233861603885568000
1233873650992001026
1233874459800612864
1233861724861677568
1233871023109476353
1233864330661130240
1233862739795349504
1233863973713346560
1233865064123424768
1233871823860793344
1233873606305865729
1233860034355810304
1233869951313727488
1233865437177212928
1233870416319516673
1233860579665772544
1233870923129925634
1233870633605320704
1233861427825455104
1233871885634502656
1233868469281656833
1233859490484637696
1233870925285576704
1233868827580141571
1233864216471363584
1233871556876652546
1233865203533545472
1233870191710343171
1233874552712597504
1233869616893526016
1233873985168797696
1233865872692908037
1233867264442630146
1233872665338941442
1233865786877452289
1233866084735954947
1233863317342629890
1233874403244548101
1233865939973787652
1233872074151731201
1233871812989198336
1233861478584901633
1233863700764749824
1233868686571778048
1233873720050995203
1233860680022941696
1233867703993192453
1233871826658451456
1233863203354009601
1233870577762553856
1233871516217040897
1233865706938044420
1233871734345957377
1233870734692245504
1233861452701798400
1233866631715213314
1233871656688537600
1233861680133812230
1233864571204620290
1233862448840613888
1233872362073927680
1233869999091208197
1233866523585937409
1233872938207629312
1233871307814473728
1233867410060566530
1233860160642154496
1233861242982322176
1233871867330490368
1233865198311821312
1233864016428183555
1233863043588603904
1233871588036087809
1233874073555554306
1233860801435328512
1233871129359659009
1233871158359056391
1233868104238850049
1233862665631457280
1233865041075634177
1233873335064367107
1233873264772034561
1233870508862689281
1233869198364827648
1233866708877762561
1233873519601242121
1233869539311521799
1233874406033764352
1233864995005399047
1233862078211010561
1233864391788912640
1233868440756195330
1233872643654213632
1233864741077934080
1233864983831863298
1233870685103173637
1233863820994416640
1233873126271979521
1233864910427369483
1233864744232259585
1233864791644569601
1233861156143538179
1233863786517483520
1233863064853893120
1233863606732775424
1233866674266345479
1233867998978609156
1233870348468224001
1233873556766937088
1233865932877058048
1233870363022495754
1233863890511048709
1233870779646869504
1233870840393064448
1233865470530457600
1233867545989599235
1233870385000730633
1233871715966558214
1233863736315858945
1233864208049229831
1233859815031656448
1233865361914613761
1233871384390049798
1233871459287740418
1233861223332143104
1233867918477332480
1233865504743288832
1233861400008765440
1233864015597666304
1233862037979226112
1233869944363896832
1233870502680154112
1233864928487972865
