1227226560874201088
1227226310239571971
1227222565405544450
1227227118238519296
1227220628723335168
1227219771772547072
1227221564032081926
1227227770239045632
1227226531644289024
1227229056497668096
1227221752784154625
1227225472536338433
1227222885485309954
1227225155350532097
1227222200257851393
1227221013248827392
1227223013046784000
1227226080194547712
1227226491282436096
1227226688204886018
1227226716445331457
1227228347329138688
1227222608321679360
1227228007107923968
1227222938010689538
1227228516271321088
1227219926987034624
1227225205665173506
1227224500204265472
1227224950299336704
1227226519547842560
1227221861710409730
1227219358868439040
1227222170193072128
1227219111446487041
1227219489017749504
1227221355621310464
1227221570256621570
1227226840412164097
1227227232126586880
1227222329471750145
1227229030530732032
1227228560340979712
1227219050574442497
1227225762417258496
1227228092286013440
1227220175075721216
1227221179473235968
1227221310918610946
1227222110394888192
1227227536502992896
1227225843807637510
1227225998959222784
1227226309971107840
1227226036548460545
1227228340924354561
1227224552733691906
1227221608877547520
