1232771410336141313
1232760838525771781
1232759729945903104
1232766613197328387
1232772211473354753
1232759873928077313
1232759710002110467
1232759741702692866
1232761004691480577
1232759705795223559
1232772229559128066
1232760912785952769
1232766231029178369
1232760983522861058
1232759830445727745
1232772124579901448
1232759541042946048
1232771403100934144
1232761080343957504
1232760595251941376
1232759758844657664
1232772316473380864
1232772110818344961
1232766797398577152
1232760355165622273
1232760463991111686
1232760930775244801
1232760178212208641
1232767098541223938
1232766135889727488
1232759701370175488
1232772205085249536
1232765661866332161
1232766636958068737
1232759773357101056
1232759817737035778
1232772318545555456
1232771868773539841
1232760506735374337
1232772077364621313
1232759851652087809
1232771449351331840
1232765479804162050
1232760363587899398
1232765546707312640
1232760133404545025
1232760213062721542
1232766370380562433
1232766010077466625
1232760787254595587
1232771554704023555
1232766504552337414
