1227444300218236934
1227452557729128448
1227442547431215105
1227449397715361796
1227456262939561984
1227447347447238656
1227449286633361409
1227444289736761345
1227451722811019265
1227447036242427905
1227450916393168897
1227443066467999745
1227446435018309634
1227452566348410882
1227454774800416768
1227455576919113733
1227451576698228737
1227456563109081090
1227442233810542593
1227443390087880705
1227452423331078144
1227449595778805765
1227455992981573634
1227445581053820929
1227444134597840902
1227450479841566723
1227442318917193728
1227450940271321093
1227452336190164993
1227444738556661762
1227446507353395201
1227449136355647490
1227454550837276672
1227450788928200705
1227444693480374272
1227444996477014018
1227445823606337536
1227449068458213376
1227443651602763776
1227451938616287234
1227454651429249024
1227443676365885440
1227443127889383425
1227456273005805571
1227450363869122561
1227450973548949511
1227446584276856834
1227452979411902464
1227448972240936962
1227447790088937472
1227450336346083328
1227443841697009667
1227452963037286401
1227444188637278215
1227455999730233344
1227446393817772032
1227456817074233345
