1227368731489308672
1227376329500196865
1227369186537553921
1227367576163975181
1227376421661741056
1227369209698684928
1227379583600619520
1227368728490278912
1227380753089974272
1227381301004644358
1227374297552953344
1227373320829571072
1227379386036314112
1227379371314298880
1227373958376435713
1227367574909919232
1227373290747920385
1227368633224970241
1227367591473295361
1227370653025591296
1227371798158770183
1227378119247458304
1227372513916858369
1227368777249107968
1227378702331236352
1227377218881454080
1227366797395005442
1227380604980695040
1227372393926209537
1227367847682281472
1227370052548255746
1227370964280725504
1227375075411857408
1227368821100548101
1227375118978093057
1227381149250596866
1227374521079955456
1227370261311148032
1227373071813636096
1227378198436106240
1227374387055058944
1227374034121318400
1227367706854350849
1227368862380724226
1227369042832437249
1227380339888283648
1227369793294159875
1227378878454190082
1227373773936037888
1227368722735783936
1227380036715479042
1227368716125392896
1227370440148094979
1227377402768240643
1227375921604153344
1227371762553409536
1227381479132385280
1227378508894277632
1227367804644532226
1227369087392714753
1227371707943358464
1227369853037707264
1227374934403534851
