1231194748712628224
1231187194590760962
1231190773569187840
1231198265753792512
1231190477338292227
1231197483742695424
1231196282141782016
1231191368686395393
1231188472771334145
1231197396232626178
1231187493606785025
1231193021213020164
1231194304649080832
1231186899768881153
1231187770460098560
1231197629834395650
1231187211636400128
1231190746914590720
1231193500365946896
1231193213123186688
1231196588653019136
1231196551948754944
1231193496284889088
1231190709455089664
1231189800058793985
1231186964776411136
1231194669440098304
1231197356395126784
1231193458242539520
1231196766546079744
1231187117499224065
1231195451044421633
1231194519959457792
1231196159869423617
1231191254047825923
1231192697358233601
1231190021362913280
1231197910362030085
1231197986300080129
1231189030936743936
1231195607357952005
1231187697802211329
1231192249012301825
1231188451187417088
1231198333697478656
1231195486452887552
1231188510536847361
1231190447604695043
1231192170201141248
1231193021267501058
1231196018072530948
1231196987774488576
1231195441791848448
1231193519345283072
1231187451328094208
1231193187462475777
1231198114301775872
