1229627440332279808
1229622616127729664
1229624249981247491
1229619172918775809
1229628350257356800
1229618438961647616
1229631068963266561
1229625544431587328
1229618768747417605
1229621343777427457
1229618281218224128
1229623157306404864
1229625105904308224
1229627774450581504
1229623121952460800
1229619820641030144
1229624018061287425
1229623942572150785
1229620141853421568
1229624662713413633
1229625501234290689
1229621699693273090
1229624135300657153
1229626727548276736
1229616551298465793
1229628335237369857
1229618057846214662
1229626977767895040
1229617440474173440
1229625391691661312
1229631335565627393
1229622008071065600
1229622311281549312
1229629177122435075
1229627150250233856
1229620864515215362
1229620584079929344
1229627396300603392
1229628954367025152
1229621878882332673
1229629308034961408
1229617311381778432
1229628610375372800
1229624447159566337
1229625115870138368
1229617240141713408
1229627118218203136
1229623506112958464
1229617725367930881
1229624294688215043
