1227270261335945217
1227273917653385222
1227272556425728000
1227274881324244992
1227270955682213889
1227274493720252419
1227274348702191616
1227273171524440064
1227274835019038721
1227273147868688385
1227274214232797185
1227274128891285505
1227272209825071104
1227273110694445056
1227272904418697217
1227272928057683969
1227275875055329281
1227274466163593216
1227274387843190786
1227270968634048514
1227272129931907072
1227275253811826691
1227271594831036416
1227275817417265152
1227275451309187072
1227272498422722561
1227273946749456384
1227271972540878854
1227272687552278528
1227275880960933888
1227272511999467521
1227274064659701761
1227269545762619393
1227269880598102019
1227270575103475712
1227270403229274113
1227272955635392513
1227272704056709120
1227271872556892161
1227274986441891841
1227272979513516033
1227272181928923136
