1232591722875621376
1232603280557121536
1232603100818464769
1232603018744475648
1232591798746386434
1232603589266169857
1232603036377341953
1232603696258641920
1232591370021265408
1232591787455320065
1232603506076372994
1232603954804121601
1232596851813179392
1232602751504224257
1232591731486445569
1232603541325406208
1232597756570718208
1232591699274280960
1232591610619322369
1232603509645873152
1232596660456435712
1232602923453992961
1232602539889176576
1232591465550929921
1232603085953998851
1232591340115857410
1232603989591674881
1232602847629500417
1232591604776439808
1232604034198130691
1232603763678097408
1232591754832031745
1232596747077074946
1232591442394124288
1232603488728707072
1232597809120940032
1232603435205304322
1232591545532108801
1232602921008869376
1232591832544169984
1232597749939527680
1232603852572110849
1232602992781729792
1232602891715784710
1232596851750297601
1232597079345647616
