1233523402851397634
1233523257262968837
1233524004301963265
1233517469911977984
1233517741950357506
1233523570652975105
1233524364135587840
1233523608556916737
1233512368920985600
1233524179129061376
1233517398172618753
1233523249289580544
1233518152249679873
1233512216621658113
1233512428119433221
1233524340013953024
1233512385752838150
1233523902523027457
1233518457750216704
1233524372595331072
1233517385270906880
1233523103147233280
1233518149057830912
1233524455651057668
1233517980941766656
1233523081404145669
1233524083322691587
1233517549574336512
1233517539998797825
1233523014983192579
1233517868676980743
1233523567645614080
1233518835468242944
1233518315441664000
1233523342143053824
1233512536995225600
1233518559445344256
1233517896669761539
1233517763450351619
1233517254823862274
1233518156917989376
1233524067568930816
1233518458681294855
