1226128561263632384
1226131261355249672
1226132552680976390
1226132095405301761
1226130792881049600
1226143516960665600
1226128591953498114
1226143288471613440
1226131515286917122
1226128573624455168
1226132185750659073
1226143382294028288
1226143637056000000
1226128730529173505
1226130369889439744
1226128842420441090
1226132857535520768
1226143098880712704
1226129112638595072
1226128779166265346
1226131333690228737
1226143567745253377
1226131441324564480
1226129881529905153
1226143619159142400
1226143325389979649
1226132821527465984
1226129596447436801
1226130547283517442
1226131736653750273
1226143461449007104
1226132669852999680
