1223931085349965824
1223931952081842178
1223931413940097024
1223931033617174529
1223931804802961408
1223933356997373952
1223932712999886848
1223931309996814338
1223931840521625608
1223931879893504006
1223932746319286272
1223932649628225542
1223933244787183622
1223930265988366336
1223930690271469571
1223932427891904512
1223933377578967041
1223932217560326145
1223931587370405888
1223931721046880256
1223930187269787650
1223931946616655872
1223930702447697920
1223932014249668608
1223931027963301888
1223930994140385280
1223930088745402368
1223930666569601028
1223929822394474497
1223932450872512512
