1230364078532636672
1230360845336473600
1230366072370536450
1230369750057775104
1230360642239987713
1230357982484938752
1230363395838246912
1230357605282975746
1230365199737094144
1230364786673639424
1230370500758556672
1230365845408190464
1230366031220178949
1230366356299608064
1230364035427831809
1230358136998940673
1230359004498612225
1230362042864828417
1230367776629567489
1230357488521949184
1230370134113562624
1230361999487442945
1230371382850150400
1230367359644377088
1230361705722630144
1230367169428574208
1230364362977796096
1230364227388313602
1230357887874023426
1230369497623732224
1230363524209070081
1230364691496656896
1230370656035860480
1230357867120578562
1230359579243888642
1230363968826486785
1230370661689954308
1230358241701486592
1230356460976123904
1230370538947657728
1230358137565327366
1230371355943669760
1230361413094400000
1230361370031341569
1230360226689236997
1230360695272656896
1230357965783175169
1230360101241769986
