1233189983344889856
1233184073570508800
1233184109922525184
1233184063097360384
1233183405665398787
1233182898888552450
1233182997861617664
1233189583162159104
1233189801521819653
1233191138959425536
1233184274540445696
1233195066128125952
1233188638868946944
1233182948096118784
1233183824647008262
1233189204953387011
1233183665892532224
1233190057646985217
1233183888459038720
1233190066257846272
1233189386554150912
1233183733320208384
1233189381495803907
1233183321644990465
1233182919495163906
1233184139483938817
1233188782888964097
1233183116161884175
1233194818936938497
1233183958499758083
1233183816388313088
1233182986272636931
1233189378622537728
1233189817950834689
1233188714295283712
1233183174936514560
1233189474135244801
1233184134547283968
1233188743726551040
1233188786957406208
1233183220449107969
1233189909692866561
1233190056422182913
1233183992972816385
1233194880723230720
1233188744108429314
1233189223282434048
