1232633913144750080
1232621439796367360
1232632572510920706
1232621475078606851
1232632956595904513
1232621498730348546
1232632541519261697
1232632853063708672
1232627093172707328
1232633305197142017
1232621644025298945
1232633884736655362
1232621481634304000
1232628049843122176
1232633936137687040
1232627220151250944
1232621699373420549
1232632551526846465
1232621964826726400
1232627411918807040
1232621464299372545
1232621724652523520
1232627325784788992
1232627550008041472
1232633087357374464
1232633403675037697
1232632914770182146
1232633407819124736
1232627779931340800
1232627256939421696
1232632480089247744
1232626955180134400
1232621889417338880
1232632965622116354
1232633384800620544
1232627140417466368
1232626543781961728
1232633725340409861
1232626855980568576
1232633729731837954
1232621473073913858
1232633858937499648
1232628032973594624
1232627584929681408
1232627535759978504
1232632648578863104
1232628062887411712
1232621329754529792
1232633067480797185
