1228809685240692737
1228806359870779392
1228811220263686144
1228813653849169921
1228813516984999936
1228814707441700865
1228807169857875968
1228809893865345024
1228814636071477250
1228806115825090561
1228813751215951872
1228806989427466243
1228815829883641859
1228808482461106176
1228808549406474242
1228810873625399296
1228807782322917379
1228811188907147264
1228812769866194945
1228815726556909568
1228810094617538566
1228811032392540161
1228814945271386112
1228814219220418561
1228814424896614400
1228813008081604609
1228806190488051713
1228809015271944193
1228811778836090882
1228815567575908352
1228809707281960960
1228813259052134400
1228807400481841152
1228811836973355008
1228809931983380481
