1232748979567439873
1232753896147357696
1232743162252161024
1232748195509415937
1232753983590195204
1232754966047141889
1232743234536865793
1232754084727394306
1232748279152201728
1232755029527977984
1232748376933982208
1232754177211682816
1232742350285410312
1232742378861211649
1232748778630926343
1232742928126238724
1232753720531783680
1232753987587321857
1232742536822902785
1232748350040166400
1232754856168914944
1232747783888592896
1232742222489178112
1232754244173926400
1232754118613139457
1232742818927513601
1232753858365009920
1232754608629399552
1232749177395982336
1232748901037273088
1232753625103028227
1232742520100028417
1232742600257495040
1232742715118342144
1232748282914492416
1232747632851914752
1232747746366574594
1232748946390257664
1232742781510180864
1232748513622155266
1232755197006368768
1232755070590124039
1232748912487862272
1232754889572388865
1232753636352065554
1232754949722968069
1232743138214793221
1232754350277218305
1232753815700561920
1232747945197473798
1232743169940508673
1232747776489836544
1232754689323741195
1232748668962381830
1232747928424505346
