1232742055736041472
1232736466561884160
1232736358495608833
1232736119877459971
1232737072223604736
1232736364598366208
1232730868889870339
1232736951997956097
1232736258478223362
1232735932656189441
1232737025918488581
1232741964027695104
1232731397649031170
1232736615845498882
1232730357243564033
1232730282345758721
1232735994278866944
1232730596780236807
1232729949859016704
1232730893443158016
1232736061169729543
1232729896008314885
1232735789240336385
1232730490765008897
1232730382254190594
1232729895706468352
1232736014633926656
1232742098639548417
1232741868015931400
1232729909115703301
1232736753095671809
1232731377893814272
1232730101701316611
1232741875016069127
1232730667915599878
1232730842985832452
1232737231867129856
1232736204065591296
1232736171899277312
1232736512510496769
1232730246283251712
1232736215956369409
1232736279785345024
1232731105108746240
1232731058707292168
