1233801843509211136
1233806783476461569
1233809705623072770
1233809007133052933
1233812137744580608
1233800959815495680
1233808697979285504
1233801104254586880
1233808800181837824
1233802780969709574
1233811569034846211
1233800172192190464
1233811996589481984
1233803471654182913
1233810640155754497
1233802077505110016
1233807431983038467
1233812630973943809
1233811210438692867
1233808804539662336
1233812586736517121
1233813355271467008
1233810770670051331
1233799129438081025
1233806613913493505
1233800077069582337
1233810183098380288
1233809850821414912
1233808510279876610
1233807359157264384
1233800458638106629
1233799353329954817
1233809635729121282
1233811264880750595
1233809311639461888
1233806279321292800
1233801223909904391
1233813808658997253
1233805949992869889
1233808944033755137
1233807027236818944
1233808963021475846
1233804915463643136
1233811508850651136
1233805668873797632
1233803706061205509
1233807813509468160
1233801401542873089
1233810435742339074
1233810455463911425
1233805852131221504
1233813286258454531
1233806148618375173
1233808875356401665
1233801326015864833
1233811613762904064
1233806841756385280
1233812448551088128
1233800932581953537
1233800639492149251
1233804318056308736
1233809766025236485
1233799914934673412
1233805365374062595
1233806686210519042
1233805175619493890
1233800051744550912
1233809563666845697
1233802762514817024
1233807179657834496
1233803433842487296
1233803083378909185
1233801440147234820
1233808244675616768
1233800360571080704
1233809688237608960
1233799561652473856
1233813104309309441
1233801036667727872
1233805977943756800
1233805844606857217
1233805255487426560
1233812814159966208
1233813358979227649
1233802898867228672
1233808811556605952
1233809015118946305
1233811222325321730
1233808484954624001
1233800537511841793
1233806939106136064
1233807187006255104
1233800664540688386
1233807315406426112
1233807300932100101
1233802371693604864
1233806391586041856
1233800999418114049
1233804364952883200
1233800849148825600
1233807582168571908
1233813031223799810
1233801964946771970
1233799962305101824
1233804383000780800
1233811082763997189
1233806464344580097
1233804774560026625
1233809791715291137
1233806749934637056
1233800617476358145
1233802019640573954
1233807250994515968
1233806768356102154
1233808372090183681
1233802034215870467
1233813535592828928
1233808795916066816
1233813456555532289
1233805524963135488
1233808051225776128
1233806872752246784
1233804057883684864
1233805487545757696
1233802768017711105
1233813121854328833
1233804968479600643
1233807654558076929
1233800872531918848
1233808843538341889
1233812324022194176
1233811327442804736
1233805509465034752
1233810484110987264
1233801927273656320
1233799803454115841
1233800877212930049
1233808894813712386
1233812109009575937
1233799856919109632
1233811556586213376
1233801496279388160
1233806469084086272
1233801945284042752
1233811503624663041
1233806145208360960
1233805557041070081
1233809416715149317
1233806756171612160
1233806334996316161
1233806156218257409
1233810775246065665
1233809227564699649
1233812631938404352
1233801141391167496
1233804296405364736
1233811685967663104
1233804799663071232
1233802688325967879
1233812173358587905
1233809243851153408
1233807974939996164
1233800823366438912
1233811706918264833
1233811728414203904
1233806758944157696
1233813932311273474
1233801271322112000
1233809127169806338
1233812863556497410
1233800199346311168
1233810049761501184
1233803760318611462
1233803624091766784
1233810411604054016
1233800374236127238
1233805663840722951
1233804868244013056
1233812249195708416
1233805605913137152
1233813673233276929
1233801372220391424
1233811013583147010
1233813978507333634
1233809465255907328
1233801590764531712
1233812801711267841
1233805836088012802
1233800124654063616
1233807468209360897
1233807035096948737
1233809885776601088
1233802872229330952
1233812236197662720
1233811417901326337
