1230227670333632515
1230228109296881669
1230233489154265088
1230228247117533188
1230225039678693380
1230230456286744576
1230226191107395584
1230227999691333645
1230234218094948352
1230232971191341056
1230233749125771265
1230235501011120128
1230233639650127872
1230224173596692480
1230233313094316032
1230232149653147650
1230227223657025536
1230233132923867139
1230223190158401541
1230226028657827840
1230227550544093184
1230227206380642304
1230232044975919104
1230231384456712194
1230221476554518530
1230226970400772100
1230228971184324608
1230232319363076103
1230228845921538055
1230234013907869696
1230220715422556166
1230235284241031169
1230222718051737600
1230228932039004160
1230234784497979392
1230224398247956481
1230227417039613954
1230229515118333952
1230233159322783750
1230231264856301569
1230232497113272320
1230231205984993281
1230227746590085120
1230222676230230016
1230234644068610048
1230232534967111680
1230220783751856128
1230231778625048580
