1232361889755254784
1232350284980064263
1232361736893804550
1232349968192675842
1232361464268251139
1232362038648659968
1232349737384398848
1232356426368143360
1232361581767462912
1232355694151708673
1232356108100100096
1232362618985295879
1232356661974560768
1232349795618037762
1232355519932829696
1232349849737211905
1232361880833986567
1232361186030759937
1232356165037805568
1232361206393921536
1232362552371355649
1232362042142621698
1232349748901928960
1232361087774969857
1232355578770407424
1232362371001323526
1232361287797047299
1232361489337438210
1232361130481344513
1232362024774045696
1232361183258255362
1232355318606245890
1232355869003833344
1232362251014823936
1232355100556955648
1232356440435830786
1232356709835866113
1232356110058782720
1232350588928757760
1232349846440251392
1232350264499277826
1232362268844675073
1232356545725444097
1232362240076062720
1232355967637086208
1232355885655240704
1232362587947491329
1232350245771730945
1232362325409247232
1232355847512219650
1232349590919221248
1232350393545437184
1232362060304060416
