1230320252556390401
1230316570347556864
1230314077169147904
1230316709669560321
1230320031231172609
1230318960475869184
1230317933659709440
1230312655241596928
1230311569504063488
1230316827483541506
1230311597073145857
1230311264213057537
1230320457079021573
1230314948334514176
1230313025854328832
1230311988967944193
1230311132604162049
1230313498430885888
1230318311042244609
1230312478711668741
1230319963006787585
1230312520373735427
1230314833670737922
1230317906367479808
1230314588685533184
1230318654669119491
1230314966210600962
1230318776954032129
1230319951757664256
1230311467653591040
1230317256812269568
1230315845378691072
1230313737057394689
1230312174964236288
1230315056702705665
