1229448008674054145
1229447928688676864
1229440644281618433
1229442195251515399
1229436032606539777
1229436171672965120
1229439622209511432
1229449594666389511
1229440922888409090
1229449507647184902
1229449104641495041
1229447233684242433
1229445448202473472
1229435785494949888
1229437735674335232
1229436468369797120
1229449878625030144
1229443498627227648
1229437658239295489
1229436570534645762
1229439229266034688
1229443731658428416
1229448570316697600
1229435369701171200
1229443801111986177
1229443569196421125
1229450248084324352
1229437414478925824
1229436119466442752
1229441189939732480
1229437320408944640
1229444612734910464
1229445970255065090
1229448145131540484
1229440769338904577
1229437675993751555
1229447153938030592
1229448393354772480
1229444900690595850
1229444742615793665
1229441895862095879
1229445795474296832
1229437690250031106
1229443964438138882
1229445630155804672
1229436342104444929
1229445242958553090
1229441794045284354
1229445906778296323
1229446415493083136
1229450086477942786
1229448218230038529
1229441957547651073
1229445954752802816
1229448913075286018
1229449887592394758
1229442921709088768
1229436822398341120
1229446172701532161
1229438336777048065
1229442335341043712
1229449942382465024
1229437960392716288
1229448974307909632
1229444478286680064
1229443895379079176
