1228401350133911552
1228395053225148416
1228404457425317889
1228399139936927746
1228397984351571973
1228395396222730241
1228407397812776960
1228402888101154817
1228407643414388738
1228402920951033857
1228399508658147328
1228402708069126149
1228402503978369024
1228393622044733443
1228397011248001024
1228397236163416065
1228396154204934149
1228408357838577664
1228405946625355776
1228404284909346817
1228398132850876416
1228401593239900160
1228393535528931329
1228403921967833089
1228398474389000193
1228407482650972161
1228398160092905473
1228394924049125376
1228406727160344576
1228396446157811712
1228398606262005761
1228406674953777152
1228400371464331264
1228393558350192644
1228396054099451910
1228404743279652864
1228405902534774784
1228407723110223873
1228403217115090945
1228408370085810177
1228397827857866752
1228395728411725825
1228401147590926337
1228405470831968260
1228398746917953536
1228407610342363136
1228404167078744065
