1229876341098500096
1229873842744700929
1229876510179418114
1229878962714808320
1229888270156390400
1229886980605054977
1229877938281177088
1229874127919616001
1229884667764957185
1229879159297597444
1229880952505106438
1229882767728611328
1229875677253468160
1229883570568794113
1229883547726512135
1229887823223889920
1229879316642557953
1229887658412978176
1229878109748547584
1229886881564962816
1229875187153326081
1229873219882147842
1229875538908647428
1229885223929831424
1229884508536786944
1229882344028491776
1229881271389753347
1229878360987312128
1229878842032082946
1229876936287178753
1229880780115062789
1229883616173359111
1229882164222627840
1229881075083726853
1229887630159933440
1229878343039930375
1229888228880191491
1229875301620035585
1229881035380404236
1229880188315602951
1229884842504073216
1229875434457837569
1229873378011439105
1229882535569756163
1229883237822017539
1229877230110683141
1229878427261386753
1229887523238838273
1229880448140050432
1229881600617385985
1229878237087567874
1229880700528136192
1229877682386722816
1229883758083313664
1229884856903110658
1229881919900397571
1229885447406596096
