1225024467140825090
1225026227016208386
1225023646319534080
1225025362326777857
1225011429905924097
1225025843589722113
1225025404131430400
1225026200361369600
1225024668924465153
1225025501162426368
1225025953853632512
1225022447449075714
1225022371498811392
1225023014342995968
1225025370719690753
1225023758584500224
1225024266569166848
1225023900750438400
1225023914104877056
1225026101237485575
1225011795338940417
1225024690688626689
1225023022823723008
1225024580835840000
1225023027328495616
1225023063210643457
1225022802920689664
1225024290493517824
