1228944208125255680
1228937322017759232
1228951453517012992
1228942249343373312
1228948095830020098
1228944315092619264
1228947561836212224
1228941968153153538
1228941845884895232
1228937295706746880
1228940079843946496
1228947195094634497
1228939073814818818
1228951073286524929
1228943606628655105
1228950271226564608
1228937051078197248
1228937929969541120
1228951135869792256
1228939110498226176
1228949266300694529
1228940157350334464
1228950651662561280
1228941272536244225
1228941345240141824
1228937675983343618
1228947617981325312
1228937504255959041
1228944444172300291
1228947248764964865
1228950763705110530
1228949795764658176
1228939185047818240
1228942492587835393
1228943822228348928
1228942364321841152
1228940158394945536
1228943877970841601
1228949589505564672
1228951393534402560
1228951736842252288
1228947318210203649
1228947807526146051
1228950630439493632
1228949545377320960
1228950817769607169
1228938419679555584
1228943041991282688
