1227645926522675202
1227652134495109120
1227640177641840641
1227643237143171072
1227642615287422977
1227638800786100224
1227640623383097345
1227648556997238784
1227639125530095618
1227647088336330752
1227644853447581696
1227643456673193984
1227638750735413251
1227649986734764034
1227646875479740421
1227642399062679555
1227649489407627264
1227650758818091009
1227652560875450369
1227646545371258881
1227641153463443457
1227647319211794433
1227643685195730944
1227640295220752384
1227645178317549568
1227644897710235648
1227645890464231424
1227639848988762112
1227649459716227073
1227651856672993280
1227645905366605824
1227643809464492033
1227645766899912704
1227645743789432832
1227640901347893249
1227644498009874432
1227640202685898755
1227646670436876288
1227649240639426560
1227643420036009986
1227645887993741312
1227643164787265536
1227642054827638784
1227641683111763968
1227648691512713216
1227640081340518400
1227644280124170240
1227640557809414145
1227641409152352258
1227647339709386753
1227650247972790273
1227640190866358272
1227649073093718022
1227641790133669888
1227639071926714368
1227643141509013504
1227651545141039105
1227644533891948544
1227639175568089088
1227638786697433088
1227640776118587392
1227644555975000065
1227648093790728192
1227647151884337154
1227643835364167685
1227639834795237382
