1232064825334824967
1232065187320074240
1232071688260587520
1232065444204498944
1232064738894344192
1232072278952861696
1232064346743853057
1232070668428173312
1232064633919475713
1232071021554995201
1232064336828518400
1232063944669437952
1232071309787615233
1232072736207331328
1232070708739661824
1232064085031817218
1232071915130499072
1232071928598454272
1232071267815219202
1232070903950925825
1232065828016787458
1232071988732186625
1232070854525247495
1232064339860869120
1232071808142147588
1232064471901843462
1232072683959017472
1232070692046286848
1232071515635535874
1232064430285955072
1232072173797478401
1232071936189947904
1232071366330814465
1232065348658065408
1232072268009918464
1232065750300594182
1232071707579514881
1232070844366585856
1232063945617367041
1232072609698848768
1232064693751205888
1232065027571683331
1232065243347668992
1232064736222597120
1232064123472678913
1232072257817563136
