1223988561122168832
1223994861268783105
1223988347644731392
1223988270067077120
1223995848125747200
1223995628469940224
1223994969431523328
1223994786958299136
1223995610849628160
1223988333262462978
1223986930615930881
1223995481044475909
1223987662043799553
1223996026152865793
1223987567143444480
1223988801695027200
1223994768297840642
1223988468994510851
1223995350400294913
1223988968582238211
1223988820846104576
1223987298682859520
1223995624158154752
1223995114583941120
1223994470762414081
1223987451775148034
1223988268011790344
1223988953650552832
1223988187636301824
1223996102275289090
1223994459496615942
1223986969576951809
1223987456149803014
1223995665648431104
1223994590363103233
1223995362467368963
1223994541310500864
1223995145743454209
1223996112903655427
1223987423329366017
1223994810542981120
