1233336044713476097
1233336601775923200
1233342574351585280
1233331249986535425
1233336399694307328
1233336385467305984
1233337529954291712
1233336418765701120
1233336817052717059
1233343024136163328
1233342104790798337
1233337286164668416
1233331148991979520
1233336887013761029
1233341995201986560
1233337378250477569
1233337487147143169
1233342808963997697
1233331221591015424
1233337132581892096
1233336339292131328
1233343348078936064
1233331216742518785
1233336535518302208
1233343088720056322
1233343149180887040
1233337063740760064
1233331420073996288
1233336861164109824
1233331330802425856
1233336322317680645
1233336665793388544
1233342608325345280
1233342695436931074
1233342750432432129
1233342968360316928
1233342576914124800
1233337315663261696
1233336174799835136
1233342427731288064
1233331369188589568
1233337211413655552
1233336427884113922
1233342817499566082
1233342135878983680
1233331276838404096
1233343689356926976
1233342364627951616
