1227522496405991424
1227525701663739904
1227530944317247489
1227520440513462272
1227532703198826496
1227526960701562880
1227528554163949568
1227520146400563201
1227526665405730817
1227521524871172097
1227532433551020033
1227531042522828800
1227521926068723712
1227531194285182976
1227530905276698624
1227517876925386752
1227530196510621696
1227530906086334464
1227524377702326273
1227521730458968066
1227528160067100672
1227531686763589632
1227521299276353537
1227517992390533120
1227527096869609472
1227532484834975744
1227518108866359296
1227530936658661381
1227524993208029184
1227521091968675840
1227527782231683072
1227526108649639936
1227530806509240320
1227527833112629248
1227530626846216192
1227526528201826304
1227527263232589824
1227525321047576577
1227528330745991168
1227531645013544961
1227519061304762368
1227529676807012352
1227523282150318081
1227523787995791363
1227518301737226240
1227520657149366276
1227518152327622657
1227525602627866624
1227521497301995521
1227524726035296258
1227518036552245249
1227523187925245954
1227522303681908736
1227521174298492928
1227519071786278912
