1224149515206197249
1224149045402271747
1224144861185445889
1224143625321439234
1224149614162477056
1224148899218128896
1224146207477501959
1224147921295355906
1224143484988329985
1224149995739201544
1224149443215286272
1224146599850299392
1224146931372503042
1224144975379582976
1224148729994735617
1224149235274305536
1224144818043047936
1224146379439607809
1224147109240115200
1224144867900575744
1224144462537838592
1224148142565797888
1224147359875108867
1224149807352041472
1224148252682936320
1224146225936490496
1224149563830722560
1224143766736556032
1224150099070156800
1224144623183884293
1224144599804993536
1224147851132968962
1224147158124728320
1224149270388932608
1224143891223334912
1224146759460540416
1224145164622606337
1224143721559662593
1224148601720332288
1224148778149646336
1224144554271469568
1224147997103214592
1224149101601673218
1224146734999384065
1224144832324669442
