1228299082768117760
1228288532369858560
1228295981340348418
1228296160856682496
1228296697710706689
1228291547982110722
1228298120129323009
1228297006680018945
1228293536077897728
1228296290242584576
1228289902371987456
1228297586215243777
1228297204407898113
1228295964370194437
1228293628491128833
1228293922490851328
1228291189956153347
1228295248591433729
1228296946936373251
1228299706167488512
1228292224749834243
1228288774016245760
1228298892829057025
1228290445291216900
1228291674381508608
1228293984457502720
1228296434178543622
1228288993009094657
1228297700933865474
1228299001277140997
1228298298957627393
1228288792412479489
1228299181736902657
1228296266569932801
1228292250653716480
1228295921579917313
1228296919698440192
1228299466228109318
1228292290512400385
1228292905917243397
1228290422092390400
1228297238927069186
1228295663294832640
1228288086624260096
1228288937866731520
1228291021059973120
1228290543916064768
1228288317147504641
1228300262676156416
