1228091845667938304
1228091574535454720
1228097994261590016
1228094933619240960
1228097939291004928
1228095312746516482
1228092390520606723
1228094417283747848
1228094594501484546
1228097842453061633
1228095258766053376
1228097796802113536
1228095509845250050
1228096112814362624
1228094979341291520
1228092739755048960
1228092645064499201
1228093931792941056
1228091609537011713
1228097359189565441
1228093403239473152
1228092744658276356
1228096584392597505
1228096759668277250
1228095421802663936
