1226636785494712320
1226635547780751362
1226641689382543360
1226641138943221761
1226639947219775488
1226639382683107329
1226637643481518080
1226636376713465856
1226636333986217984
1226635422018633729
1226640842443476993
1226639205012529152
1226637928836796422
1226638341317234688
1226635808641171456
1226639346335248384
1226640897183485953
1226635862789763083
1226635323813199873
1226637829385674753
1226636129132306432
1226636191031689216
1226640375315607557
1226640409780203521
1226641847742816256
1226640026617995266
1226639289158496256
1226640102169944064
1226637078399766531
1226635301407379457
1226637573537308673
1226638874652184576
1226641029329301504
1226639353960525827
1226638865076633600
