1227516721147322368
1227511234150334466
1227506284846448640
1227507298521583616
1227504795008696321
1227510595370405890
1227508392383500290
1227508109804855296
1227505417242206208
1227508583710900224
1227510413161451520
1227512154854588418
1227515149432561664
1227506849668194311
1227507757277839360
1227510322237407233
1227515695908388864
1227507422757097472
1227517478999330816
1227507289441144832
1227505123984732160
1227503219057672192
1227512937499115520
1227510233481637889
1227508021321842688
1227516006748360705
1227513792415719426
1227514492960903168
1227505888316948481
1227510412058517504
1227510726324969472
1227503757396598784
1227509307949735936
1227512715733803008
1227516598832861184
1227505982772826113
1227507573907247106
1227508541814198274
1227508657245605889
1227510123972591616
1227512534162432000
1227514253126590464
1227512560242446336
1227508028645281793
1227503299730952192
1227512516093210624
1227507150349578240
1227506776595025920
1227516242195513345
1227507340615745536
1227512063595073539
1227505485894414336
1227507064630599685
1227513694327836673
1227511267134525440
1227510911281266688
