1233570060515577857
1233564705278582786
1233569960976408582
1233563707839516672
1233559081031524352
1233564484054257664
1233563181768794112
1233558134008008704
1233572293365948416
1233566372409618434
1233570829318991877
1233569071817465856
1233558845957529600
1233570762679779328
1233565139195969536
1233568090295808000
1233560134665801729
1233565815930343425
1233567251464380416
1233561178128830466
1233565141993693184
1233565817670795264
1233569452458958849
1233570557272240128
1233558976270360577
1233571858693476359
1233569269075468289
1233559344467202049
1233564703877521409
1233567091984343046
1233568597978435587
1233569128750837760
1233565686770937856
1233566525115838465
1233566972371013633
1233563301734277120
1233570883081359360
1233565373808697344
1233559697837481987
1233558494634299393
1233561650260774918
1233569814704271360
1233569374994386945
1233567489826709505
1233562785100914688
1233558904103030784
1233562667346014208
1233566802761809921
1233572383363149829
1233561314175410177
1233572506759553025
1233561352641314816
1233564848560074752
1233570074939809792
1233570111627366403
1233571409630257152
1233563803402620929
1233561060831088642
1233567410046865408
1233563523059474439
1233558236768415744
1233564268651413504
1233558469585899522
1233558966799622144
1233560127279468544
1233571922094559232
1233560757712846848
1233567551424286726
1233564043845283841
1233569971713658880
1233570630945009664
1233557881150111744
1233567214554558464
1233569608126390272
1233561348166029312
1233564927975186432
1233562742474362881
1233559995196858375
1233561125582712833
1233559273386328064
1233561656497786882
1233561893408772098
1233571627608178688
1233558493128355840
1233567853791600640
1233564451590328320
1233563683516645376
1233565726721445888
1233564363073687552
1233564546683437056
1233569207859712001
1233572554947858434
1233565971341668353
1233572075639492609
1233569536923906050
1233560843503067136
1233558322290319361
1233563209203945472
1233559333566324736
1233569950679339010
1233560179091763200
1233566068372799489
1233564893669883905
1233560448299159552
1233565839120572416
1233558186680029186
1233565519594131458
1233571666720063490
1233559860932833280
1233559097443745792
1233566531512098816
1233572128089239552
1233572131767803904
1233565153561600003
1233571504547401729
1233560674506244097
1233569440375214080
1233565171441786880
1233564227346010115
1233560164285980678
1233564246853636096
1233562194333388805
1233563146352087040
1233559113491238915
1233557898170683394
1233571846454300672
1233572052923305984
1233562675273031680
1233567323358842880
1233566909439860736
1233567929242918912
1233562703354122242
1233566916620488705
1233569250620694528
1233559341136900097
1233569831632326656
1233565499142725633
1233559304277549056
1233563705083863041
1233565087417479171
1233563769483284480
1233563417719590913
1233558183794356224
1233561989974085632
1233558757981982720
1233565498605850624
1233564633648074757
1233569710182031362
1233561649002491904
1233560693208535040
1233568948244885504
1233568587161444352
1233558916706992128
1233570119760203777
1233558124562239488
1233568423034048512
1233570443988066304
1233568759903924224
1233560588380508160
1233571737327079424
1233563962278588416
1233570827804774402
1233563286362189824
1233561057861369856
1233559358405009408
1233569620826578946
1233565735668060160
1233565068454838273
1233566182835400706
1233560333152870400
1233571280877735936
1233570026130677760
