1226412171187412992
1226407630165307392
1226407147765936128
1226408296778739715
1226406767552106496
1226410325391683593
1226414763476832257
1226409496907517952
1226412406416510976
1226401771821486080
1226408243326382080
1226414221644054528
1226401305343791104
1226410142826102784
1226409298382741504
1226403330873651201
1226405637195628546
1226411606948614145
1226409852009959431
1226406516967669761
1226404954115649537
1226404641832931328
1226409298428710912
1226403509488300032
1226408467042271234
1226404365319032832
1226415366722719744
1226400901948198912
1226401166893834241
1226408529365524480
1226415384754106373
1226409132858789889
1226408134006255616
1226406784736227328
1226411895864774656
1226409081138794496
1226405003700494337
1226406480229883905
1226414098117746689
1226413422297874435
1226406905750249472
1226406118932406274
1226409498710904833
1226402817004322816
1226414752643059712
1226413172355149824
1226407505640583169
1226407440234643458
1226409418440544256
1226404418033111040
1226407757940764672
1226411118320586752
1226413699239464961
1226403763096715264
1226405918742544385
1226407395565457408
1226405675435081729
1226404708161441793
1226412535202668545
1226402867264647168
1226405453686546432
1226414158154846209
1226414029259735041
1226405152158048256
1226414391756648448
1226413661591224320
1226402299897098240
