1228459654423826432
1228458038639480832
1228463676283224064
1228460282785226754
1228467913260240900
1228459734237401088
1228464634593783808
1228466143473602563
1228461273047805952
1228459347128324096
1228468654078976000
1228465425584939008
1228463948229496832
1228462863758626818
1228463090628321280
1228463147477954561
1228468285609406465
1228462266875400193
1228457771315671041
1228463420246093824
1228459810116386816
1228459842966130688
1228465525015052288
1228459411863003137
1228459265217777665
1228454494582820869
1228467358920007682
1228461896552112134
1228464014276976640
1228455298408632322
1228467786596438016
1228467483436290048
1228459338035081216
1228464645339566082
1228461959017721856
1228456986846597120
1228456750124326912
1228460144637464579
1228463434360086528
1228467612285227009
1228457504629194752
1228467220327665665
1228460626567213056
1228468906026819585
1228465279853682688
1228468859566465030
1228458320073129984
