1229933919409201152
1229936827324358658
1229938427648409606
1229946992455016449
1229939371870236673
1229940936173441024
1229944491768872960
1229942675345989632
1229940366230441984
1229942846418866176
1229937588657516545
1229936285445345280
1229943353464147968
1229935499302916096
1229938870449508353
1229939062569500672
1229937081188638721
1229944306556948483
1229939041144979456
1229948474021429248
1229938793815445505
1229933746897338368
1229939261576597506
1229935637454782465
1229945116590137346
1229948229745303552
1229934778931007488
1229939185643118593
1229945736294522880
1229948202549334016
1229941067140784129
1229937067502850049
1229947269249687552
1229945796323414016
1229946350785253377
1229934393654857729
1229945835657420801
1229948606624477195
1229946881318371328
1229946351640829952
1229942388333871104
1229946548148035584
1229938118889033730
1229942557687373826
1229936163269611520
1229946995999039488
1229935382264860672
1229947915897950208
1229943442517573632
1229937530252013568
1229941078012366850
1229940404629331968
1229936488399265792
1229936063176749056
1229941243104256003
1229935703712247808
1229933916598882304
1229933700403515393
1229940274509615105
1229940711484805120
1229938047724199936
1229943838904438785
1229934996565221386
