1233430054539079681
1233430549680640000
1233425063153717249
1233429841950711809
1233430830669877248
1233424396385169409
1233436426496331776
1233424149072285698
1233436358460485639
1233436236972470273
1233431191489040384
1233424635968020480
1233435603410341889
1233430176157126658
1233424082638688256
1233425244272185345
1233424926020734982
1233429803962949637
1233430525278244865
1233436162112577538
1233436598961922054
1233435781001248771
1233424598596833281
1233436140859994117
1233431111625322496
1233430885682286594
1233435838257803265
1233430931890941953
1233430701736783873
1233424392555597824
1233435699967352832
1233424111206125568
1233425014042419204
1233424073604071426
1233425084968247297
1233435902183190528
1233431238498713600
1233424090205212677
1233424382179074049
1233436241548521472
1233430827482124288
1233436602980093952
1233436350772170753
1233435658850619393
1233424707732504577
1233425257760841729
1233424380085977090
1233424417482530816
1233436611519680518
1233424293154807810
1233436300474273794
