1224176753632923648
1224175738951045120
1224179811544858624
1224180258598871041
1224178901875937280
1224180243562237952
1224180189070008320
1224177846492356608
1224180576170708992
1224179446137151489
1224177927295770625
1224178596329205762
1224178891649998848
1224165740661657600
1224175692054695937
1224179584423354369
1224180447560601602
1224165932899209216
1224166666784755713
1224180007502852097
1224165915144663040
1224177626857820166
1224177566317105152
1224179917933424641
1224166224965144577
1224176771412545537
1224179754108100609
1224165870001197056
1224175737613234176
1224177729043562496
1224166672988286976
1224176404591521794
1224177348171436032
1224177860627222528
1224180377624793088
1224165644117082112
