1227157625055449088
1227155906506326017
1227159961668448256
1227157625361424385
1227169734015299584
1227161189718749185
1227163215110369282
1227157355021971456
1227157367361613829
1227156777591926784
1227160029007974400
1227155574778810369
1227163054044901376
1227167176898953216
1227167193256939520
1227162124318674945
1227163840950996992
1227163301362032640
1227163274136969216
1227156082402852864
1227163695110934529
1227160715930284032
1227166452857409542
1227163200291913729
1227162057008533504
1227159653697630212
1227165278678577153
1227158275017150464
1227160873816461312
1227166678703919104
1227156444069289984
1227162410571747335
1227156967723950086
1227158576017428480
1227155731700486145
1227155763094835208
1227168989740175360
1227160634661298176
1227155914546982912
1227159021737533440
1227164446818066432
1227165525005856768
1227167012884926464
1227169656772931584
1227163954214002689
1227156025041702912
1227158539166212096
1227167524938113025
1227158493196668928
1227162500199641089
1227157213569048576
1227169483200004096
1227168768339664897
1227157734895816704
1227165493901111305
1227155505233178624
1227163047921217536
1227163755475349504
1227158001896681472
