1229759393018925056
1229763490765778946
1229760010764374017
1229759786717241345
1229763474672078849
1229758469298888706
1229755930117537792
1229763288331845633
1229763526270562307
1229762240578048000
1229758215329472512
1229752719243563009
1229752766945325057
1229753843510018048
1229762736881459200
1229752809190559745
1229763502140686336
1229761736531742721
1229759560811978752
1229763989107695616
1229754210385788929
1229763374793285632
1229763835441008642
1229756377842630656
1229755332064210944
1229759995140378626
1229761985732075520
1229753417309937664
1229764479610753024
1229753119954870273
1229761728797446144
1229758798828408833
1229759963096059905
1229755347491053568
1229757168393609217
1229758357268922368
1229755731122913280
1229763655907987456
1229755773686894593
1229754506008813568
1229758334410121217
1229756188654493698
1229758149122375680
1229757965218930688
1229756585297104897
1229756035595935745
1229764529032175616
1229760026107138048
1229759733671686146
1229752803741945856
1229753220341223424
1229763453474074625
1229752481225138176
1229756667824394241
1229754649378357253
1229759787740487682
1229757709500633088
1229756720945270784
