1229517481225547776
1229519191465766912
1229524583159496704
1229513918717952000
1229521777816227844
1229521386726576129
1229512184499261441
1229520415023915008
1229519698028400646
1229525652308680704
1229511006780624904
1229525675847176193
1229510832507121664
1229514893180702720
1229523171604344835
1229521305776594946
1229511060253749251
1229521111379042307
1229522803759542272
1229523118252670977
1229517813045485568
1229514541928603648
1229514491798355968
1229522961100488706
1229517854648733698
1229522542982914048
1229513274716303361
1229517077821710337
1229518645929414656
1229520634297733121
1229516519157194752
1229525456946388992
1229523447837085698
1229517733840076801
1229523138557415426
1229512364292100096
1229516132236713984
1229515570300833795
1229525278222954497
1229512826504515584
1229523807120945152
1229525007098875907
1229512547788673025
1229517971829116928
1229518288297906183
1229514452107702273
1229524071114735621
1229525413690511361
1229515094616367104
1229520924921061377
1229515341841207296
1229525119447523328
1229515509487542273
