1232332809366274049
1232326966705041410
1232325951293292551
1232326539959787520
1232320332222038016
1232320477802254336
1232326591927087105
1232331681454931968
1232319826447618048
1232332346856263680
1232331600119181312
1232321033828388866
1232326472163110917
1232332138273497089
1232325717054062598
1232326598541676551
1232332398060285953
1232331595228434433
1232319789332234240
1232332704852525058
1232320116165136385
1232319610570952707
1232320675827867651
1232326867245506560
1232319977950040066
1232319735691386880
1232320167314644992
1232326565100498952
1232319594229977090
1232332659306778624
1232320077783031808
1232331975500931072
1232321098890399744
1232327062649700353
1232331949831852038
1232326856621330432
1232332668177698818
1232332154627076096
1232325707897786370
1232326765734961155
1232326312456376327
1232332147500965893
1232320338861711360
1232320336630362112
1232320143637696513
1232332460073136131
1232332968208695296
1232332281311711235
1232326165802692609
1232320859202838529
1232326961395007488
1232320527018016768
1232326967900430336
1232332574749601794
1232332587710009345
1232320637022003200
