1224239935147986944
1224239836971835392
1224226775498219521
1224239207301804032
1224240318377230336
1224238298601873409
1224238744443805696
1224227130537431040
1224238010243350529
1224238664328155136
1224240990279499778
1224226842904756225
1224238862756732929
1224238686574764032
1224240795231846408
1224226696846434304
1224239057988878336
1224237280019218432
1224227212569862144
1224227094189596672
1224238269979709441
1224237828013342721
1224237412576088064
1224227103010279426
1224238228116529152
1224238335557804032
1224239278927962113
1224227047016284160
1224239734215663616
1224239945180745728
