1229078316025442304
1229080909305044992
1229077383443099648
1229079034665078785
1229076003827470339
1229080549957853184
1229074492070121473
1229073988552445952
1229080322526138368
1229083393222217734
1229082816538927107
1229079484923555843
1229087076689334272
1229081130198061059
1229077391500337152
1229079918845349890
1229082728383098880
1229084465621762051
1229083381926780928
1229086955960299521
1229082652357124097
1229087726953205762
1229086965141819394
1229078537438547968
1229075191063511040
1229080779336142850
1229076466434035712
1229081823705210881
1229082431732539392
1229078281162375168
1229086665492140032
1229084326614069249
1229081767338004483
1229075485088501762
1229085562369454080
1229083721770393602
1229074242005762048
1229082441169588224
1229077801082458113
1229084082400722944
1229075559059263488
1229080965378695169
1229086658202607616
1229082326438641664
1229074300369612801
1229086055619538945
1229075922210308097
1229081693669273600
1229083650035052544
1229083907758399490
1229083826632187905
1229087928380469252
1229083708491206658
1229077894309306369
1229076160132386818
1229076099939868673
1229075426271612928
1229087952707284994
1229080205635047424
1229080702450192384
1229084678734458880
1229087671491973120
1229075539434053634
1229078109476884481
1229086413989253120
1229079292027363329
1229079408524300289
