1228446569491386368
1228449164503154689
1228449763969859584
1228452211010654209
1228439366030241794
1228447466904784896
1228439197205303297
1228448549651853313
1228439989429493760
1228442460520697856
1228449568444076032
1228445269013827584
1228450114425032705
1228441334526205957
1228453728732274698
1228446587204009989
1228448164480462849
1228450504281395207
1228439125235077120
1228446550814314497
1228447367285923840
1228453254243196937
1228448208361160704
1228453384572637185
1228439945519542275
1228440097214935043
1228440653346021376
1228439789965365249
1228452525868822529
1228441665913835520
1228440072279805952
1228452773701668864
1228440896611352576
1228445635868798977
1228441520543617024
1228448029637738503
1228448881840730115
1228448749921456128
1228452000985018368
1228439783216566272
1228452907403661312
1228451860111077378
1228444586814693378
1228450883870056449
1228440090147352576
