1229116649518710784
1229107362713219072
1229110883810529282
1229112611704332288
1229112587327098881
1229116740120072193
1229105348935667713
1229106972693344256
1229112464605884422
1229110170049011712
1229112253657468928
1229103201728724992
1229107605437583360
1229110811462979589
1229111072008749056
1229110738649665536
1229117552241958912
1229104295758499841
1229104669085048832
1229107875122778112
1229111637832957952
1229105972246908928
1229112111445499905
1229112438005653506
1229108331366604800
1229112532394291200
1229114676828524545
1229116140007366658
1229110062859325440
1229104609265766401
1229114610785095681
1229112130022055943
1229105229473427458
1229113478012522496
1229107987865690112
1229103601219444738
1229108827628408832
1229103538355048448
1229108699697950720
1229112811114172416
1229116393582452736
1229117764901777410
1229105552967524352
1229116206432448512
1229106547063607302
1229107147281031170
1229115048221650944
1229106237419053056
1229106961544695813
1229109443444396032
1229107395802079241
1229103810058080267
1229110430062301184
1229107155934027779
1229111012252581892
1229107410608041986
1229110596811055105
1229106409184407552
1229105805141532672
1229108101053321216
1229106632153554947
