1225152322579419142
1225154940466880514
1225157690332086272
1225152506780622848
1225155026525597696
1225154627806482433
1225158890473521154
1225156226432098305
1225162154241691648
1225155358827610113
1225157395334205440
1225152704147787779
1225159871827533824
1225158212044935168
1225159327633289217
1225160862169731074
1225152243172704256
1225161342182678529
1225151915102801921
1225155413173309445
1225160910391730176
1225157124835151872
1225158917245698048
1225161750514765824
1225157279567294464
1225154688980594689
1225152143839125506
1225156072765378561
1225155581645873152
1225161081959530496
1225153292239605763
1225160341685846016
1225160432115167233
1225159525986111495
1225156091400593408
1225160405313560576
1225160467724763140
1225156597988589568
1225159946989461504
1225153015876915200
1225152541689704448
1225159194988466176
1225160808470077442
