1225212420357906433
1225222531549843457
1225212054342000641
1225221763589521408
1225219629120798720
1225222362586439681
1225216299199909888
1225216701836353537
1225218948813217792
1225213843418296321
1225216734434598913
1225215508250677249
1225219476041256960
1225221862352773120
1225213209759580160
1225213126288777216
1225217026081247233
1225221128660115458
1225215348644990977
1225211236331159552
1225214909073575942
1225211483866320896
1225213041454800897
1225220061595623424
1225211378501345280
1225222228457009152
1225221363276959745
1225215997361045504
1225218059050328064
1225216602221629441
1225215776111517697
1225211088540700673
1225219964946259974
1225220001830862848
1225221628751175683
1225217634716790786
1225210885574184961
1225212962467700737
1225220932169396224
1225222022629863428
1225212693147193344
1225214476598706176
1225214656102445056
1225220793682059264
1225220038887694336
1225218240298864640
1225218762158243841
1225220114422714369
1225219499672113152
1225214018308202502
1225212085732347904
1225214587722698755
1225217430470955009
