1223817465655742464
1223817644500873218
1223816655287001088
1223810837955203072
1223810164538499072
1223810632899682304
1223817095583944706
1223817113468657664
1223809943998017537
1223817139712225281
1223810086851792896
1223816598676328448
1223810836453478400
1223811505558257666
1223810775279529984
1223817691665842176
1223811388952412160
1223817922381926400
1223810018434322432
1223816356623257600
1223810239792738304
1223803453060919297
1223810522136494080
1223803299201052673
1223817574514937858
1223817084649369601
1223811196413009920
1223809699436470272
1223810462044704768
1223803311532511232
1223810991286128640
1223811437035802624
1223817359263195138
1223803329236623361
1223817528591282177
1223817080392294400
1223811325723168773
1223809553520742401
1223816965036232704
1223810274651590657
1223809979615973376
1223817853209665536
1223816417335808000
1223810596002390016
1223816391150583808
