1230671704655093761
1230671059680190464
1230672689460760577
1230665606820548608
1230664864881926144
1230662661911826433
1230668033800179712
1230662237192323072
1230662589496954881
1230665673329631232
1230667368092712960
1230662405304156161
1230663469038481408
1230659540955234304
1230662131705667584
1230670104502816770
1230672011040559105
1230669158884528130
1230659541194301442
1230667843995201536
1230668583333593089
1230666373099069441
1230668966282043393
1230665415732318208
1230666221432995841
1230672348661080065
1230662667288895488
1230659410386513920
1230664272318853120
1230659328006217728
1230671826965204994
1230663783418298370
1230670373550559232
1230672141676359681
1230660109472108544
1230666464056741888
1230669023471423488
1230666711642148865
1230665170914922497
1230665510678880256
1230663063357067264
1230665308005756928
1230671560513593344
1230669871907835905
1230661154852286464
1230662491991994368
1230665606929633280
1230663411530227712
1230658453741473792
1230673424676159494
1230670323114299392
1230669831147597825
1230665123662045186
1230669733332213766
1230668481701597185
1230671822884081664
