1232590700249788417
1232590630922178560
1232578075768037376
1232590435144609793
1232590744986308608
1232590678464528384
1232578465649635328
1232585387899572224
1232583908459335680
1232578204159938560
1232577681549602816
1232584460257898496
1232590431160066048
1232590744726233088
1232577866774216704
1232590822274666496
1232583711184453632
1232584994238844928
1232578154998489088
1232578907259449344
1232577736880902145
1232577219802914818
1232584030245158912
1232584537093394435
1232590589952233473
1232577816128040960
1232584257496846336
1232584810796896258
1232590745418240001
1232578175374245888
1232585012299497473
1232590847432110080
1232578171561807872
1232578892214525952
1232578633732153345
1232584250517385216
1232590385916121088
1232584353676267521
1232577368549724160
1232578298011684864
1232591107671953408
1232584181630328832
1232590498960818182
1232578126208622592
1232584749295730690
1232578101009436672
1232584602364956672
1232585335357370368
1232578314000166912
1232584421238173696
1232590558234894336
