1232550840243752960
1232557739181854727
1232558155625881600
1232551884180852737
1232550696911638530
1232557555299209216
1232551503283605505
1232558006891679745
1232550543165448192
1232551143554867201
1232551583516200960
1232557776213172225
1232556958130958336
1232551784196915201
1232556880704073728
1232550301728636934
1232551628127002625
1232551708036927493
1232558146834632704
1232550468057882624
1232551637014630401
1232558385100394497
1232551370265419777
1232557516334125056
1232551406093185025
1232550693103337473
1232557724019363841
1232558499378405377
1232551115528527875
1232551401609281536
1232551637870313474
1232551785274867712
1232557051093618689
1232551649425707008
1232557870673211456
1232556882528800773
1232558336454746112
1232558090488340481
1232550691295633408
1232550183029751808
