1233051985034661889
1233057424862408704
1233052076982190081
1233046335970037762
1233045568823480320
1233052014680190976
1233058833590870016
1233058683145400320
1233046389476687877
1233052198172536834
1233057987440316418
1233052081767866369
1233046460444422144
1233046889018380289
1233051388646756353
1233052623063875586
1233051535443185665
1233052917059457024
1233052760775385090
1233052256678875139
1233058770944573440
1233058229417984000
1233051759410655232
1233046633790746624
1233052458542227456
1233052837229162496
1233045567971872769
1233057505615470592
1233052386928857089
1233045370038558720
1233052881378512897
1233057748172124167
1233051850712211458
1233051583027535872
1233058553818222594
1233058238859444224
1233052026910605314
1233057760297787394
1233057819001155584
1233058670214291457
1233046209566212096
1233051511686561792
1233052845273948160
1233057802010030082
1233057505678249984
1233051929510600704
1233045713635794945
1233052365927985152
1233052115544805377
1233046377984380928
1233058456178962434
1233046456866496512
1233046061779783688
1233051967452139520
1233046214188453889
1233046749603823617
1233051810388226049
1233057978346926080
1233051394279706625
1233058578472112128
