1224550709980319746
1224555783129640960
1224552660734398464
1224557525330276353
1224552479162949632
1224556493367676928
1224545606930137088
1224549549118652416
1224545875457990656
1224558071512358914
1224553329457430535
1224548877040119808
1224558103779106818
1224558064541433856
1224547666140360704
1224545738928971776
1224549360622374913
1224552102489468928
1224545448981073922
1224551214802710529
1224544872280932354
1224547753507737600
1224552436091817985
1224551163552583686
1224549369086533633
1224555016251269121
1224551573855952896
1224551351591395329
1224550103698092033
1224547356743553025
1224548246963597312
1224550306631049216
1224556496047853569
1224547682422624257
1224548441503617024
1224555973521612801
1224552597706530816
1224556749694193665
1224548668948340736
1224552352310579200
1224556991240007680
1224548108350169088
1224544842098860033
1224555231402323968
1224550460641538049
1224545129693839361
1224549341597241345
1224553037143924738
1224549390548758528
1224551054404009984
1224555126192590848
1224546906476552192
1224553656223248386
1224550425304584192
1224550819502133248
1224555960871469056
1224555760576692229
1224553038297337857
1224544298202431488
1224547362208698374
1224550011834208257
1224551763346255872
1224555378031177730
1224554711296217088
1224548888234860546
1224554775674404864
1224550109712699392
1224554022352379905
1224549709165015041
1224551412551446528
