1223775037263577088
1223777388447830016
1223777403723550720
1223778354438033408
1223778902247723008
1223773373777338368
1223775599296045057
1223773547795046401
1223787351165546497
1223777162425196549
1223778393952595968
1223773902863847429
1223777625958567936
1223774821328343041
1223774399079309314
1223779025241497601
1223776369731100672
1223774685449670657
1223775558233755648
1223775796591878144
1223776620336631808
1223777287763570688
1223776771297947649
1223775200707325953
1223776247639134209
1223775338049589248
1223776804432822272
1223777799749529600
1223776071113461761
1223776951770517504
1223779201578422273
1223775192926904320
1223777317287186432
1223777797967138816
1223777705088471040
1223778065215438849
1223776533266956288
1223775738609852416
1223777741650243585
1223773565008449539
1223774384239677440
1223775848823586816
1223778898577633280
1223774380737482752
1223775812089892864
1223776312617308161
