1224036741952176129
1224036296756277250
1224038191889625094
1224035797092962306
1224039015273254912
1224039387350097920
1224038803293126657
1224036385746833408
1224039456417701891
1224038389902643202
1224036842225524737
1224038629443420161
1224037347756511232
1224038336144322561
1224036758779809792
1224036549110661120
1224035580058783744
1224039026270883843
1224038716521345024
1224039095258750978
1224036082658037765
1224037332375998464
1224037110279131136
1224037982958538754
1224038958184701955
1224037588245319686
1224038405748805638
1224038551857266688
1224035938352779265
1224038234092687362
1224039342777229312
1224036824668131330
