1231980458373713921
1231973315339673600
1231979306789851136
1231986279816028161
1231980311682174977
1231972090443706368
1231979219439292424
1231972435748106241
1231980300038811648
1231980095579049988
1231986493834526722
1231972437840941056
1231986593784725505
1231972078259232769
1231973511293538306
1231986811850936320
1231973727140827136
1231979410405851137
1231986846827196416
1231986987894263811
1231986730238201856
1231980228131442688
1231986531860086784
1231979936195452931
1231973660983873536
1231978873241260034
1231986587107577856
1231973602813149184
1231979882436972545
1231972549266989056
1231980654390337536
1231986991904022534
1231985932368138242
1231973028994613251
1231979078699429888
1231979905467871234
1231986879228235777
1231973651542618116
1231972609711116288
1231987146917122048
1231980228156805120
1231986903609683970
1231986691193393158
1231986361428774915
1231987082807193600
1231980184754151424
1231986000446005253
1231978954514452486
1231985716961267714
1231972781174206466
1231973797550600192
1231986090212569088
1231980202059681802
1231973694789935104
1231978844426526720
1231980465600462855
1231980132543287301
