1228584546788085760
1228583551722901504
1228575353020571648
1228578053896294400
1228580926688395265
1228589209788743680
1228587780499894274
1228578626389413888
1228587659636817920
1228586734042144768
1228580021004095488
1228585155993964545
1228588464331010048
1228579710331805696
1228576590176481280
1228580490745016320
1228582968420995072
1228581176287399936
1228581611895230464
1228584200296681472
1228588326522847232
1228576451399688194
1228589030729768962
1228576581695787008
1228586429007065088
1228584839659474944
1228584638555181056
1228582408368402432
1228588992356126720
1228578282733363200
1228577369813848065
1228577024106647552
1228589737717489664
1228580856564002818
1228580824645349376
1228581349768024064
1228587480107999232
1228576214471905280
1228583011693756416
1228584546108506112
1228582231670755331
1228575437342724096
1228581221049020416
1228585583586398209
