1231851111260266502
1231851106709278720
1231839125273268226
1231839532707799041
1231839661040885766
1231842056911278080
1231838697349353473
1231840542675406848
1231841267656593408
1231842143779639303
1231838363218366469
1231851109913808897
1231839597941755907
1231837673519747072
1231850370957078529
1231841340826083328
1231850333787258880
1231837652048961538
1231838237066285060
1231839297361371139
1231838801737191425
1231841406978863104
1231842140243857408
1231838774121902080
1231850234520563712
1231842448013283331
1231838998852554752
1231837766465409027
1231841130905362433
1231851232278405123
1231838312316334080
1231838726109577216
1231841801704591361
1231839553746542597
1231839751671435264
1231838138621784064
1231838462224949250
1231838348320243712
1231840596618334208
1231850900928581633
1231840008375390208
1231842559938433025
1231839431243337728
1231850249238351872
