1232801615062732801
1232795163451219968
1232795896934543363
1232795091078668288
1232795508084703234
1232802407027036165
1232795771382255616
1232801153848692737
1232789395645849602
1232789866246787073
1232795297044021248
1232789802304622594
1232790643128307712
1232802020609814529
1232801368076845058
1232790306216652809
1232796149758791680
1232795269286199297
1232795250978172928
1232790747205849088
1232796282441392128
1232789387932553218
1232796621311705088
1232796421050507265
1232789165726720000
1232802110481346567
1232796425576046592
1232802043456176128
1232802030013603846
1232801287152046082
1232802500056682503
1232796573194739712
1232796085694992384
1232790391361089536
1232796560846655488
1232796376058257409
1232796257221054465
1232789438348001287
1232789531998466048
1232795456419323911
1232795894740901889
1232802395790413825
1232802429076414464
1232789601464528896
1232795754617544706
1232796510821240839
1232796539845779463
1232802264609435654
1232801806805274624
1232802095847366656
1232790687583756290
1232790033771397122
1232796018346872833
1232801206709489665
1232796174878466054
1232796085766303747
1232795376849022976
