1229912250938544128
1229911417744240640
1229911380263747585
1229913810602995714
1229911072347262976
1229916374409129986
1229917211625709572
1229916440666394624
1229917513422704643
1229914375110021120
1229917555008999424
1229913489365295105
1229914703251562497
1229911132904853504
1229916596224786440
1229911181432848390
1229911069642121216
1229916130875256833
1229914715494600704
1229916019067539457
1229917699548909568
1229912119098904576
1229912654954795008
1229914444010065920
1229912703269064706
1229915968064774144
1229913311124361217
1229912573958451200
1229914369418547202
1229914898836205568
1229912389350543363
1229912716699152384
