1232975285450088448
1232980783553400832
1232969159538921472
1232975030042034176
1232975867271270401
1232970380668784640
1232969773627035651
1232976172063043584
1232981286744182784
1232969277315198977
1232975197143216131
1232974915105513472
1232975644553891840
1232981881542598656
1232975301174611968
1232975214180352003
1232976067792474112
1232976141138485248
1232981669164044293
1232975867061645312
1232981024038096897
1232975440727416832
1232980937136168965
1232970005085589504
1232969969450848256
1232969995304538113
1232975498206011393
1232975800972062722
1232970010601164800
1232975347303489537
1232969426326126592
1232970315942285312
1232970503368867841
1232969246508027904
1232975977606762496
1232975946749181952
1232969488703737857
1232970092536791040
1232981555599073281
1232969692752384000
1232969878715478017
1232975782382837760
1232976124306653190
1232981471457136644
1232982063604736001
1232981219412979712
1232975607484616705
1232976312039550978
1232975632579137538
1232969328154337280
1232969328703803392
1232970559060766721
1232970390194081792
