1226667234304589824
1226665664020172800
1226664679465861121
1226664072772489218
1226661820691140610
1226669568271224834
1226669824002134022
1226662928826413057
1226662402483195910
1226671003838930946
1226667625607876608
1226668764940427264
1226670164789186561
1226669249235767296
1226672114725421056
1226663567690067968
1226668639119642624
1226663297828708353
1226670266295758848
1226663917763670016
1226668881621798913
1226670295274196992
1226668263247093765
1226665426786177026
1226666629368631297
1226663647646142465
1226666781244215302
1226668378259148801
1226672006613127168
1226662396598669314
1226665332653412352
1226670097332342785
1226667662782033922
1226663103527559169
1226671944986243074
1226671728077701120
1226667076837765120
1226663649797967873
1226671809447284736
1226668504868245504
1226662802523217920
1226666850613895179
1226669945259536385
1226667092830646272
1226670156442750977
1226667323718660096
