1225992545282314242
1225983561670377472
1225986948776386560
1225992089021882369
1225986415667884032
1225987573585080320
1225989719634432000
1225989535009558529
1225990898397384704
1225988751593074689
1225991773962539008
1225991708934012928
1225985536763891717
1225985293918011393
1225988129808510977
1225990652829192192
1225991212332544001
1225989902422151168
1225984451278098432
1225990844366323712
1225987876313169926
1225986999418376192
1225986430880477185
1225984431946551296
1225989976527196161
1225988041778569218
1225989079784800256
1225991464502448128
1225983155615780864
1225990927073906689
1225989430160150528
1225987474859659265
1225991513546444800
1225986447251005443
1225988378346151937
1225986651660398592
1225983462408060928
1225992019803332610
1225992610268864512
1225987405808689152
1225987701532323840
1225989584783314949
1225984094590255104
1225991297413959680
1225992220286713856
