1227733583135150080
1227732640142430209
1227738954109194241
1227737438769934337
1227740496241491976
1227734785981919232
1227736519198330882
1227742226039689217
1227743780863909890
1227733334085685248
1227736369411362817
1227732579941482502
1227734669665480705
1227743100472381441
1227734439234375680
1227740509734670336
1227734396960169984
1227739748657254400
1227738733186711552
1227737131256180737
1227738901508325376
1227740469142016000
1227735065507041280
1227735347066363909
1227732279918653440
1227738338477662208
1227730041104031744
1227731879157063680
1227742657881026566
1227741766238928896
1227737526783348738
1227735195941470209
1227741393335898114
1227731587367931904
1227730949368172545
1227741382388932608
1227742232465285122
1227743076694642689
1227739834434904065
1227743399840796673
1227740840656883713
1227735253445419008
1227739009893490693
1227740515803783168
1227739087630561280
1227737598984105984
1227737164391288833
1227736104960483330
1227738164044935168
1227742791167463424
1227731791857012736
1227736616598458369
1227740939076218880
1227730596429828096
1227729183591129089
1227738027788775424
1227732619086962694
1227734181217808385
1227731518769922048
1227741029417332737
1227732545548234752
1227737121844322304
1227730028328292352
1227730126479204360
