1231031288360001536
1231028121643569152
1231029256358170630
1231033695764701190
1231028754949996545
1231031726064971777
1231023964291522560
1231029400608468994
1231025292229201926
1231028630245060608
1231028663992209408
1231025054399389696
1231021451043622912
1231021689426731008
1231025942992015361
1231022155061694465
1231024403242274819
1231021971510444033
1231026265672445952
1231029770592440320
1231029238976958469
1231032638133219328
1231024840326303744
1231029081002496000
1231034147776262144
1231031392630378503
1231026560255348736
1231032277779582976
1231021122004627461
1231032033377386496
1231031431473713152
1231021817248260096
1231034349321146368
1231034432280301568
1231029518938386432
1231023891876843521
1231033692140773376
1231027012850110464
1231027541307052032
1231031136979046400
1231025251368210432
1231034167531536390
1231032232694800385
1231029525338894336
1231035707315015680
1231029145150337025
1231033806171275271
1231027927388581888
1231027574861639685
1231031927630680065
1231029639335772161
1231026345137754112
1231030361943166976
1231024844331941889
1231032886553276416
1231023445737123847
1231025368162652160
1231028066694107139
1231026956696616961
1231026842854928384
1231034138431389698
1231028786298179585
1231027132911894528
1231021902174531584
1231024341577424898
1231025387402080256
