1224469464386764800
1224301373606584321
1224443665738678275
1224338786693341185
1224275981940199424
1224241704527527936
1224423406747226113
1224164475495907330
1224336839076732929
1224329166159400962
1224358418581868544
1224179516458917890
1224392449411424262
1224419317695025154
1224202370135085057
1224273797165076483
1224159325997846528
1224441033754202119
1224449184159322113
1224130293197443073
1224134256747638784
1224255534938722305
1224442451269537792
1224390204645105667
1224301737038663680
1224146958996000768
1224356674376556550
1224419342147674112
1224303345487220737
1224238741419634697
1224449234201530368
1224450858630254594
1224440163746476032
1224158475716042752
1224202934843592704
1224146690141114368
1224218765061185537
1224448437606707202
1224290198730592257
1224472334439985153
1224146265685889024
1224388302997843970
1224241515033169920
1224185046497669120
1224161836859215872
1224408454225453056
1224442956968411136
1224377707796058113
1224441351346900994
1224274968734654466
1224303048371187712
1224225024057364482
1224130053551935491
1224376155827916800
1224328978879733760
1224449433208684554
1224146745522708480
1224315092365463552
1224367515691819008
1224163650002464769
1224317660701216775
1224205150304124928
1224326255346012160
1224379937072852997
1224449744669302794
1224128939628515330
1224448467180740608
1224347787707457536
1224336419314970624
1224161894791110656
1224160523899400192
1224290787082559488
1224200343078232065
1224180933122654208
1224428263876911104
1224275050045423616
1224131739632750592
1224439238680166401
1224425177401851906
1224147649420562445
1224405390109986823
1224134787633426434
1224467470301351937
1224238752429555712
1224203334296514560
1224327869767331840
1224355844587950080
1224408945374060544
1224272650824011776
1224185601039241216
1224338602408194048
1224289336881025024
1224276808184414209
1224260052565090304
1224462742788214784
1224446974797078528
1224146244735512581
1224316866719600640
1224240289344212992
1224339192538435584
1224143951247986689
1224468725874733058
1224164475881820161
1224365513427517440
1224201419567267840
1224262200652705792
1224463374219730946
1224198090053357569
1224338562805448705
1224439250944319489
1224259422697840643
1224367650958036992
1224348641155895296
1224145610187726855
1224288791143370753
1224328159446929408
1224317566174232576
1224466817831358467
1224164792727822339
1224302870142640134
1224336328130727938
1224424637855141888
1224237494469677056
1224305553247260673
1224306558667898881
1224376410812375042
1224290270826512384
1224144830546227201
1224407565318180864
1224429510889623553
1224388928289026055
1224427988521029635
1224471760596340737
1224270973312151553
1224177665935998976
1224338362552569856
1224448477813329920
1224242930891788288
1224301271479476224
1224375813488857090
1224133824461844480
1224442296625582086
1224202290476781570
1224179410346995712
1224375518700720134
1224439932552302598
1224143538344034307
1224130529898958848
1224161834787209216
1224329223017381888
1224164631326986242
1224468054920368128
1224145119441571840
1224367417100570629
1224177819485376520
1224287875941924866
1224379569404293123
1224419763692232706
1224388889831526400
1224290749933445126
1224244453801590785
1224226517552640000
1224440455292575745
1224336879585316869
1224355153316339712
1224305981913354241
1224366923607134209
1224306446109536257
1224377586505175041
1224404396148170752
1224442685424955393
1224462785330978816
1224428777050165248
1224178033310879744
1224408405361807361
1224261718290780163
1224224485378854913
1224222772597051393
1224391852754751489
1224128353504047106
1224408763953639424
1224147519241904129
1224405615792902146
1224336783909048320
1224148667583672321
1224131584560959488
1224237165586059264
1224368753686786048
1224446299379879941
1224463404951195649
1224356581535637509
1224276003759054849
1224305953425645570
1224368631754027008
1224338521202266113
1224318516075139073
1224376241383444483
1224450139634319364
1224391269759143936
1224366731382153216
1224346079199543298
1224445152757837825
1224133093092708354
1224317753621790725
1224424407805894656
1224448255460659205
1224271519842435072
1224303226180096011
1224243768775208960
1224176867382423552
1224197752483041280
1224148880339558401
1224176173724459008
1224176839897186304
1224202816677269505
1224389378656440321
1224392996482842631
1224346798954893313
1224336144776609793
1224177081422163973
1224225900729815040
1224306063215751170
1224328843433070592
1224241539104354305
1224401784468168704
1224348576035278851
1224302085153288192
1224225096983896068
1224256759792951297
1224417993159073794
1224451566054195200
1224405562164752384
1224134111154978816
1224464641281200128
1224464718946979840
1224181720569827329
1224239206739791872
1224145610598764544
1224387287615713280
1224149662279462913
1224338245594570754
1224303252088532992
1224347585953128448
1224338968495493120
1224148769052086272
1224184702103220224
1224272851445805058
1224134465569591298
1224378315529736193
1224390584745570306
1224216692621860864
1224242215523901441
1224451789728043008
1224328761040154625
1224357979354472448
1224271629930455040
1224301707556818944
1224146628245958656
1224197599650930691
1224367916688166917
1224404318012481536
1224442689371832325
1224429030092439553
1224200168863608832
1224443926737649672
1224326343590076416
1224146260732469253
1224178552326762497
1224289912180150272
1224420713366294528
1224301241393528833
1224336571287011328
1224315822841090048
1224302571692621825
1224327217355919362
1224148521504452609
1224471278054248448
1224240600779649024
1224401568650473478
1224204834959552513
1224406709470482433
1224197969374638080
1224347216241885184
1224128570794151939
1224422948691423235
1224226080602509314
1224149751639097344
1224166233903378434
1224202071202848768
1224163721922195456
1224440496564494342
1224468705654005760
1224132138360090625
1224337164835704832
1224367377204289537
1224256267784462337
1224419383784534016
1224133991109808129
1224447453799124996
1224306309392228352
1224148476549709824
1224422009276379137
1224276220923215872
1224255654723895296
1224262437089603585
1224245478826618881
1224255870969638913
1224440961704423424
1224451118500941831
1224427770425630721
1224387460077105152
1224316005498814464
1224205972723445760
1224205042669850625
1224314648134144000
1224303641361821696
1224439571070406665
1224467989346603008
1224292414875037696
1224405496796286977
1224162524003590144
1224159406490865664
1224356959849238528
1224159375373135873
1224462213987143681
1224337976181907456
1224272231955685377
1224365676502159360
1224438874153218048
1224146548939902977
1224440752123441152
1224445461190213637
1224365277619597312
1224393126506377223
1224481842537082880
1224469133443719169
1224303551297486848
1224387872570138627
1224366091880882176
1224336616627605506
1224388587162079233
1224161562065281024
1224408411162284033
1224182223173062656
1224292461310119936
1224290217357717504
1224272671174729728
1224347906687340546
1224443180814258178
1224129896412217345
1224406094774030337
1224419001201299456
1224148791131025410
1224177404614078466
1224421738731036672
1224449325796737025
1224272168542003200
1224387584438071297
1224314639120510977
1224131087464632325
1224403617723179015
1224162319791509506
1224465938277392389
1224132253791539201
1224182875144249344
1224258661226295296
1224471576222916608
1224242161874391040
1224144709762850816
1224306521388961793
1224466357611376641
1224241528115056640
1224390605138288643
1224256111022346240
1224315202059018241
1224255555092516864
1224146798249463813
1224149256887513088
1224367953212145664
1224422379071442945
1224129239206834177
1224261511796940800
1224291875647082496
1224388602781671429
1224221348156755969
1224355797351784448
1224446282032242691
1224164011744169987
1224181280847339525
1224405146370760704
1224301092436996097
1224179492580663299
1224347705121673217
1224329213760757762
1224315133255540737
1224144010366746625
1224378357296484352
1224183807219322880
1224336885704744963
1224143416902197249
1224217413551452160
1224329218835828736
1224464793949671424
1224368410240438273
1224181655121932289
1224271611903324160
1224145229927866368
1224390611685363712
1224316762478407681
1224178149962981377
1224272297164324864
1224404896738205696
1224179691873034240
1224482636304875525
1224178633805201408
1224130634664144896
1224376158675972108
1224185414602448901
1224130437183750144
1224402677838139393
1224428025904676864
1224376555901681664
1224336718163136513
1224327391004254209
1224203881598423041
1224239197881434112
1224198550042472450
1224273989964587008
1224423759509172224
1224255203349757953
1224375641652416513
1224328797853450240
1224376392965595136
1224402076261699589
1224260858693541892
1224166366111944704
1224183561533739012
1224404153444814848
1224132742365044736
1224420037647380481
1224146798459150336
1224336342798295040
1224245941160464384
1224401822305177600
1224379520322605057
1224327280962330626
1224423036146868232
1224357994852282369
1224467812069998593
1224345918629085186
1224446652502556684
1224462885805527040
1224366221522558976
1224238989764440064
1224327242290851840
1224226405908504577
1224449556730929152
1224255068372905984
1224346548370210818
1224271290673926146
1224377802708979712
1224406990472056835
1224241622411554818
1224442448660709378
1224348766641311747
1224256680399011840
1224143663154024450
1224277413170831361
1224160427891810304
1224316826106105856
1224134495936372738
1224306293038632960
1224223936596017153
1224260133280071680
1224290463227809792
1224403543131480064
1224445291820007427
1224292492381569024
1224462411505328128
1224466950375530498
1224302050068127744
1224376263542018048
1224200959779315712
1224390620141088768
1224287808828977152
1224177613960294400
1224304162848022529
1224222446850494464
1224261399624339456
1224292456792903680
1224346819725025281
1224379633719627781
1224440958671974400
1224465260553392130
1224240807756083200
1224159747915632640
1224365984800223232
1224274409520689152
1224348833867542528
1224132330123603979
1224185481312657410
1224418065401683970
1224422420771229697
1224184799239245824
1224291151206895617
1224206162721001473
1224145623328247809
1224368726931173377
1224241109968334849
1224291876120883200
1224130223161081856
1224134698512703488
1224376383058665472
1224464775285035012
1224315130940469248
1224196224720355328
1224147770002542593
1224158401426599938
1224367882974515200
1224184535568519170
1224260394556018689
1224441049721888776
1224377069410275335
1224273720082096128
1224196548977815552
1224271443321593867
1224462419121954817
1224464490470825991
1224377985706295297
1224178462329454593
1224401376048025600
1224226292242972672
1224388863025610757
1224274490508500993
1224303816469897218
1224148876292186115
1224148865961660417
1224262077692305408
1224376555855663107
1224329466773745666
1224427074687053827
1224408216395812864
1224239180219174912
1224468978044526592
1224404946105372672
1224447910667927555
1224177910837174273
1224291223806136321
1224318508743503872
1224338161742028800
1224161492909674496
1224389185433407489
1224418038604337152
1224131994973614083
1224451507430445062
1224448574936600582
1224185241415442433
1224389046702612482
1224428254335053825
1224217401983717376
1224287920183361536
1224130194342141954
1224242615656185856
1224379238557659137
1224424132730859522
1224444437830332419
1224147096137277442
1224292088084221954
1224366848143085568
1224328805709381633
1224463947656519686
1224375446688751616
1224375867708780547
1224238153910845440
1224243751868080128
1224259416784064512
1224438877412155392
1224276506660106245
1224444359103270915
1224391871721623553
1224445356735266819
1224347323632889857
1224465269885677569
1224222527804731392
1224147613613584384
1224424727118303237
1224347030228807680
1224223405488013312
1224318620584431616
1224304258364796930
1224443639184576517
1224255385923739648
1224256459149496320
1224199460512727040
1224181680103133186
1224221017893220353
1224183297103802368
1224408813589204995
1224390934449860608
1224303217271377920
1224356764906401794
1224261961522696192
1224272861604397057
1224158834161262594
1224291502387605505
1224166265868013569
1224347401751797761
1224418121852698624
1224445898559672330
1224389197508808704
1224376781400158210
1224326843328630784
1224388803550298112
1224291012471689216
1224195363592077313
1224469687209164800
1224204455010193408
1224387329651068928
1224275427817951232
1224205686365659137
1224196201202905088
1224387391168962561
1224201143829458944
1224365068541931524
1224198119707095040
1224255392865124353
1224129298614964225
1224128498173763584
1224357753071775745
1224423405853659136
1224216562904600578
1224290581674725377
1224261656164884480
1224388346618605568
1224290252841504774
1224393122311892992
1224446478896123905
1224315138733461505
1224462903232864256
1224306602192228352
1224144626560438272
1224345849217441792
1224185180501336065
1224242807877066752
1224223376090288128
1224204627144368128
1224291465234460673
1224329448985485313
1224131172013350913
1224132121146490881
1224314360811573249
1224316209954353152
1224222999366127616
1224219982172524549
1224258729505411072
1224205277484003335
1224147029603033093
1224160089839292422
1224199886570053632
1224327436474576902
1224241390600716288
1224426642505748481
1224257891605139457
1224422011654402048
1224462552588963840
1224303271755599873
1224314463219789826
1224356412039581698
1224148725599174656
1224337769310253060
1224379159318867969
1224422251870720001
1224226324383961089
1224203626517630976
1224327760656637952
1224449016739401729
1224391256169680897
1224145572493348864
1224423391614005248
1224132301325512704
1224378159761690624
1224161452350754816
1224391984070172680
1224135162805604352
1224165152976752640
1224366773656608769
1224405072655929344
1224272835331461120
1224328327114018819
1224403214520528896
1224286613213188098
1224162425517363206
1224134385630400512
1224468620543234050
1224348455142920192
1224164938790379521
1224405488076349440
1224143829533634561
1224255028069683200
1224257696238428162
1224159453139750912
1224184987387228160
1224287232359653378
1224388440948645889
1224451156711075840
1224348018758967296
1224387534156894209
1224444188663566337
1224336083573334017
1224226035052503041
1224205119211753472
1224347192816754690
1224466813519568898
1224463683549638656
1224446757792149504
1224133264647999489
1224162256742563840
1224418848348221442
1224220659900919813
1224291295042002945
1224379361605763072
1224243081169367041
1224200971720515584
1224158345193574401
1224176255311859712
1224407567608221698
1224462767408574464
1224402103805915143
1224277220744683521
1224289215233634304
1224205875369279490
1224204291692552192
1224275035097116672
1224196561510420482
1224447857748369409
1224422744319758341
1224274298845782016
1224443339736408067
1224134377413795840
1224301986264289281
1224287668151828480
1224238888711086080
1224327000334028800
1224417586894389248
1224366271153741824
1224198189130993664
1224378783882469377
1224378192326082560
1224451283731369988
1224357665196789760
1224449227293511683
1224407470832898052
1224407318017794048
1224306474765234183
1224288053738594304
1224328586510905346
1224149882954375168
1224314471771852800
1224317855803547649
1224390101964181504
1224403597414359042
1224390466906525706
1224407541867614208
1224423986932715522
1224206180437807106
1224159691497848833
1224378704274477068
1224444179872239617
1224402915219181569
1224425578012561408
1224440280297824258
1224240804568477696
1224427314101964800
1224148502139113472
1224408289691258882
1224159682710900736
1224338133409521664
1224390024252350465
1224146487631843329
1224291622814470144
1224368166849085441
1224472325812342784
1224355031647866880
1224365426974625793
1224164727447621634
1224288004224667649
1224427605861920769
1224216381937332226
1224441824997072898
1224316565606236163
1224378397494784002
1224444200743129090
1224217598532845568
1224328013531185153
1224447091491033088
1224256184187871232
1224424706444550145
1224326939072258048
1224257029092413440
1224378123237691392
1224379248116477952
1224428124651343874
1224163940898205696
1224242987485450240
1224225112381173760
1224255596066525184
1224219501543051266
1224347656329269248
1224467996199927808
1224205893102817282
1224327933105491971
1224338677557579777
1224316210181001217
1224316833609678848
1224204482176663552
1224366075074293768
1224444807575031815
1224131759215906817
1224466921988509696
1224338762458521601
1224237020488196097
1224348092771770369
1224162359465234434
1224367794801782786
1224292789174898688
1224426061464788992
1224133954611163137
1224275751350013952
1224223552867422208
1224216618135433216
1224357641591197699
1224257438162882561
1224447407200428032
1224347885078110208
1224355089567174661
1224391375615070208
1224420507585372161
1224427040457121793
1224244763609591808
1224288865944395776
1224392205172977664
1224356247849205760
1224345880335134720
1224291743417425920
1224407049116602370
1224147811161145344
1224129366805942272
1224197442276474880
1224165044096815105
1224387984927154177
1224200194746671104
1224176150311841794
1224444655342800903
1224367111096754183
1224357372165885952
1224198393309880320
1224407254604054528
1224272611481473026
1224302846142709761
1224274035518787585
1224327137055907841
1224255505775894528
1224464611195412482
1224241812472201218
1224315174259253248
1224128569435017216
1224304359216799744
1224446703299809282
1224133910256345091
1224206345701855232
1224288544513916929
1224336925567471618
1224202140312375296
1224376405800235008
1224181097774247937
1224368183823478791
1224337042831634432
1224286338448535552
1224426388528168968
1224407048558956553
1224378603787341826
1224260864372379648
1224195111548006400
1224145891596042240
1224134575972147200
1224422483840962560
1224418997384253440
1224315451481694216
1224423972781076480
1224451340216127488
1224403601801523201
1224291437141012481
1224287440220774400
1224277326034239493
1224272119883689984
1224406957127278593
1224226079898030083
1224366647798124546
1224196040594788353
1224393079387492352
1224185033570709505
1224218995714187266
1224403312633495552
1224441791002267651
1224469997730312192
1224180549872259072
1224466901717397504
1224445376683360261
1224220898548314113
1224302090392166400
1224355474776059904
1224466949788327939
1224292341357383680
1224179585207734272
1224406042475483136
1224427470708973568
1224403262520070146
1224355656221757441
1224218686275248128
1224134106939887618
1224176442528976897
1224149220480864256
1224244205045927937
1224288071295717377
1224292232385052673
1224134470242045952
1224147367366029312
1224274435772862465
1224275857738543104
1224327251929337856
1224274777973673984
1224132205397659650
1224183201935110144
1224305533836046338
1224337844283424773
1224164783622172678
1224162295925878785
1224223718592929796
1224338308764966912
1224392874491551744
1224438952368541698
1224238921950932992
1224305946039484417
1224403475380961280
1224197311439327232
1224357040182693895
1224291740586323970
1224348432858480640
1224216599751688204
1224148261767794689
1224327089278652421
1224326143299375106
1224302105696952326
1224408857671294978
1224201246073970689
1224238607998697472
1224276726642962432
1224421612629323776
1224178980884033536
1224451119956414464
1224238920268804096
1224149524056178688
1224218076134236161
1224287266023100423
1224438893430263811
1224422223341084674
1224129156750774273
1224405570507001856
1224463193809932288
1224428725648969734
1224472135885885440
1224378578894295040
1224201952474492929
1224471779885965312
1224355799847145473
1224238246986543104
1224224135292821504
1224482031221870592
1224424350515957765
1224367917497823233
1224424388973469696
1224392683784785920
1224347129713512448
1224305099394015232
1224261860012089346
1224149610848849925
1224402973616410627
1224401751031341056
1224470571112595457
1224378992469299203
1224261370931306499
1224239369730416641
1224218642268606466
1224143573714493440
1224287432075567104
1224427365201215488
1224390756149972993
1224287629623070721
1224202812307005441
1224242727992225792
1224421672914014208
1224387404326457344
1224301327653711873
1224449280477253634
1224339343067828225
1224218084245815296
1224257092212678657
1224425794736414722
1224426055588634625
1224300998975508480
1224327643715129344
1224346971395084291
1224337543283597312
1224316953269096454
1224223825048399872
1224223163405365249
1224315608109547522
1224440781018001408
1224201062074273793
1224422119163006979
1224149790780542978
1224255922580508672
1224451237627645952
1224131924337147904
1224276574368935947
1224241066460708864
1224387893453561857
1224327766763376642
1224183365378535424
1224222572457234432
1224242347451412480
1224378242909392896
1224133980007600130
1224444106299994113
1224365576270811136
1224465411657338885
1224286702899875840
1224199641635467264
1224164682707034113
1224418851196194818
1224288062148153346
1224199291092242433
1224376297163542528
1224448808244801536
1224258356602212352
1224388175726022658
