1232043884525391872
1232043413513658369
1231928099190853633
1232042778751897601
1232024653448826882
1231908299953463298
1231909163963469824
1231987557317140480
1232002311083511808
1232025456708407297
1231838428485939200
1231917008687513600
1231986944302895105
1232000997574074368
1231822791457964032
1231853608767016960
1232051811915313153
1231936660528484352
1231867686034059264
1231986676907548674
1231934690610667521
1232024870671781890
1231987082547093507
1232064400082731009
1231875059964350466
1231819676633583617
1231879752430080000
1231852040063602688
1232051011235139584
1232050060105568261
1231855342176346113
1231791972790104064
1231801840624234498
1231958050375778305
1232042773672538113
1232058900045844481
1231792279775522817
1231979262154072069
1231980645515030528
1231794193611145216
1231942974554230786
1231875226310307840
1231965956404109313
1231840253994053634
1231863861080416256
1231966330049437698
1232017998044631040
1231824599504973824
1232072054809120769
1231951686631116803
1231798113892831232
1231800375214129153
1232026068749627393
1231934538105937920
1232065118000861185
1232001227929636865
1231821879498797060
1231958508867923969
1232058958313132032
1232009248634294272
1231916598992293889
1232024242180501511
1231797382221688832
1232009763690434561
1231867519243313154
1231798264078299136
1231950757487947776
1232033500687196160
1231951943389601792
1231825960506286080
1232064018774462466
1231910027084075009
1232000727805026304
1231876161799671809
1231818863689359365
1231801809850617856
1231878747466452992
1232016375515951105
1232042622853812231
1232026417493348353
1231801499140923398
1231890577417003009
1231944525310054401
1231951631345999872
1231868007980392448
1232024606766247937
1231957589010845696
1231793619130093568
1231950042061295616
1232071556593016832
1231889197230747654
1231850419409870855
1231814395677663232
1232051203825192962
1231850692966481921
1231918108299972609
1231978963083251715
1231801463615246336
1231986090334048256
1231852279352815616
1231866810707959812
1231823572466835459
1231877139315605504
1232078824361406466
1231964775975919616
1232033531100049409
1231876843411632129
1232015905443532803
1231916847819153408
1232072045808291844
1231992990828310529
1231950835954987008
1231927543143555073
1231854278375038976
1231966817708580869
1232050910907338753
1232051872757927938
1232002222705106944
1231794898296172544
1231802417022480385
1231815290398396418
1231793503677509632
1231819863431081985
1232032338936311808
1232018081125412864
1231993849926438920
1232024113042087936
1231879556132290560
1232017726996123653
1231993709152985088
1231936516991201282
1231855020309508098
1231794012303937537
1232065614644207616
1232025337372061696
1231987320808759297
1232058161080807426
1232058584701247488
1232001624824074241
1231987587486769154
1231823620885733377
1231934721556385792
1232057923594903552
1231987473611395072
1231994322159050752
1231887546717741057
1232050136781590528
1231934046248169473
1231818637545295872
1231972881938161667
1232007837766672385
1231917832146866187
1232043119287382020
1231959116727209985
1232043670699986950
1232026045823451137
1231927992785522688
1232043756683251712
1231951734764949504
1231801519747428353
1231987252189900800
1231839755756658691
1231863370803863553
1231816961522204672
1231851631236378625
1231943358022422528
1231854847105748992
1231851622487089152
1231863379788066817
1231794090326417408
1232032775265370113
1231966644181716992
1231926678512951298
1231852738893344768
1231979339413098496
1231853937671622658
1231819552356331520
1231950034914205697
1232016524866674690
1231907640059596800
1231944531035262976
1232057779675787264
1232002664566792192
1231838113346945026
1231934099381555201
1232016555438944256
1231853991677612034
1231866501486899201
1231887361702875136
1232041345939886083
1231927215429996545
1232016561470353408
1232034313803194368
1231987690729545729
1232033400543825920
1231852345819942914
1232010332484313091
1232024433864429568
1231979155308204032
1231927267804119041
1232043017185349634
1231841525170147329
1231980647910191104
1231980082509553665
1231877050316640256
1231801241958637568
1231994502614855680
1231909780354224129
1232058347911663616
1231799609946558469
1231950630010445827
1232043891408482306
1231898890082881536
1232064776173305857
1231928280833548289
1231822745106886657
1231979236396818433
1232057269724098570
1231851596604030976
1232065137659367424
1231925537574129664
1231985861530726406
1231950215369887744
1231965685791838208
1232018106073128960
1231823083285053440
1231958137529389057
1232057765058633729
1231907872767987713
1231877809154514950
1231935002461515777
1231987106802622465
1231898034503503875
1231838655804633088
1232041351602032640
1231918372914421763
1231987831066619904
1231799955351834625
1231801789994893312
1231950143001432069
1231926099954847744
1231795456486838272
1231916850109390848
1232026071937290242
1231987403474141184
1231825874002927616
1231917170440929281
1231909521376862208
1231840961472237568
1231825639755460610
1232034994845077506
1232033876467421185
1231979604337774592
1231942959622447105
1231918250646069248
1232033426225524736
1231793751120474115
1232034852570050565
1231897935497121793
1231959523323260929
1231898187708928005
1231927325467521025
1231943461990957056
1231973288835813376
1232033400212656129
1232002479367376896
1231839750706880514
1231900530978541574
1232032679907987462
1231791604567924736
1231918569904050176
1231818552224571393
1231944367864238085
1231854802344148992
1232065024476270592
1231980049076752384
1231994230903537674
1231819115788025856
1231821615924727809
1232071803910152197
1231993043273699329
1232071345200128002
1231866779686731776
1232057422732308480
1232025018072260609
1231825823058939904
1231877052149706752
1232009973640683522
1232034123998515203
1231866054235709440
1231897511868026881
1231854491869360128
1232070685398200321
1231973292346691585
1232041659455692801
1232010241878917121
1232070776309850112
1231825375673671682
1231851947709345792
1231958284266921984
1231795797143932931
1231793406524833793
1231888122654314496
1231797726037176320
1232065213450551301
1231899230538731521
1232026008993304577
1231797058690060290
1231887012371795969
1231850707344453632
1231821858682462209
1231863992529772544
1231986512151097345
1232034163575799808
1232008174724689920
1231818940051050499
1231943176602161153
1232051739001589760
1231799473933668354
1232071661937098752
1232072173004652545
1231986310216175616
1231986665901694978
1231936586889269249
1231878716650815489
1231821425779998721
1232071059681107968
1231853218046582785
1231797110611165184
1232050821363310593
1231899566397485057
1231985767611817984
1231889097339342848
1232051251464024065
1231887614657146880
1232017267606446080
1231985645276532736
1231867729260503040
1232009824755470336
1232078297137340417
1232050373755637760
1231867829235933185
1231957951616897025
1231821588657369088
1232058563603902465
1231958045304987648
1232070796736159744
1231934136337784834
1232050729658896384
1231867576336232449
1231864417937018880
1231980651932508166
1231925969570672640
1231840895957291009
1231910367464280064
1231966933643386881
1231925786636169216
1231842242643533824
1232024114111504385
1232034451733073927
1231867208512438272
1232078655339278342
1231853965442052096
1231986750379085825
1231899902084554759
1231966030970277896
1232041982928683008
1232001057418403841
1232071984760213506
1231800395107684352
1231986692661399553
1231803681940492294
1232010160073314307
1231943240301019136
1231965319389990913
1231798492596768768
1231878037701971969
1231994663592054786
1231793961989214208
1231986121921486849
1232050705667477505
1231814844657086464
1232072415364206598
1232017787566030849
1232064441694507011
1232058835940073473
1232072405851357184
1231792785004449792
1231995032288104448
1231794318051950592
1232049700276260865
1231801743207469061
1232024158839693315
1231855424657395719
1231867533935837185
1231887512135774209
1231958311127388168
1231972231950979073
1231827588898623488
1231863526328684545
1232049470650617856
1231951348750524418
1232057603565350913
1231918703824031745
1231852032857792512
1232035156736737287
1231952085756907521
1231980232938270720
1231793786180775937
1231964981484064768
1231993623442526208
1232017415942397953
1232017093287124996
1231827151101583360
1231866148448284673
1231951937085591552
1232017772357484547
1231979131656523778
1231917947570081794
1231820335818756096
1231993714672795653
1231950839113244672
1231973686514737153
1231799682973626368
1231826902970597378
1232002406562586626
1231824091172212737
1232000472288026624
1231971971035885568
1232009172515872769
1232065671271460866
1231966233664401409
1231802150025478144
1231796779785629700
1232065863949438977
1231934895540191234
1231841018737090561
1232042747273543681
1231918426760724480
1231925470591098880
1232008284929961986
1231841640991444992
1232001256614440960
1231926694111535105
1231851742762946560
1231910010017288192
1232008565201739778
1232024810378727424
1231877429095886848
1231879511890964480
1232078619570245632
1231864899808063488
1231909050805190656
1231972855849447424
1231910211830546434
1231935534697721857
1231803271557320704
1231935279440769025
1231797203590504450
1232016020203823107
1231918044072509441
1231917530001936384
1231917012894527489
1232050270990929921
1231936192263798784
1232070886938669056
1231959498631340033
1231900040031014912
1231803507398889478
1231822118548996096
1231814292782993409
1232025219713421314
1231867787154423808
1231876538477400065
1231799102641516544
1231907240036175872
1231815174849515520
1231898935440105472
1232026117030268934
1232032299723698177
1231950262568411137
1231944390601576449
1232000970088964101
1232032698899845127
1231900770985029639
1231853077428228096
1231825565780283392
1231985830459133958
1231973898683420672
1231823213967085569
1232001731283890178
1231898033408770049
1232007952636223496
1231958669136236544
1231987073936216065
1231839262238076928
1231868089437954048
1231824452020666368
1232049840902852612
1231950737598558211
1232057665162862593
1231986163252109312
1231900008443568128
1232007847531155457
1231886757500682246
1231950914342334466
1232009118891810821
1231877700639285248
1231934677184679941
1232043796784959491
1231801698122756099
1231950902107480064
1231795195081109507
1232018269915303936
1231818119288541185
1231879362192007168
1232016561956741129
1231794043811614720
1232043264305434624
1231936603494309888
1231793981136048128
1231934504371134464
1232026100596912130
1231918204420788225
1232051362613145603
1231817825045495808
1231918957969494016
1232001978387062785
1232072682436485122
1231935650573799425
1231910158638424069
1232057281971445761
1232000788404342786
1232016208297447424
1231917014362574850
1231908839475167237
1232049749617975298
1231926565694529538
1232058487594799105
1231926174512750598
1232043137893314563
1232057235557298176
1232001713260965889
1232049440317419526
1231850852576526336
1232071153700757504
1231993843857477639
1232051015639236608
1231854658752319488
1231980473414488066
1232051753920626697
1232057756728864769
1231957588872433670
1232043221162786820
1231876867776548864
1232024272039636992
1231850669948096518
1231877496942911493
1231818428564021248
1231824929638645762
1232025477134548993
1232034860891590661
1231918416371515395
1231879690182418432
1232018331567304705
1232064037036470272
1232043677389852672
1231935030378876928
1231820116582531072
1232041352126484480
1231910305300652032
1231986041277624327
1231799159088275456
1232064607671455746
1231826209413058560
1231942864499769346
1232064709618069504
1231865236082216960
1231798612125999105
1231867161813057536
1231973476816146432
1231820862786899968
1231851835306258432
1231965388948283397
1231889697221287936
1231887861030408193
1232025539122102272
1231950329794777088
1232042157797707778
1231824133647785984
1232025281835290630
1231840502682660864
1231917234097971200
1232026530597023744
1232065147289686022
1231973098255245312
1231917394529902592
1231867324333993984
1231840845663367168
1231942965272117248
1231799415083618304
1231889854939578370
1231957721798365189
1231986555050430464
1231957876802875393
1231908103081213954
1231979428349194246
1232023977805144064
1231866713639022592
1232072618255273985
1231908636806414337
1231823379977519105
1231887949043601411
1231993881907982336
1231816277737394177
1231888317295321089
1231878188973854724
1231841160013938688
1231908590216196098
1232041278050885634
1232025651458330627
1231944618775732229
1231819704915853312
1232041683463917571
1232017268252520449
1231864602025029632
1231965469478768641
1231900202744807425
1232032424391041024
1231879186622496768
1231825394682269697
1232000707626250240
1231958079765282817
1231875537406251008
1231993683895078912
1231864812549943296
1231841427774038016
1231972235390464001
1231801499136806912
1231957421540675584
1231973182120353792
1232058783054082049
1231900734200745984
1232032430791561222
1231822316192927744
1232001336276852737
1232064807815114752
1232002653099560960
1231875550693728257
1231862928510476288
1232001507333005312
1232010025394200577
1231966728541749248
1232058562874048513
1231957602952564736
1231825321634062336
1231993940628262915
1231979749901307904
1231889481604751360
1232026436334059521
1231909362693787649
1231943016371359745
1231800366959775751
1231995091176259584
1231943590756147203
1231993247700062210
1231926369241661440
1232001127018909698
1231866972675203072
1231841803357298688
1231840878379053056
1232065233033793537
1231898606971637763
1232065261437669378
1231952054484029441
1231900593360379904
1231795305844105216
1231889286699606023
1231800160818167810
1231799292177911810
1231959650192515072
1232063918190682113
1231935284071272454
1231899801957978112
1231934676283076610
1231837789089648640
1231853206453530625
1231794523224698880
1232064244704776192
1231979403237888001
1231817262010470400
1232008185445277703
1231909235837063168
1232072212787712000
1232071659210842114
1231820371860475904
1231876330511306753
1232050495310696463
1231839125403103238
1231825790930759680
1231795453018030081
1231793734485868544
1231943485571375104
1231925663189340160
1231793669365043201
1232065863110549507
1232018100914204673
1231950859958923264
1232000673996312578
1231927769287790592
1231853060433043456
1231958773306142721
1231876771387183105
1232058489788198912
1231818227329720322
1232008453037662211
1231821790625746944
1231917499547078656
1231818017459195904
1232009174793342976
1231877138497884169
1231908707203764224
1231875517323698176
1231934088459759616
1232071443850186758
1231851918563012609
1231864686615728129
1231825100162379776
1232035263880335360
1231928192207917056
1231994822552150017
1231910216406618114
1231936450230444039
1231863558138286080
1231841787775463426
1231863758114316288
1231803759564427264
1231965378420658176
1231792651806003201
1231802685700988928
1231827544816652288
1231825715126927360
1231889477011824645
1232009805021220864
1231887204160376832
1231823016822218752
1231864221773725696
1232071997003304965
1231973269403774976
1231875231817424897
1231878217730076672
1232016822809042945
1231965738824601607
1232025040662777857
1232033483104669697
1231853043802681345
1232034061188829184
1232064618811387904
1232043692875243520
1231935481413169153
1232050501224747009
1232008706331561984
1232008561384927234
1231978962080927745
1231916846170984450
1231796986904481792
1231840738087800833
1232035161254039555
1231876103263969280
1231814227087675394
1231816964189745152
1232050220504092672
1231839999794073600
1232033737883471872
1231898311214260225
1231943823737204738
1231822461244760065
1232071532186349570
1232051288269086721
1231841085552500736
1232059210097217541
1231908748169367552
1231827339270508545
1231994280903880705
1231821861639450624
1231909717791911937
1232016470302957568
1231944228759990273
1231822756506980352
1232008708693143553
1231792651885666304
1231995139196772352
1231853337584136192
1231818876113104896
1232001642356256769
1231950899628646400
1232034574047367169
1232025061021765632
1231791739234549760
1232008067161698305
1232002524237815808
1231944360243101697
1232051777878446080
1232010129358413825
1232065207578460160
1231794411211804673
1231889891551633408
1231957490109231105
1231868011935600641
1231863811524612097
1231916618546077696
1231867058188582912
1231841681365860358
1231944542233989123
1231994203732881408
1232009489659891712
1231793245132337155
1231927969762938880
1231840968346783744
1231800430893654017
1231966125832859649
1231994709620514816
1231993925549928451
1231841035501867008
1231822962350796801
1231942985597833216
1232002328175267845
1232032989040672769
1231814730580283392
1232064661173891072
1231814022585933825
1231876037199351809
1231995152815853569
1231798943924703232
1231793715011710977
1231853302347960320
1231973274533474307
1231966355110453248
1231943159787245569
1232042130576637952
1231979827642732544
1232016737895436290
1231919309456166912
1231951508427534337
1231964786763718657
1231853595701567488
1232009628520570882
1231919523869138944
1231958913379176449
1231918769997516800
1232043930755239937
1232017979728068608
1231917228297195521
1232008996946468865
1231865005382852610
1231852912818696192
1231966332071051264
1231817676076417024
1231792236930662400
1231798748629495808
1231907688545689600
1231927248678277120
1231795116236529664
1231972813197713408
1231794143925456899
1231815827638218752
1231855473122476034
1231853906675654656
1231866690830467072
1231850465417035777
1232050618711322625
1231876895794290688
1231840980942413824
1232001591856680960
1231918366228545538
1231918305981718528
1231815178179809281
1232033413772849152
1232049711714095111
1231936509789528067
1231951958031900672
1231840668877606912
1232017586541514753
1231897996486250496
1231936220512440320
1232016671436689409
1231942202252779521
