1226723948521353216
1226666022343774210
1226772475280650241
1226794256573980672
1226713616616808448
1226876129291554818
1226779824380727296
1226798451020591104
1226891472710066179
1226950424109944832
1226828667709296640
1226724628757983232
1226825076688867331
1226683464558108672
1226925548246650882
1226992588194009090
1226722244791017473
1226672280559902722
1226746072933924867
1226675696749010945
1227017934662438912
1226789013798998016
1226717352487772160
1226835734117699584
1226871985839525888
1226805592523587585
1226963043613057030
1226710931335331840
1226777076985810947
1226760595300466688
1226880811607048193
1226899043655143424
1226856103700418561
1226779235471314945
1226991162642358274
1226716387646812160
1226930835330359301
1226666623995645952
1226674489783508993
1226931612262289410
1226679662220279810
1226897446028005379
1226994215835623424
1226777879985475584
1227016732860198918
1226736968626733056
1226993741120069634
1226878364541050880
1226803903620145152
1226854746734153729
1226890685313409027
1226723689300975616
1226943016277024769
1226668081344172032
1226703353675177984
1226853491232124930
1226971835750920194
1226927570622537729
1226707835893014529
1226880601682272257
1226962943859986433
1226773541716144128
1226897542153211905
1226780284303151104
1226785844176064512
1226833723439497216
1226680111250001922
1226704820607864832
1227019268006580225
1226719652136570880
1226834395220213761
1226726810072702976
1226808367542226944
1226709755592241152
1226951657369501697
1226705146186358784
1227010852408217600
1226798402077327362
1226909725968736256
1226967118819864576
1226897445508046849
1226855088255160320
1226707544955072513
1226997535459274752
1226701569938350086
1226724149059452928
1226992945577984000
1226995571816308737
1226913913402544131
1226858619175522304
1226718248294649856
1226674328193961984
1226891445392592896
1226969990508797953
1226760956803518465
1226876202582867968
1226880157757120516
1226736446221905920
1226822590049718272
1226807572176494592
1226794717028864000
1226805517651234816
1226662408892096512
1226830133329383425
1226674465850974208
1226764681265569793
1226726842767466496
1226667582503079936
1226746300693086208
1226717364479127553
1226741191951056897
1226714735980228608
1226992832453328896
1226821478571634688
1226876184031645696
1226861237285244928
1226665469719040000
1226674840024862721
1226874467621752832
1226700981846626304
1226713441618059264
1226822275485204480
1226724762006757376
1226737618458726400
1226680388661194752
1226974887547482115
1226714400700190725
1226852652782366723
1226737818162081792
1226840487576920065
1226989755721711616
1226681523551657984
1227008923921678336
1226783325928534016
1226879779091054595
1226891729661501447
1226838041794248706
1226763488938405888
1226762424423985153
1226710616003342336
1226716594463748098
1226880384148942849
1226663001425616902
1226859258521714688
1226802939232047111
1226720349003272193
1226874966559293442
1226717614488973312
1226911950241595395
1226876600236544010
1226897842293428224
1226681183263756288
1226929497217224710
1226995685851107334
1226949747480711168
1226926965241909249
1226834711974158336
1226716726705848328
1226792892410335232
1226723160155774977
1226675904589500418
1226739250546135041
1226739461305712640
1226895710001319937
1226680023148568576
1226684512366669824
1226687139229786113
1226943323803246594
1226890970085515267
1226822625059573760
1226972967529320454
1226730094506364928
1226742707017723905
1226914764791668736
1226675050742304768
1226839315566780416
1226706215176155136
1226767073382031360
1226667028284682245
1226774663629393920
1226836257541697536
1226966471709949952
1226823375131041793
1226803068211097601
1226723779725803520
1226877405362622465
1226770005213106176
1226791772631830530
1227014550341464065
1226675791749992448
1226736082110291968
1226973917274935305
1227010534840520704
1226808087366946817
1226733537098780672
1226788941925408768
1226677349367898113
1226858947207933953
1226861942364524545
1226737963574452226
1226892468282589184
1226839407145213952
1226879798363983879
1227008366419042309
1226908834788257794
1226909385986920448
1226744935308824576
1226964994241290240
1226944208554070018
1226798501729906688
1226836918920335361
1226915862457667584
1226823277215133696
1226944770435665920
1226727684912418816
1226773489962622976
1226732484781576192
1226682309937467393
1226965337322774534
1226679143804305416
1226950868819423233
1226732108565008384
1226768878975451136
1226673856787701762
1226857700010725377
1226702984765112320
1226683796256198658
1226890495957159936
1226975407007768576
1226827288043544576
1226671494903758849
1226781730687766528
1226915019775934464
1227013014995357697
1226720022212628482
1226853050691805184
1227013786822942721
1226996096083193856
1226784745083809792
1226800173931802624
1226722939459866624
1226682756932833281
1226673612503027713
1226712171372924928
1226897805614075905
1226719569726799872
1226665032550944770
1226704553661194240
1227013447843344384
1226891071784923138
1227010947056717825
1226766849876135936
1226970988803477504
1227019200104992771
1226673722700025857
1226665834522656769
1226836407345270784
1226820867935670272
1226944765977071617
1226878692309307395
1226911888224718848
1226969227522953217
1226676538810126338
1226736958262497280
1227008927960690688
1227014299241140226
1226726541134090240
1226682104391450624
1226716079491182600
1226969879737184257
1226828263030431745
1226788124581228545
1226875442121998337
1226913494789959681
1226861977567465472
1226714210186362883
1226686439737315329
1227015462057201665
1227008628839706624
1226726057866215425
1226735328435851266
1226945802020556802
1226915526997348352
1226898181772005379
1226857207876083712
1226968400049704963
1226666726021984257
1226949209045323777
1226830675061493766
1226837575849185281
1226943322679336966
1226773503946289152
1226991122599305217
1226834344112611329
1226944177298190336
1226872006441918464
1226890836643704834
1226931877493100544
1226891619368128512
1226800862410035200
1226663976114651137
1226990465825685504
1226662730188251136
1226789526514946048
1226716930242834432
1226792187125518337
1226708132891516930
1226861120364929025
1226670248843186177
1226975067973804032
1226914771984732160
1226897645647605760
1226929033834893314
1226764531172552705
1227007104747266048
1226761599769305088
1226908903952306178
1226859438394552320
1226772081817391110
1226742610980524039
1226989987788398594
1226806381023461379
1226995454191316994
1226968709278969863
1226666436296368128
1226735832553476097
1226976562844766208
1226976325451354117
1226931693862432780
1227012292195172352
1226914286108336129
1226873967979507712
1226988007175204865
1226733436959850497
1226664091604766720
1226894966733115392
1226795631391494144
1226910387636965377
1226743332287594498
1226912521346584577
1226671733630849025
1226856859304448000
1226721860731199488
1226672153795407872
1226798227699032065
1226945086690340865
1226932324073377793
1226910648874893316
1226836926755463169
1226729889115467776
1226668371397226497
1226718282255917057
1226766036990431232
1226678775443681281
1226991925670137858
1226860531144806401
1226821718074769414
1226724260892168192
1226683645987106816
1226764563447595012
1226679710823874561
1226661979592458240
1226766794418819072
1226664790069739520
1226950640858955777
1226967155108909057
1226674503360577537
1226872959169712130
1226872536756998146
1226762120382959616
1226826933519949824
1226947205677776896
1226831274767196163
1226805156852969472
1226895402798059522
1226761444093579267
1226875445901058048
1226880262753148933
1226950079807938567
1226830570417803264
1226829556394258432
1226824804868771840
1226774389930283008
1226835579448352768
1226781616313454592
1226775618391609344
1226914749981560839
1226821719454814210
1226669071413862402
1226854642363117569
1226732643921715201
1226878051331473408
1226894548770660353
1226829835537977344
1226831256723345408
1226745546955558912
1226711137783291904
1226714002975264769
1226773994927509504
1226915362689736704
1226771044381233154
1226726539120693250
1226872969022013440
1226949523496460288
1226993808849674243
1226769247977844736
1226932069852381184
1226872352404836352
1226874013076639749
1226914368765468672
1226680360680902656
1226911221913395202
1226665540594393088
1227013430613356548
1226785303081443328
1226768834633158658
1226834123982962689
1226805782236155905
1226709751469355008
1226669242596065281
1226930236719271937
1226666106758324225
1227015908134137857
1226731346195886081
1226930971607552002
1227013385688141824
1226792655008473090
1226925518743838721
1226873701104095239
1226951158989672449
1226831414403854336
1226909956781334528
1226973365090562049
1226668938223915008
1226777989511122946
1226946616768200714
1226872028285853697
1226826910094766080
1226899520975331328
1226965343551344641
1226895044763799553
1226963967781822466
1226773724004634624
1226943232879349762
1226969314948939777
1226987762521260032
1226822677333237760
1226776763054690306
1226823202971770881
1226946453341425666
1227011230029643777
1226826726501580801
1226862476630929409
1226664158084714496
1226716554621943809
1226775298362028032
1227011672189087745
1226932885032062976
1226768491643953153
1226996873577275393
1226890498507407361
1226779233252302854
1226897183259209729
1226702283200577536
1226787706522390528
1227010110414712832
1226793328479330311
1226682943306948608
1226996868531421184
1226807330655887360
1226785944499556357
1226946863447838721
1226832362572435462
1226974670907375616
1226806710058221569
1226926662509527043
1226874503386607616
1226914941946363907
1226949216246910985
1226932211233873920
1226963454256435200
1226732342481281027
1227017751576883201
1226834189242204161
1226740134340481024
1226943757993619457
1226989184315011078
1226729007724552192
1226703242580590594
1226731480862294016
1226931678960062464
1226730330125672448
1226728888874614784
1226682222960357376
1226707974808272901
1226761470563749889
1226794331710746625
1226873544241369089
1226735094787903489
1226800693874438146
1226929892031369216
1226834717087059968
1226951176308043788
1226770929037934592
1226896079905386497
1226712182911643648
1226873182310633474
1226777812226445315
1226681441771233280
1226997267850235906
1226831875462832128
1226950990173216770
1226777983328964609
1227018735032008704
1226682469216399361
1226995745615572992
1226968382894944258
1226779123005001728
1226673125443723267
1226783569676079104
1226764954767777793
1226716288724226048
1226970545847242753
1226880603246747648
1226667875001257985
1226877072154361859
1226989746716659713
1226973810768990210
1227017128064229376
1226728734843179013
1226793839282671619
1226671425634885639
1227018176195694592
1226715834564960256
1226723177310670848
1226962609301327872
1226836357361750021
1226930300007124994
1226681993133359106
1226721989274013698
1226892991308140547
1226966291027808257
1226767767279472640
1226679190784659456
1226719569760276482
1226795169707626497
1226873443502608384
1226781286104227840
1226876662429601793
1226787791981379584
1226701693271691264
1226676015566655489
1226857701143003137
1226702350003380225
1227018281279795200
1226946399440457729
1226662672076173312
1226765792685035520
1226682447657611264
1226914207834112010
1226780244062932992
1226909890720890881
1226682715656871936
1227009601859735552
1226892692291895299
1226742217219411968
1226680509226418177
1226916053231513600
1226877137124298752
1226838624294957056
1226722016620793857
1226678167462649857
1226875099342458880
1226830892909387778
1226911881639555072
1226765928865484801
1226913495528198144
1226794779893043200
1226711353336840197
1226671689695547392
1226741233290219520
1226825690672025600
1226964159750975491
1226800102238490624
1226764079454273537
1226734371253604352
1226785359629094914
1226893009079263232
1226950919998193664
1226804192339275777
1226947530400899072
1226718982733996032
1226910390929502208
1226975532195209217
1226875602600366082
1226685474544029698
1226879730625978374
1226725742391644163
1226878021044445185
1226723011912486912
1226826085876273152
1226945722752413696
1226700544204427264
1226825818040623105
1226946660577816576
1226861817697198081
1226762976436326400
1226928202729259009
1226947937340620807
1226667050119991296
1226859390939983874
1226681660583759873
1227015564100546561
1226763027648741377
1226743928499658752
1226858642793730053
1226834494428192768
1226788922077769734
1226715133520384001
1226703081833992194
1226962828785078273
1226875392763428868
1226872145608765443
1226994207451230214
1226859980407689216
1226943294820823045
1226730660125003777
1226790710986194944
1226861635140235265
1226779018336358400
1226951355689992197
1226780507591073797
1226712067798917121
1226778886165258241
1226880136521420806
1226993716855963650
1226820922587385856
1226931356178972672
1226664402885083136
1227011622360768512
1226717386218311680
1226853321568374785
1226972147723177987
1226777705271758848
1226872342162427907
1226827561600090112
1226898510227943425
1226988379281281025
1226947360913227778
1226707330273689602
1226779470801129472
1226829439876714496
1227016155056857088
1226932442289885184
1226798674967134209
1226832107181264896
1226703690293137409
1227018157359058947
1226891589277999104
1226928166830321664
1226895565453242368
1226766158986125313
1226797334299848704
1226838888850677762
1226705844399529985
1226915417731432462
1226964427263574016
1226700755693817856
1226713336424722432
1226802656204607488
1226734825194893312
1226861719265456129
1226764130369122304
1226764116011827200
1226713535801020417
1226704945119784961
1227018674403500032
1226949307925819393
1226989904732794881
1226724741513281536
1226897827072180224
1227013358500450304
1226969506406379522
1226701698548281349
1226799704509501440
1226665618482585601
1226947211206045697
1226664167706284032
1226779507333517312
1226704022892974081
1226740819241119744
1226726626106519552
1226909389724016641
1226835275889901568
1226714773217132545
1226912968849469440
1226913740009955337
1226879748258721792
1227018330940170240
1226780672758558720
1226878441066123264
1226824217347284992
1226872651412434945
1226990554082414592
1226915822570016772
1226734003920809984
1226963594983727106
1226965486497357824
1226801477789810689
1226856510975889408
1226896048720879616
1226821029298917377
1226930219522519040
1226876030310326279
1226830644946169856
1226742721047605251
1226836053987905539
1226928561816297481
1226663908456271873
1227013086143373313
1226834332381274113
1226682365348585472
1226839083390910465
1226779435786895362
1226832910860177409
1226858533724930048
1227016242000728064
1226856881542647810
1226828636587806720
1227016991220928513
1226931161458335744
1226704850576035840
1226684694114205697
1226803760514531329
1226967670576369667
1226776227370930176
1227016033086492673
1226930799053885443
1226792074281914368
1226724697125085189
1226761002353668096
1226717534025441285
1226834343936524288
1226945783494316034
1226782320998461440
1226852036026613761
1226992748168908808
1226823367719866368
1226855881888931842
1226970442868707329
1226913516998864897
1226780130074218496
1226669913336500224
1226668902563885056
1226913261435654145
1226971222493335553
1226894260353372160
1226670010208342017
1226715430628315137
1226946808011771908
1226761835745021952
1226788838942490625
1226744833370275841
1226877274462404608
1226737068383948800
1226828337294827520
1226835799007793152
1226964108349714432
1226946045126598656
1226761749547732993
1226929219537657856
1226859421088829440
1226771185951576065
1226731702422298624
1227012077857865728
1226783785179435008
1226802597626908672
1226947188674052096
1226875883945783296
1226964735800811520
1226778658909622273
1226671379887644672
1226686536252444673
1226782632492621824
1226929504003616768
1226777161387868161
1226871730171453441
1226995534981947392
1226947072626130946
1226875213436063750
1226794028273950720
1226898190600814593
1226710397324906496
1226782780820017152
1226796316170153984
1226827301553229825
1226909347487342593
1226702319368261640
1226932845471506434
1226765976139698176
1226897009434480640
1226686711817744384
1226767431084888064
1226727332343214080
1226926174846226432
1226823974706974720
1226873798982602753
1226856468164550656
1226674809678860290
1226683304499404800
1226897606984507393
1226927091268100101
1226801412673351680
1226711993828048901
1227010354661617664
1226788378105937920
1227015747177603072
1226926410255740928
1227011068355940352
1226670514044694529
1226995994287628289
1226990159872372739
1226855403641868288
1226789199447195649
1226881076942917632
1226974123626303488
1226788780830535680
1226684538404757504
1226719769706946561
1227012864885477377
1226739300244418565
1226675056685789184
1227018294466678785
1226712247675871232
1226719853442150400
1226838656306077696
1226665146153459712
1226745852699521025
1226876841711095808
1226699443967102978
1226667801324261378
1226804086495825925
1226674996518539266
1226665260209319938
1226894478138597377
1226908641329958912
1226805277409726464
1226852776459800576
1226705285198340097
1226991692521320448
1226684642285301761
1226734453935853576
1226912901421830144
1226838357730193410
1226892781731360769
1226766608787361792
1226944715326492673
1226965684678205440
1226966499761545220
1226994116933881866
1226680357325504512
1226725182619947009
1226853521229852673
1226840306269794310
1226705016800460800
1226784212780568595
1226721488918716416
1226828983108399104
1226786199433465856
1227015332218515456
1227019211915968513
1226767144089739264
1226664274644221952
1226951453333491713
1226855062732988416
1227012039794544640
1226945008353198080
1226964085943754757
1226837039787589634
1226947181342580736
1226788202100469760
1226857602593828865
1226686013084512261
1226781928142954502
1226793156265611264
1226963647647404036
1226789533934424064
1226738925848297472
1226948212889534464
1226786305662689281
1226967375670583297
1226806344583282690
1226680263578505217
1226893972611772417
1226877116815421450
1226667610193842176
1226962202915221512
1226931319223001093
1226802998904360960
1226684567203012609
1226784129661964288
1226702474607841280
1226716997007835136
1226856091230900226
1226723778631098368
1226802081346064384
1226898951216828416
1226950609514979329
1226892370664357888
1226837099480899585
1226857276843208704
1226947228507541506
1226801521851084800
1226912767468281856
1226910383706755073
1226706124780404741
1226858145676439552
1226686388545949698
1226925106796126208
1226893018843602945
1226800584390406145
1226821058835238913
1226743035750440966
1226852035984683008
1226718697013813248
1226833937743347712
1226872265222086661
1226840494191316992
1226782573499682817
1226762882085314565
1226925772448751617
1226768513886326784
1227010135941238784
1226946389030166528
1226681829794574337
1226780907551514625
1226778075335053313
1226949035149361155
1226945120009740288
1226778929819799552
1226996179453566979
1226736056239656961
1226946714474631168
1227017311309225984
1226967755016069120
1227009049813798914
1226808025706450945
1226722679245459456
1226854525627228160
1226851797857337344
1226909000718942214
1226685386497249286
1226736547279433731
1226992268437000193
1226740691201597440
1226707731572150275
1226703200637595648
1226744838218903552
1226735297905356802
1226683643302744064
1226890966193393664
1226683117567643648
1226995865933557761
1226927066416730112
1226800198157991941
1226825662943518720
1227013133111308290
1226736002833821696
1226704931618312192
1226802211427999745
1226700991392776193
1226988391595757570
1226967797747593217
1226837792795299841
1226796868207812609
1226724605194330115
1226805500601389056
1226784926449704965
1226765849295572993
1226995575238938630
1226684224012345345
1226713923547729926
1226896495682568192
1226714774928547841
1226840749917884417
1226741184044777472
1226669386708275201
1226671472552185857
1226854623476158464
1226932834646069248
1226803230610526209
1226831088468795394
1226670435942772738
1226764262682456064
1226891455475486721
1226853933487882240
1226708782241087496
1226951558107205635
1226784383698448384
1226943457811476480
1227015322265407488
1226861779613102085
1226777176403398662
1227009724329201670
1226715223362592768
1226893072027529219
1226912637444902917
1226871641180794881
1226825578101252096
1226946830862209024
1226890281745776640
1226713814000795651
1227017467396075527
1226713394121760769
1226830391740375041
1226879349690978304
1226991520433074176
1227017287233921030
1226791549159247872
1226821496619683841
1226898917947736066
1226839517409054722
1226835959003484162
1226944244708827137
1226894674205577216
1226874049944485889
1226717670814502913
1227012723298492419
1226943795247210496
1226854376532271104
1226967623176523787
1226785722805317632
1226714325097832454
1226932382147567617
1226910537570803712
1226879954509537280
1226776948325568512
1226718024377352192
1226943967092264961
1226779534529323008
1226993732882518017
1226824078281125889
1226946085308059651
1226872940500676609
1226807348175523840
1226947797787738113
1226778119060639744
1226829798145691653
1226706709613367296
1226967960222302208
1226832842660831232
1226951386094538758
1226669011104129025
1226877132544106496
1226826962485706756
1226741451297562624
1226741899685453824
1226990428962140161
1226674464466718720
1226898431526023168
1226774263387942912
1226945247369777152
1226858575495983104
1226967060116316160
1226674834584801280
1227010873404743680
1226827939519631360
1226967187753140224
1226893725130989568
1226854142427066368
1226950112770961410
1226861947934646272
1226683959494479874
1226993238793388032
1227016383776481280
1226899298106802178
1226987854397616130
