1223910436275441665
1224072571290824704
1223932557789736961
1224036423474589696
1224002798733258752
1223930748480245766
1223870788333264896
1223772582895411200
1223890048749166592
1223995508831576065
1224115684336177152
1223920684897796099
1224086937687949313
1224048397495062530
1223845232489508866
1223949545828241409
1224049122350637056
1224009752365191169
1224009954186518528
1224038631016292352
1223949434234470400
1224002578163343362
1223979918658162688
1224102299473207296
1224119031336062977
1224117809011183616
1223773837977882624
1223950661445767173
1223879824474693633
1223949196266336256
1223959147227553793
1223879226153144320
1224061737542045696
1223860480512610304
1224073909265453056
1223800690603986946
1223958048299016196
1223931170372513792
1223791486656864256
1224115703067947008
1224104342258704386
1223861431977771009
1223941472774320128
1223802850335252480
1223973308376416256
1223801224736043010
1223957973468250112
1224050487894462464
1224009772355215361
1224102183966269440
1223940133700812800
1223811455306358790
1224018309210890241
1223987274116808706
1223817835383681024
1224114748955881473
1223995443681644545
1223837792926494720
1224100741784199169
1223910551677325312
1223860965986459648
1223759288402948096
1224018885894197249
1223942471819972608
1224117659794493440
1223940174419197952
1223959203775012865
1223792703114104838
1224037316731310083
1223863109175009280
1223843935346397186
1223801739054182402
1224039254935986176
1223869612623900672
1224112847078264842
1223988675069075457
1223817839133356035
1224116288735383553
1223872127700480005
1224036685375320068
1223762240433577984
1223881372940611587
1223838399942946816
1223852047155388416
1224077189643145218
1223881752617398272
1224038857219411971
1224020215056551936
1223831040306896897
1223811070785024000
1223909164696702976
1223788167272312832
1223801959171444738
1223930560801697794
1224061202285912070
1223845711852134400
1224028268220710913
1223881333044281344
1223800276861079552
1223932039574913031
1223771746358218753
1223837160077451266
1224002152542228480
1223967571021422592
1223981002202042373
1223803417648230402
1224002714876751875
1224027056612302853
1223788400123301889
1223776131784019968
1223830552534450176
1224002092165160961
1223931199803944961
1223816402747850755
1223987011981402112
1223901871028330501
1223772294595481602
1224036195275067392
1224035980782469120
1223872235586424833
1224077389782835200
1223901322925289473
1224072900824780800
1223862322235506689
1223909232833110018
1223881560551841795
1223880170916007936
1223981459402346498
1224076171509366784
1224062238560079872
1223789764576534535
1224036211184087041
1224072837113225223
1223779105444786176
1223810079784341505
1224072629205848064
1223909590334607360
1224036156041519104
1223958056758730753
1223949375065313280
1224101499220955138
1223987218257272833
1223880528237092865
1224072956294369280
1223967600302006274
1224018044185391109
1223801182080192512
1223776391323213828
1223909828789075969
1223829370604679168
1223787805312110592
1224037256643719168
1223861223575306243
1223899784404185088
1223758777335201792
1224098948723486723
1223776605467824128
1223853542122774528
1223987369394622465
1224114238291173377
1224074256025374724
1223792849206030336
1223853211825602560
1224038279013707777
1223892022702092289
1223882165232066566
1224103263072550912
1223987147385868288
1223882186002223104
1224049373623078913
1224046889626107904
1223845756018315265
1223829795047239681
1223870294412185600
1224051166327267329
1223995493216206849
1224119692559732736
1223762785756229632
1223823294966558722
1224002870476931072
1223966223966310400
1223951760101986305
1224089637649559552
1223890646471233536
1223871799248613376
1223901705323986945
1224035570688675840
1224010734410973184
1224074038949138433
1223837835989401601
1224103865630384128
1223822635559194625
1223801007244595201
1223771312264486913
1224002114365640704
1223776563566731265
1224071853611929600
1223988879511785472
1223829190866128897
1223845078910881792
1223910708821118977
1224071614326853633
1224101130159951883
1223817760272191488
1224090143121866753
1223790251325509632
1223790191393067008
1224119638432219136
1224117236450975744
1223802719552655360
1224049289229266944
1223851648843382786
1223853600868200448
1223775405536051201
1223911783783493634
1223891936936787970
1223995159982952448
1223776748128686080
1224088866543620097
1224039406903922688
1224039251827986432
1224102787304370178
1224003220340559877
1223959428996763648
1223823300645638145
1223940894803533824
1224061901149294593
1223775173779705856
1224047252328546306
1223980798312841216
1223988798901628930
1224086449181597698
1223921756261404673
1223845437402075136
1223901039734272001
1223788936553803778
1223889735724068865
1224086884940382209
1223777688470593536
1223829423322886144
1223829204640374784
1224116874046328836
1223852578506788865
1223845020806963201
1224099016088133633
1223844335059234817
1224074223393570817
1223762814344536064
1223973804541665280
1223974458773258241
1224115967296331777
1223870892104736768
1223800356863238144
1223909688858693633
1223802486416384002
1224010592408588289
1223980972691070977
1223973969809723392
1224072818419171329
1223772571809660930
1224086453233176576
1224027902766829568
1224026827930259456
1223830171070787587
1223931415890399234
1224048205115142153
1223760579711717376
1223852516732850176
1223773622088749056
1224103961315033088
1223880222639964162
1223919468138594304
1223958984643641344
1224011329536700417
1223980748081942528
1224101320614871040
1224010922383069190
1223973866290106368
1223823768872738818
1223966223618232320
1224074151742275585
1224063768050708480
1224117382198620160
1223966381164548097
1224100295376097280
1223942145863757824
1224074815314644992
1224119019478884352
1223789222219280384
1223922533553987584
1223996168155222017
1224059229390233604
1224085583506657280
1224120060295438338
1224088299524034561
1224102987989012480
1223802617375019009
1223817145710067714
1223758908377960449
1223959282393071617
1223958497009623040
1224119215306821632
1223972662512443392
1224002430855024640
1223872193672564737
1223776352815456256
1224026772175556609
1224060330894077952
1223787431708807170
1224020138678202368
1223845887404691456
1223860402389307392
1224009918857920513
1223931940144807937
1223852332472946690
1223900366757957632
1224051413027868672
1223789128535416834
1223837428106059777
1223995742379003904
1223836616822853632
1223830908551225344
1224002916211679237
1224049979297153024
1224076095072456704
1223830984082251777
1223972943585144832
1223792787994349568
1223912650964254721
1223810124235468802
1224087866734796803
1223988185111285760
1223771349841317888
1224076102034952194
1223776412831752192
1223921496663318529
1223788380653342720
1223910785480642560
1223932853995687936
1223838289037340673
1224019685928161280
1224019185002602496
1223838262810292224
1223950586833514496
1223941889985925121
1224063649242918915
1223776074863005697
1223851995045359616
1224061667362795520
1224100016492445699
1224074808742248449
1223810865461223424
1223879988618940419
1223891377315909632
1223941969182887937
1223802315691282432
1223823820877959170
1223844023720280064
1223761720688050177
1223776823646945280
1223831007687655424
1223791063577571328
1223949957020946432
1224039623317286912
1224020144990502912
1224104062251077632
1223837982194655232
1224049113768972288
1224114001107464193
1224027785653575680
1223800687881965568
1224017749183098880
1223836700033634304
1223837974678237184
1224063692813348865
1224060018581999617
1223843991923261440
1223965883594366976
1224036806095556609
1223778122493054976
1223822625815719936
1223973520608256000
1223974477165289472
1223791911946686464
1223881977041952768
1224101798442668033
1223774370566410240
1223800271811170304
1223817591673638912
1223800405080989696
1223810491128197120
1224088070678622208
1223844424452435970
1223932116817178624
1224011465780232192
1224017802249613314
1223919563684876288
1223932767034998785
1223951434426638336
1223759227400966144
1223949063399313408
1223801593306472449
1223862333656780800
1224051560273104901
1223899688597950464
1223980682495422464
1223940085554434049
1223823293028790273
1223939888657108992
1223790662505484289
1223958907539689472
1223995275775107073
1223995703996739584
1223774810137751552
1223836672049188864
1224117490315218944
1223950054190387200
1224028968484929536
1223816680893296640
1223958012173225984
1224035798619652096
1223931718995832832
1223774023693275136
1224101552543227907
1223776454388797440
1224026728462520332
1223854083246903298
1224099956262428674
1223966115321303040
1223760112180920320
1224002679657115648
1223930323240734720
1223891485180887040
1224100167722336259
1223771352840097793
1223809806533713921
1223817075820355587
1224089216105185281
1223862059009441796
1224119411956764678
1224076833253138433
1223829740748001281
1223774915418939392
1223902013328482304
1224073925145104385
1223779362014552064
1223776173202776065
1223942500991295488
1224059994602999809
1223921532499611649
1223792143023501313
1223829364304949250
1223891840505532417
1223966207163891712
1224028934850957314
1224010069232300032
1223899873692540928
1223981471490117632
1224003346584997888
1223775461987115008
1223788739928838147
1223942717450776576
1223817242485243904
1223909799143673856
1223899748148494338
1224087537943220224
1223771753681321984
1223892150636699648
1224046893715599361
1223967204766412801
1223777505108283395
1223881375213768704
1223762606059671552
1223853104623431680
1224062011052609536
1223775690748723201
1223759569819701250
1223949110136332288
1224020135356157952
1224114208792621063
1223957555816357888
1224074065633148928
1224118633460269058
1223994888154505216
1224100062931890181
1223773723372576769
1224048908449566725
1224048546300792832
1223837123423264768
1224049860674052096
1223800486072999936
1223981058800128002
1223948994147012609
1223844740824735745
1223965991597682689
1224049184304783362
1224002753455742976
1223843868061253632
1223891548363821057
1224116266849443840
1223817140077256706
1224011080302641152
1223950015044829186
1224026417815605248
1223793134045298689
1223931879906136065
1224114133932617728
1224011597451952128
1223830992596561921
1223879248798109697
1223816463447924741
1223771500781555713
1223788315930963968
1224019439177359360
1223836304338608129
1224089578849607682
1223988398131642371
1223778693857722368
1223988759948976128
1223809518124929024
1224100179088855040
1223881028235710467
1223995579140755456
1224028056760786944
1223822697215471616
1223824365235527680
1224037454325276672
1223801526621110272
1224059675051577345
1224060388423217152
1223931559507525632
1224116466645118978
1223823149696942080
1224115030909546497
1223836732875005953
1223889529427222529
1224101308011073536
1223966412005240835
1223791665292267520
1224027003785043968
1223980071842734080
1223972821627559937
1224090862633857025
1223920229924900864
1223950402628083712
1223774940144578561
1223760928002408449
1223844902552981506
1223979707282014208
1224090965343920130
1224037335060361216
1223900042555035648
1223802341654007808
1223816380362833921
1224019315030208513
1223966708748226561
1224117464822427648
1223900065342902272
1223950026507984896
1223871633808613381
1223891171996569601
1223772901662318592
1223810978048966657
1223809665135308800
1223870841261383685
1223862373758488576
1223851710126292992
1223791964098707456
1223803226794819584
1224001784785428480
1224085613793640448
1223789919480320001
1223760056010694657
1223881217650692102
1223942698542886912
1223836433976385536
1223979907547463681
1223836731100655616
1223942498998833152
1224101770265354243
1223890418670043136
1223777517477224448
1223860984676143104
1223881037408690176
1223890063446032386
1223879390540398592
1223817789099479041
1223830141748568075
1224035990769143808
1223910981560078336
1224002025924571136
1223942286188466187
1223981583255797760
1223981120775049216
1224098645483630595
1223861583874416641
1224115203815739393
1223901982668115969
1224026951238766593
1224090119432355840
1223776798921699334
1223771665844191234
1224089265992323073
1223988960608673794
1224073353906020352
1224061922276003842
1223853403807182849
1223880652795400192
1223822839058296832
1223958421226917888
1223761387425497090
1224061578150064128
1224038692744060933
1223800826017091584
1223771061847609344
1224115620192473089
1223980742616604675
1224035965301190656
1223776343692804096
1224114429329059842
1224087362940145664
1223902029946458112
1223933227699539968
1224114625727340545
1223824091230167040
1223829819483443201
1223967314644754433
1224072203886563336
1224017848852369408
1223817466318487554
1224114002239733760
1223762767183781889
1224018819057946626
1224075727500345344
1223829252421734401
1223899254302728192
1223981030710874112
1224003066304835589
1223861132886020096
1224090958838431744
1223810235384631298
1224101998078976000
1223838401876480000
1223879543301136385
1223853417900191745
1223929780715708417
1223921270338871301
1223988552326766593
1224085604301852673
1223967604663967744
1223958367879589889
1223772555057623042
1224019518143500289
1223779333405171712
1223921885173420032
1224063368153223175
1223981403798290433
1223861782009171969
1223950397984759810
1223777290972270592
1223981421150105600
1224087416539090946
1224050907249291265
1224101016318234626
1224026394650382336
1224076972252442624
1223949269452771329
1223880079681499136
1223950779435765760
1223816977677877248
1223776059214069761
1223758909741006851
1224090143763714049
1223988658388078592
1223900313146388480
1223965989768978433
1224060469729734657
1224099199098216449
1224086677091647490
1224087405730418691
1223909609049657344
1224101872392441859
1223932678648582145
1223802056563097600
1223974101523415040
1223966938402963456
1224072134634430465
1224114492360912896
1223959705359224833
1223939991950151681
1224017787254910977
1223823863357640704
1224038977390268416
1223948998043668480
1224059826524712961
1223772571084185600
1223853799762100225
1223817472001765376
1223810724712968196
1223871654050185216
1223872104199680000
1224003479699480577
1224087573355737088
1223823174225268737
1223761264804892672
1223851695483916289
1224119809035722753
1223836777720381440
1224060912157392897
1224116472311623681
1223793075668967429
1223851655797428225
1223901025506979840
1223777173330202626
1223787576114536448
1223889202644946944
1224050873745203200
1223817915947896832
1223776017103441922
1224076746896617474
1223995043708645378
1223901741604728832
1224060747656753152
1224050680039723009
1223879413034438656
1223920685254242305
1223862828437630977
1223949258300129280
1224114444499935232
1224027928771457024
1223958176178958336
1224028598065074176
1224018614522728450
1224001848144609280
1224059134091415558
1223871121780404224
1223822631889227776
1224114438640295937
1223791306360619008
1224090043112923137
1223809581312176128
1223853285519446018
1223881656877993984
1224119451181862914
1223758141587972096
1223889702362550272
1223802335408934912
1224019107785428993
1223822859178393605
1224116537654538240
1223817125459980290
1223836394105126913
1224018261643317249
1224116892987584512
1223852103505866754
1223810870976729090
1223995185731919872
1224102675450679296
1223862393127591936
1224099307202150400
1223810356683907072
1223940065233178625
1223816535908597760
1223890275468099592
1223789079294144514
1223852127518445568
1223980386536943617
1223940539050905601
1223880625943281664
1224099044923990022
1224101029953908742
1223899077785423877
1223829713149280257
1223909238554202114
1223995772338933766
1223951056364888064
1223862526766546944
1224104603211501568
1224027877622063106
1223941484346474497
1223771369948794880
1223987173357162497
1223775931438915585
1223800493392134144
1224062701720285184
1223802366006181889
1223967248639021059
1223758343103229954
1223791013791260672
1223921628939194375
1223869281034817536
1224073885177524224
1223965684943769600
1223980467579387911
1223973524181782529
1224088170209390593
1223758651179118595
1223951756754767872
1223900220406132737
1224100139138265088
1223871062158475264
1223911655139991554
1223771857783910400
1223891438024310784
1223920242985926658
1224087441742524416
1223888990874398720
1223773874019422208
1224098719118888960
1224076893936406528
1223981397271957504
1223949532922306560
1223862403248508930
1223817029456498688
1223758695617744896
1223967487034896386
1223922729050460165
1223870741298335745
1223994568854474752
1223801734910312449
1223899447572066304
1224017879277821952
1223899585959153665
1224075906727260160
1223775102677999617
1224090289129840640
1223836922633650176
1223830199894233090
1223772693817896962
1223830663041650688
1223790263304245248
1223837437681684480
1223933232514813952
1223958633274380288
1223909385631461376
1223958369309990912
1223762434596524032
1223909526602223618
1223776828390825984
1223802655509831683
1223791786688016384
1223881861551673344
1223861836048556034
1224072852309250053
1223972982021689344
1223931796225527810
1223922033643442178
1224113078909882370
1223909248121225216
1224049933172559873
1223920421264736256
1223919709617315840
1223959159558803456
1223980601641881605
1223932042150199296
1224115031668752384
1223879624284725248
1223758280930947074
1223790807276277760
1223929954934521857
1223844495059345409
1224098929559535617
1223901467829927941
1224018797520179201
1224086090727866369
1223861986963800064
1223889135930421254
1223922871543771136
1224102085802614785
1224088486535282689
1223810821236482048
1223863129538347009
1224003450951753729
1223792132743258113
1224018482628567043
1224100130573422598
1223788297450741764
1223775384614899712
1224063563318415360
1224076828119355394
1224086899926519809
1224010487119007744
1223929755755413504
1223861905770479616
1223845162507358208
1224028530599583744
1224011312973393922
1224063257800929281
1223933049387323392
1224051334296547328
1223959493693698054
1223880689894010882
1223801369259319297
1224074194805194753
1223973667064827905
1224009384403050496
1223959117997334529
1223810712075689991
1223932218063507456
1224049172141215746
1223920715008630784
1224087459257958400
1224059703120080897
1223951177882226688
1223801774601011200
1224002726167830529
1223789245086629890
1223776609607606273
1224028017267077120
1224039506430455809
1223800433250095105
1223882160039325698
1223899274838183937
1223994721812369409
1224029214904438784
1223891239973486592
1223879235850448896
1223919735970070528
1224060601200148485
1224087103849390082
1223758802991964164
1223890120165806081
1223800937749237760
1224075286112874500
1224002086087602182
1224101041760821248
1224087014833782785
1224051167795335169
1223965671559589889
1224062551060819968
1223809941720330240
1223861189437878273
1223760655490129922
1223920627104600073
1224100784931033089
1224074711782580235
1224072328826454017
1223790472855990272
1223980480128667649
1223922477430165507
1223811127135670273
1224118876637523968
1224027342768504832
1223910496601923585
1223836955776929792
1223940408943628288
1224116707402375170
1223801436779057153
1223817250655952896
1223933268153851904
1223889534858883073
1224003520392761347
1224077042582466563
1223801626688802816
1223994777055703041
1223817149317177344
1223881335275692032
1223788579769372672
1224099424906948610
1223775147523440642
1223929986161180674
1224089042742063104
1223830889940967424
1223890641148694529
1223843967369789440
1224051035506868225
1223800323329925120
1223959665597243393
1223862133907050498
1224119914757226497
1223899268706029570
1223940282103648256
1223959544495251456
1223912054269997057
1223890644348727297
1224089910828838914
1223771868546486272
1223995910256054273
1224103385533689856
1223871535514939392
1224028491093508103
1223761404366184449
1224009705888141314
1224060390008594438
1223852177413722113
1223930177844989953
1223870947834372096
1223891065977044992
1224009951338590209
1224119191579611138
1223988892598263810
1223845053535223809
1223987941418004483
1223844430274289666
1223789980402757633
1223861157963784192
1223949581244723200
1223899533161181190
1223995633180332035
1224038986089410561
1223851780003381248
1223891376653234176
1223861101562978305
1223844236556152832
1223758686449012746
1223899234262560769
1223931336962007040
1223760380045881344
1223951228687679489
1224087029949927424
1223851817244622849
1223837290763628544
1223787395834773505
1224100154103431168
1223910952006873089
1223973184095105024
1223845480297353216
1224101898766012416
1223941431338795008
1224071945110638593
1223987067757191169
1224051575141945351
1224026586699182080
1224038450669740033
1224090882695147522
1223900505149263872
1223911430883139586
1223889545755840512
1224037273932529670
1224019891902144513
1223772766438141952
1223941191777103875
1223909538274906112
1223939989563637760
1223774261191442433
1223879554114056192
1223817121269940224
1223773760240533507
1224009289653727234
1223901603448549377
1223838402048446464
1224075132769054722
1223889738647535616
1223869603505328129
1223816442006642688
1223872371175518209
1224103420048658432
1223941606614552576
1223773317506588672
1223957797533962240
1223789349109731330
1223930888960073728
1224085662988754945
1224087477218172928
1224035856832520193
1223811224472670211
1223824085408350209
1224018229074358272
1223778968756768768
