1227405679796924416
1227595704995995648
1227494135965184001
1227412107584393217
1227637854395863041
1227696187404431360
1227466454435586053
1227442641278840835
1227493990619992065
1227735131886161923
1227413650983604224
1227598240087973888
1227510006829834240
1227525328156925960
1227665463427190785
1227473753761894400
1227615498843672577
1227709224639254529
1227646227539529729
1227539183918448642
1227692330481618944
1227707722784743425
1227442926042697729
1227496970429726720
1227730053791961090
1227516592516423680
1227711077087154176
1227454794723450880
1227420841585057792
1227635652742832128
1227472537665314819
1227611123987492864
1227673691762368513
1227509823153065984
1227665711163682816
1227508604011339776
1227739854621904896
1227667566606405638
1227708643325435905
1227400277495402502
1227567006364262402
1227671471289487360
1227599788885061634
1227644894400802816
1227465611594338306
1227519878426320896
1227560806113595393
1227416542142324738
1227491731135848448
1227450167529496576
1227382107225325568
1227468859038470144
1227557759341727745
1227554829863673858
1227456824426868736
1227563835629981698
1227620049772568576
1227516188336455682
1227738842322624519
1227463489498775552
1227668538179162113
1227541890532364288
1227644973085970433
1227468396029239299
1227667547883003907
1227690570417606656
1227635739460063232
1227743168256454657
1227697528801497089
1227733534082846720
1227688192985436160
1227563329239076865
1227704758183612417
1227465980873449472
1227419608577191942
1227621112659501056
1227711235866624001
1227737122548985856
1227738139390664704
1227571432626049026
1227664504806227969
1227406069900726272
1227466533531680768
1227673193139331074
1227526066329141249
1227693549615009793
1227637354258563072
1227703255007887360
1227472599254544385
1227619308605526018
1227624116687196160
1227536384195346432
1227467180184395776
1227398552915042306
1227467440973582336
1227530488308432896
1227555977190395904
1227689938566643715
1227687360843964416
1227731828360073224
1227644527030210560
1227571485570674688
1227457083420946435
1227406283122323456
1227401916101079040
1227530279276945408
1227644946674573313
1227669771400830976
1227439451225415680
1227473425746268165
1227698400717627393
1227733289227649025
1227396661707669506
1227691055232892934
1227464596962914306
1227685893479292932
1227500943282827264
1227620995864895488
1227512514784612352
1227663733108797440
1227563516216987649
1227584373265960960
1227474076874268674
1227670048837427200
1227425159860178945
1227621129071628288
1227512719844052994
1227693342135398400
1227383058078347264
1227500609730797570
1227597710376595456
1227473995152445445
1227399745502494720
1227421623613042688
1227466703304564736
1227739713710112768
1227667644800696322
1227572275987140608
1227705916432187393
1227399634877919232
1227492296142155777
1227414577392050181
1227693117639286785
1227561856350343168
1227492485703712768
1227670142382944256
1227698908647706625
1227665019577544704
1227583405686050822
1227664046721245184
1227735341035073536
1227382792759238660
1227491089734610945
1227450452364709889
1227688540479291395
1227621151104368641
1227402980154056704
1227537523393486848
1227397914567168000
1227700884907446274
1227592413671239682
1227506291888623616
1227708466686562304
1227624668581875712
1227384108185157633
1227652406571237376
1227711199082668032
1227711118547791873
1227469617704075265
1227566245870030849
1227688328004280320
1227624393129549824
1227621836910804992
1227384107778351104
1227536666924945409
1227569420308025344
1227692670119747586
1227611492075204608
1227451594662432768
1227742807072419841
1227568321379237888
1227450247020007428
1227586434162278406
1227454919730483200
1227735653502324739
1227684878176702464
1227455313869180935
1227517085011439616
1227412939398950913
1227408020772139010
1227406124103561216
1227668387347734528
1227649486694031368
1227596772307951616
1227667445457965056
1227523338001534976
1227383705909354496
1227586376155181056
1227397923358593024
1227615900188184576
1227596393092730881
1227513924209270785
1227469874886299648
1227458288100544512
1227651379155496960
1227556498861174784
1227591747737247744
1227519749703315456
1227454623042195460
1227556433857630209
1227589629848801283
1227400657214332929
1227565373379293184
1227461581971369984
1227710304659869696
1227477877211484163
1227450429572866048
1227451682818269185
1227736202746396672
1227637187434438656
1227518394716409856
1227689228655616001
1227408838468362241
1227585638062489601
1227383891851390976
1227409346700513280
1227520123629522945
1227620912964521984
1227477945855479808
1227562155504996353
1227397280782864385
1227700361768644608
1227687933077082112
1227565786446860288
1227566289302020097
1227652607486787584
1227700569768366080
1227615020441382912
1227408706318540800
1227440091213238274
1227687201049169920
1227513793648963584
1227668907286237184
1227599006181810176
1227596834111131648
1227563187320639489
1227742060012167168
1227423023596212227
1227399524651454464
1227693813994590208
1227652110780530688
1227442884988821505
1227639503130628096
1227502284415721472
1227567295846895616
1227671702399803393
1227495293513371649
1227448645047418881
1227693532628094980
1227699591925026817
1227595757022334976
1227498505079406593
1227515454404558848
1227533182867820544
1227446453578141699
1227383282322505728
1227665898829422599
1227728981799112704
1227403882265022466
1227685497235001346
1227613144845078528
1227509133533794305
1227420793807699969
1227505630371405824
1227697579934277634
1227447715304525832
1227503045929361409
1227643766661668868
1227703025671843840
1227399399870889984
1227669593495261184
1227532166466195457
1227732801513979905
1227536182394937344
1227561494381858816
1227455557621121025
1227702040744386560
1227589844165066754
1227540443539394567
1227688775008030726
1227451951786418177
1227557483369107456
1227730962424922114
1227592401759473666
1227696847050936320
1227383044840906752
1227517965983264768
1227410989643161600
1227421893030039553
1227404357307641858
1227705375186702337
1227731154998038528
1227596455633776642
1227704018090233856
1227464732011048961
1227636201160470528
1227508663365120005
1227474963348758536
1227556690494541824
1227740945170542608
1227398522829496320
1227623939549036549
1227535447489990656
1227457212248993792
1227520974372818944
1227555441351237637
1227476603321622535
1227727932270923776
1227648788174643201
1227644156840837125
1227701344888328197
1227469127163502593
1227695779684290561
1227693503788068864
1227509777913147392
1227467617264427008
1227685680798740480
1227594745335209984
1227419209472204800
1227621544068894720
1227397646765166592
1227742367551229952
1227448575652704263
1227473155372904448
1227508468149608450
1227688513572888576
1227530406955601922
1227502146251186176
1227619721845059584
1227459068480151553
1227637075924705280
1227440376031694849
1227650645068435458
1227448399982710786
1227477025214124032
1227670442015543297
1227424102702436353
1227438319048376320
1227673997761970178
1227700734981963777
1227528631007629312
1227584175391301632
1227516703451467782
1227712243959304192
1227641989899751429
1227731065105567745
1227462388976377857
1227623730261553152
1227693886849638405
1227616596392398849
1227399211202859010
1227461638162436096
1227704844171010050
1227404624539344896
1227565695866744834
1227537003551633408
1227572015021817862
1227445668446425100
1227638813796769799
1227402054190145537
1227383202383159296
1227696698220146688
1227507195689885697
1227583390041460738
1227571658527059968
1227565197356937216
1227687050595520513
1227570588660551681
1227690385356525568
1227507099799707648
1227739991356342272
1227527450180997120
1227556273304088576
1227505982994931712
1227700863717773315
1227491152326086659
1227688235943505920
1227568743737384961
1227666829948203023
1227644914323816453
1227448951676293125
1227589820475535361
1227697193840041984
1227417382731362304
1227516566624862208
1227424273897181185
1227690167739338763
1227664744636653568
1227441476600201217
1227455588768067584
1227650262707429377
1227560290897797120
1227584048878350336
1227618512446742528
1227712433969561600
1227643824287158278
1227464255177396224
1227526582316630018
1227425215300407297
1227569786420371457
1227620230962262019
1227667926485958657
1227705589247172610
1227424101368827907
1227595689422540802
1227382920031006720
1227463841073766402
1227599903624437761
1227411876289667072
1227733321028861952
1227621093818732551
1227669129844416513
1227419798868381698
1227622411354415105
1227669483872849923
1227640615334182912
1227453692745592832
1227649012096000001
1227474277617819651
1227513773583323142
1227472784013611008
1227687252224073729
1227558219519651840
1227477277623099393
1227713869835120647
1227382049310494721
1227472936652726272
1227556705942278144
1227402432008712192
1227475734375157768
1227666138097737728
1227649446655062016
1227730994242912259
1227584840196816896
1227554959668809730
1227523001782087680
1227688117307609089
1227407473528557569
1227692876580052992
1227709893026701317
1227511545682202624
1227565211831459841
1227476282780344321
1227455819425492997
1227651212511674368
1227557371985219584
1227490780714942466
1227636201106083840
1227530048070045696
1227623666814308352
1227511293315342336
1227537383178067971
1227556320720629762
1227503434766512128
1227685965822660609
1227612800991645701
1227591967023853568
1227473325439569921
1227612665129754624
1227665592833978371
1227672175928397825
1227737246503227392
1227560967036448769
1227673269043593216
1227730133177507842
1227528661433122816
1227448759736504320
1227563852381876225
1227411264592367616
1227642770011017217
1227638418949246982
1227666108242628609
1227598496292843521
1227528315956686856
1227585813405454337
1227638261037686785
1227409618315333632
1227690851746361351
1227407268775247873
1227565149562687488
1227708366732087296
1227584010685038593
1227693209691807747
1227382023964237824
1227569590789713920
1227382451208642561
1227540261108113408
1227455074185760770
1227471151741440000
1227611999195951110
1227695347222355968
1227408375274713088
1227566678243934209
1227407228577165314
1227733523597078533
1227713540775129090
1227469764920070145
1227421244552810496
1227569506018562048
1227567165458481157
1227472714337787904
1227734902310887424
1227663411447844864
1227439347487690752
1227707998484795392
1227686243439448064
1227412136894193664
1227594333232209920
1227415904654221312
1227520342031294464
1227586590287056896
1227406759913934848
1227647250265931777
1227437724879269889
1227463791484469251
1227571532148416512
1227641418346323968
1227733799842336778
1227445704337108992
1227472393452630017
1227705850439008256
1227643654472445952
1227517045929103360
1227454882078187523
1227713153401835520
1227598646964883462
1227668839124623360
1227539230651383808
1227515157493866496
1227415061846745089
1227713914500210688
1227410766703161344
1227599618084569089
1227704013367451648
1227714032397889536
1227454814835167232
1227664521768030208
1227540451240095745
1227649443643756544
1227447318062010371
1227621217114501125
1227711836822306818
1227555788757110784
1227704778765021184
1227534781082218497
1227519368226979840
1227734917200527360
1227466976919986180
1227598420707287040
1227612124773408769
1227419340665954304
1227732705225388032
1227565440018173959
1227448190506586112
1227401584264597504
1227417661841313792
1227624124140392448
1227624322048507909
1227695050076737537
1227585513567055873
1227540397175508992
1227501825214955525
1227399761017409536
1227492725223636993
1227698634747240448
1227624058465869824
1227668651374936064
1227508711402291201
1227398048759726080
1227568305394913282
1227508199970033664
1227562634221883392
1227621365269901313
1227650163579056128
1227588123984572417
1227587916957917186
1227532096744280066
1227539710123347968
1227473613307162624
1227532928734912513
1227714439253831680
1227673694052503554
1227696371945349121
1227737107285839872
1227620556037443586
1227464681222213637
1227561243818500097
1227710951794921472
1227530063626657792
1227589631039938562
1227492317465956352
1227738301794222080
1227406522524819456
1227439671661207554
1227598821120790528
1227441181417787392
1227459592910778372
1227501067849490433
1227699185920536576
1227594753946062849
1227693040233582592
1227442583980433408
1227671920759361536
1227412609005215745
1227673078269906945
1227592019003883521
1227730108552826886
1227618762788130816
1227527737499406336
1227468140940058624
1227439050476441607
1227468365993775104
1227447926806503425
1227448085212778497
1227458978654949376
1227527730545221632
1227702410644262912
1227587513897881601
1227409091565248513
1227566652784566272
1227492859260989441
1227700712559304709
1227701622123438081
1227590794082758658
1227517960094248961
1227492531434164224
1227462158721658882
1227650893673304064
1227559607259684864
1227414219865325574
1227533218397609984
1227424575102898177
1227517613581971463
1227736979997155330
1227731693655724033
1227711335548538880
1227572096156434432
1227559395594248193
1227517637749563398
1227474903198289920
1227497787245256705
1227449535254978564
1227594244518555653
1227415399815204865
1227400177503342597
1227644537969029121
1227419627615137792
1227712052938059777
1227698438722269185
1227706689647976449
1227594749441429510
1227463368937742342
1227599882980077569
1227402216505368577
1227508239815860224
1227673478116986880
1227453770658918408
1227529042598887424
1227409385434927104
1227467603943227398
1227453737339408389
1227618850411249665
1227490511407083521
1227648543982280705
1227437708072640514
1227447785198424064
1227514365273706496
1227598480132100096
1227564902635769856
1227519432806653952
1227644286709026816
1227598188510494721
1227638124483895303
1227449120530538496
1227383413008584705
1227738377694392325
1227401277635747840
1227508930382880768
1227614129390788613
1227559357409382400
1227651438681174021
1227702240309391361
1227734148502212615
1227470852813459456
1227456032655499267
1227568389620518913
1227619829798010881
1227566089263079431
1227500335272321024
1227734639848148999
1227712214091665409
1227515313144487938
1227672108169334786
1227570769120677888
1227460539485429762
1227742806967488518
1227565588936970241
1227591284690432002
1227535973212250114
1227420680834162688
1227457526632976385
1227743543994679296
1227526443426557952
1227470113886081024
1227595957749112832
1227523559054086145
1227450363042844672
1227451131179290624
1227403563904557056
1227451852515692546
1227522395180818433
1227587292564463618
1227495145123151872
1227735085874438145
1227670397535031296
1227564295019532289
1227640008456040448
1227529334451097600
1227703698266230784
1227443967530295297
1227418362759786496
1227516976173473793
1227557907899830273
1227567442819518465
1227477167505911816
1227734072702783493
1227743487300423680
1227691884010778631
1227456275333734400
1227399545514024962
1227416448886165504
1227518218211909632
1227410200476422144
1227709805319643136
1227729321067868160
1227640868569403397
1227639476710756352
1227515566383976451
1227503597086068736
1227641658386239489
1227409844992299008
1227591447391559685
1227738930755272710
1227511790394847233
1227663619950882816
1227673397838086148
1227621536074326016
1227564283287961600
1227416732844736512
1227503217770020864
1227699369706541056
1227743963706052608
1227567698126737410
1227684687142764544
1227692666508447745
1227584326814048261
1227598153307709440
1227700473966317568
1227539817044463617
1227477541893656577
1227611668026277888
1227586227387367424
1227569366251843585
1227455718946725889
1227540275817410560
1227651579739852802
1227706972197224449
1227515784768913408
1227411583854243840
1227646511615545344
1227498614722662402
1227710650450948096
1227713021176401920
1227448972186472455
1227673353303007235
1227712855690141697
1227706299699417093
1227740807316287488
1227669397185142786
1227666625534533632
1227588583604678656
1227454696752926720
1227669214015651848
1227598180662951936
1227519611861491713
1227565719178694656
1227638495050526720
1227403409222967299
1227711319538794497
1227564812462370816
1227594405378502656
1227635293404024834
1227519365035122688
1227614355199537161
1227572302235258880
1227611056572436480
1227566767750492160
1227512671911596034
1227690815281074177
1227512664894689283
1227539244316364801
1227706912906629122
1227592431610105856
1227444474172887041
1227512741486788613
1227614718845689856
1227496518845812737
1227672453859565568
1227702876912398336
1227471085823807495
1227535486542995456
1227468380996800514
1227671536884232192
1227621474443329537
1227669903894884352
1227475507366834177
1227572466106527744
1227733359989854211
1227381949980909569
1227563014376902657
1227513398394531840
1227666582631067648
1227640091700424704
1227670861047615488
1227636362083545093
1227615535183138816
1227741437028159490
1227729008646918144
1227495959954722817
1227514486564605952
1227529636306751488
1227566565421469696
1227700483982331914
1227571331438383105
1227648669165465600
1227476050512433153
1227595076743958529
1227474807194824705
1227529953039790080
1227518527747190785
1227442646207082498
1227523802822672384
1227687848964313088
1227645878263058435
1227501251278987266
1227708423137091585
1227514174177193985
1227616751745163264
1227563779128344576
1227424305232982016
1227638266373033987
1227649692332412930
1227414401277255680
1227563149261279232
1227698975014375424
1227638239659466753
1227671625774047233
1227441152942583808
1227611820590030851
1227731162728022017
1227671667796828163
1227712164913467393
1227461782698151939
1227611829754564609
1227651686572924928
1227569027595128832
1227571485990060033
1227649822523580416
1227413334208675845
1227650053344382976
1227691807708008449
1227401234086289408
1227472531319332867
1227411223609827329
1227420325404708865
1227450777679073284
1227455003838861312
1227537191154274304
1227510994491998208
1227740484874858497
1227733334492696576
1227599800679292929
1227707733065060357
1227647828995997696
1227455449571713024
1227401026346586112
1227700592233062400
1227635973107916800
1227645389983113221
1227618319299219457
1227666356872589317
1227729519450128385
1227499226659049472
1227666910352986114
1227422289500635137
1227405466621349890
1227687130475839488
1227640064341135360
1227460120415735814
1227640216393068545
1227692161317117954
1227640475659591680
1227685315533512706
1227614754287439873
1227561147953336320
1227713472110170113
1227688321616371714
1227685040106168320
1227667405440053248
1227452291894202369
1227405043881664512
1227461004122099713
1227474339257364485
1227614677020049409
1227612856230850563
1227691009066389506
1227622882437685252
1227596311135952896
1227698405788594178
1227742250941263874
1227703770974433281
1227534512071929856
1227534065907240961
1227442036191715329
1227471009214849026
1227513029950001152
1227413435249496066
1227691673276362752
1227647387071475714
1227454463507673090
1227417302506844165
1227457505653071873
1227611429643022341
1227735109341548544
1227524432186372096
1227663839728209920
1227713078428602370
1227646387879391241
1227456451817373703
1227711436819963904
1227639849550852103
1227594196984442880
1227663962180853760
1227647201742118918
1227402467001786369
1227732062242844674
1227614535718252546
1227714206453108738
1227403741567049728
1227446769660944384
1227540617514741760
1227641375677730819
1227598372061581312
1227589126809104384
1227463194832199680
1227732993684496385
1227510265064767488
1227598670851379201
1227705214297419782
1227523305453670400
1227640955739758592
1227559931286609921
1227729092612587525
1227528319287119875
1227421760758460416
1227621199309496320
1227590454528471046
1227594450227982343
1227673996277305344
1227593513124188160
1227454759394779136
1227418264336322562
1227555050584600576
1227666253742870528
1227384116397641728
1227738054720442368
1227703889232891904
1227706671797035009
1227403478198149125
1227614199968342019
1227416787437768704
1227572166855520256
1227693094491099141
1227471298974146561
1227635781243723776
1227611484227866626
1227416763182092288
1227527743589494784
1227382094529064960
1227491074580480000
1227686702845612034
1227637578096140288
1227639904370397186
1227712953543208960
1227688688932384769
1227707425203073029
1227569286178168834
1227646729568366595
1227624040652664833
1227455925394591746
1227667551536025600
1227422376004116480
1227449061248262144
1227591308329418752
1227713158527279104
1227619862387855360
1227473710258511873
1227593348065656833
1227449502623260672
1227728945619120129
1227439455134507008
1227733576386596869
1227446953568604161
1227641345021485058
1227691747070873600
1227440009944412167
1227635941499490305
1227693876313513985
1227451831346958336
1227522231426846720
1227612140875341824
1227622021619683328
1227692780807446529
1227416443626504192
1227701186456764416
1227672049788882944
1227701348197699591
1227503265798971395
1227462177545768962
1227556459057209345
1227666128555708417
1227614269975465985
1227399592486023170
1227639188461432834
1227468065153146882
1227520986242674689
1227537121482702848
1227611358054821888
1227529176791433216
1227688072273371140
1227639213220225024
1227599878991368195
1227529127810535426
