1233283377324625920
1233324821309726722
1233268637408079872
1233442721752211456
1233490125830705152
1233219710067458048
1233354352078839809
1233260476735377408
1233523841139343363
1233243580644372480
1233184058768793601
1233279606725021696
1233430642244763649
1233213950008930306
1233272062871064576
1233382802353250306
1233394730760908800
1233292770095267840
1233213537692135424
1233534981164675072
1233268568441139206
1233313558915616769
1233268574988333061
1233236123318726658
1233210266994663424
1233263322885246976
1233442503639961600
1233465752805675008
1233395996996067328
1233290480365867009
1233237758568620033
1233472420566257664
1233506102240829442
1233489685260967936
1233236369134280704
1233401458906685441
1233272219587031040
1233217666296340480
1233254514959872000
1233223926739652609
1233301906283520000
1233300738400538624
1233512292752535555
1233354452989444096
1233241720625623041
1233259585391063040
1233372223488086016
1233218136985309185
1233244929889050624
1233471307473395713
1233234994836819968
1233471687389319169
1233206871613431810
1233430138345414657
1233235353026170880
1233407158919847936
1233472291608170497
1233286056847515650
1233228020753653760
1233424673620332545
1233291681077899264
1233221920600051712
1233319817790181376
1233189327686991874
1233260564492832773
1233253717870366720
1233288143266168832
1233517783385853958
1233290230213427201
1233524124661768192
1233220429508173824
1233233933606752257
1233471461190459392
1233254158641266688
1233290280553631744
1233235281442222081
1233267251366612998
1233500880072302594
1233244928156688384
1233254032623513601
1233257357829763073
1233216136919048193
1233313231793479680
1233269498427379712
1233265866596323328
1233293238037032961
1233313072753905664
1233266849854283776
1233459495344443392
1233213248763318272
1233271448296251392
1233483550403502080
1233442722347876354
1233268582034874368
1233349306813317120
1233244715837009920
1233226676693356545
1233400636386922496
1233529205859614721
1233267100547870723
1233447734671298561
1233295665624600576
1233336668549193730
1233254599156518913
1233201591987134464
1233289138088140805
1233477236755501058
1233274130037907457
1233277588845531137
1233349311632637957
1233209221820407808
1233216239834685440
1233459653884903425
1233240882507403264
1233232934922047494
1233270619841556480
1233232717749407744
1233478461001543681
1233215680004182021
1233360433177911296
1233319078972051457
1233255994190262272
1233242845458452480
1233230774821801985
1233295313869340672
1233401466766921730
1233448036367585280
1233253711532576770
1233511438666301440
1233495789021863936
1233289779187503104
1233276669441531904
1233275766864920577
1233483466131550212
1233273262466945024
1233233257451442177
1233218176340709377
1233337101967646721
1233454818087358465
1233300905392517120
1233256977234636800
1233477656760475648
1233259268360544256
1233225717753606145
1233413319261900800
1233238026773356544
1233263021545402368
1233541887623073792
1233212438620844032
1233406995228766209
1233209155474714624
1233453526313033730
1233406827183902722
1233206259089858560
1233215843955167233
1233240501505138689
1233517100179783683
1233378011635802113
1233236792326991874
1233383272714891264
1233357744062681088
1233282229230501889
1233289289649115137
1233378469339332610
1233295446904385537
1233394953549684736
1233512497728106498
1233459422892101632
1233490328113602565
1233306801933881346
1233466584074792967
1233524057900863488
1233291700551868416
1233495239404478465
1233243383952482304
1233229826984697856
1233529377209454592
1233471981711843329
1233448157671022595
1233230770413752321
1233218356628443136
1233232165573480449
1233343060953698304
1233272185818505216
1233395279619067905
1233495107996913670
1233330204581531648
1233207925738524681
1233319224551960577
1233283172210601985
1233234546071670784
1233208395274051590
1233245126593515521
1233248349614047232
1233221595784548352
1233281773062082560
1233218268023992322
1233329588467621888
1233460476174098432
1233256788297834497
1233307032729468928
1233269665079742464
1233207335486705666
1233465391923548161
1233249646929117186
1233255138250223616
1233243700949590016
1233229513351254016
1233365393026121728
1233212270638964737
1233211233370808322
1233210531474964480
1233378117718331393
1233337021994688512
1233343178297823232
1233291089945100288
1233248358908735488
1233501618789867523
1233366013678366720
1233318618533785600
1233279642645278722
1233227091656744961
1233232776146694144
1233536041262383107
1233471687670292482
1233221427312111618
1233225718273843202
1233441618495262720
1233273193533710336
1233209520874303488
1233465337015885826
1233258138134073344
1233360807439806464
1233466105974476802
1233372287988047872
1233478515963633664
1233235522220253184
1233294242417537024
1233353631216345088
1233483137499516931
1233301673407205376
1233495225928179713
1233208416274993155
1233249824914444288
1233431120739475456
1233517982170701826
1233424971021660160
1233254138076639232
1233237918669516800
1233257543624994817
1233523273188757507
1233511449898758144
1233484187434352641
1233278380285579264
1233293543730491393
1233223144959119360
1233435768057544704
1233501500338515968
1233240276166172672
1233241349127671808
1233292135434244097
1233349290732347392
1233227981620961281
1233337281878069250
1233371176027795456
1233471227269804033
1233252343883423744
1233256953243209729
1233466385797390338
1233254897585459202
1233226079113859072
1233523269724200960
1233216231299276800
1233325643066003456
1233460715224256514
1233222125156171777
1233230047458123776
1233271529258938368
1233262721652494339
1233523990314078210
1233395130473672704
1233330929642483712
1233291692213665792
1233246102125563904
1233454844335263745
1233220126410862593
1233261560057008128
1233348031866646529
1233226216745758720
1233201842890235905
1233206439373463552
1233250138698612738
1233222368040046593
1233401420818206721
1233259770276204544
1233459418865508352
1233442802039689217
1233207434350452737
1233189632877244417
1233257744334909440
1233275931931709440
1233313843872485377
1233264822487261185
1233184113441550336
1233210967766503424
1233231490709770240
1233418478847189004
1233512431504232449
1233448643799048193
1233360006306652160
1233343101265158144
1233376963969961986
1233529674342567936
1233348694134657026
1233247625874485248
1233246585825316865
1233336064552525824
1233259981862064128
1233235598195838976
1233246809834672129
1233342751636258817
1233282894489169920
1233232014268084229
1233495650622373888
1233223314706968577
1233287267583692800
1233247116736073729
1233342482202669056
1233237790936248320
1233253806990741504
1233506295275192320
1233219473412411394
1233523744485801984
1233227582851735552
1233377168962543617
1233490247318675459
1233433346291720193
1233211019545190400
1233188803084455938
1233424657136701447
1233348179359404032
1233248950586683392
1233401634266333184
1233249108267171840
1233472580968943618
1233448955192791043
1233252807047864320
1233541591035457538
1233280994981171205
1233262944437309440
1233195254813220864
1233220083943723008
1233378067147567106
1233248820722454529
1233257056804786179
1233267463757819904
1233489988043649025
1233511223389544448
1233256524866301953
1233222551184314373
1233240255806881793
1233266014948937730
1233281140548501505
1233484074465087490
1233214166728675328
1233269373512503296
1233285698028916737
1233212860525711361
1233207141672112128
1233270949752893440
1233331090485645312
1233289543677292544
1233224105803108353
1233448417180844032
1233294267751124992
1233235956481712128
1233208615063846913
1233227611637190659
1233399215306330112
1233292538699812864
1233517535158525959
1233300605634064384
1233483251081048064
1233258804373938176
1233383095916736513
1233291157851058178
1233290008758554625
1233360241213034496
1233523277110370306
1233266606257659905
1233257696599646208
1233266509436329984
1233218297144856576
1233448553483079685
1233466130628517889
1233273137539604482
1233424435220242432
1233223820816809984
1233207333762879489
1233221962215768066
1233225801384038401
1233183871778328577
1233262056368943104
1233213293780709376
1233436594574708745
1233215097033678853
1233210571983597569
1233209414737219586
1233460694688976896
1233295925168222208
1233511182859980805
1233448468934426632
1233529522676469761
1233390087066587136
1233430772415188992
1233209771471364101
1233401710724382720
1233471294517186565
1233213665534455809
1233213260930994176
1233237221773336581
1233238853521010689
1233294418272292864
1233314070146584576
1233224854305771520
1233182968765652993
1233281136987693056
1233401633993871363
1233459913910865925
1233232836771110913
1233231597849194497
1233243155547463680
1233460060552138752
1233211274797838337
1233250117521534976
1233244869449089024
1233278919647776769
1233518143298916352
1233267686521495552
1233196058886443008
1233218356171300866
1233395230751285249
1233207102979629056
1233217011976691713
1233265454598250496
1233234847633694720
1233465912222715904
1233291379352064000
1233276796474249217
1233248154528600065
1233276117248856064
1233511223997739010
1233288315261992961
1233235218489913344
1233534774855204866
1233331250078683136
1233263216479948801
1233254470915678208
1233453916651737088
1233295346773700608
1233238846868983815
1233207577661583360
1233220467000934405
1233271256985849858
1233436514429870081
1233244151329607681
1233222670864539648
1233489031847194630
1233371534590464001
1233280071940608000
1233442117843931136
1233274922576695296
1233264338338746368
1233243160794394624
1233231298677768192
1233189013097414656
1233283790535036928
1233222362969055232
1233418667422965760
1233489203255746562
1233466159695060992
1233291538626727936
1233248018394206208
1233418436954316805
1233495498901901313
1233232085407584256
1233283098332270592
1233318709751689217
1233214204221493249
1233517665148268544
1233238944596103168
1233325671838969862
1233511965915582475
1233483410561212428
1233301928936976384
1233454777083801600
1233453421153394691
1233500619106930689
1233419347059716096
1233260286775353345
1233419669542985728
1233218650611625984
1233232001915850752
1233247333162332161
1233484121000828929
1233294279608434688
1233517921844027392
1233256559343546370
1233211215075250176
1233535562725908481
1233268665132425216
1233243048278138886
1233396144069197824
1233331544762331136
1233211516683337729
1233483734760017921
1233307010621476867
1233524264948699136
1233484380548583432
1233239827908366336
1233313524325072896
1233252003633127425
1233269169740640256
1233324937194201088
1233218040147275777
1233221446928928770
1233372114519916544
1233234432859017216
1233495456795308038
1233229384133177349
1233466058905935873
1233208244312645632
1233286491809382400
1233524348478271488
1233407225860960257
1233263500153278466
1233234806269448193
1233318538342998018
1233336465008078848
1233342794279915520
1233235072494510082
1233240924496572416
1233265196178853888
1233523416709443584
1233249730571821056
1233425358231351297
1233209050508255232
1233448959194140673
1233227189128237056
1233264132452909056
1233274095011336192
1233244862373343233
1233289900776185856
1233273168283914241
1233511677569765376
1233243017890410496
1233248660944818177
1233241132861050887
1233265889283174400
1233406927826063361
1233413872607993857
1233231108453621760
1233195874102185985
1233244068639125505
1233460165669773312
1233235906519281665
1233225819310346240
1233210611254820864
1233232592188723200
1233389794144722946
1233395338607808512
1233226862366728192
1233220361585451010
1233233085069766657
1233211284834877443
1233283690072952832
1233360076972285952
1233223884935180289
1233360501892976641
1233231693252722688
1233285482097696769
1233318915805085696
1233413735819218944
1233453689542791169
1233287766601076736
1233220343495610368
1233472015769722880
1233477376505524224
1233442738907074560
1233277614384656385
1233484417080987648
1233229651574710274
1233245911527985152
1233460426052194304
1233232683335065601
1233225817368465411
1233256862339887106
1233459427711291392
1233442156880285697
1233226469540868096
1233266008380493825
1233270283085238272
1233287715426308096
1233312813709479936
1233337450250088450
1233239638652833793
1233307881023426565
1233225750595194881
1233244076989763584
1233283072503750656
1233319513682305024
1233257372161691650
1233300621069082624
1233269443142258688
1233239595287904256
1233402003344195586
1233262050421248000
1233241405885050880
1233215046811029510
1233257433407139841
1233246372901449729
1233269436984918018
1233195296148029447
1233220770719051776
1233211152726986758
1233210695816138752
1233263062423085056
1233262519843803136
1233280101711667200
1233218713014325248
1233471931158011907
1233247207140331521
1233366751133491200
1233282822468755456
1233227289304846336
1233252139268558848
1233294894040567808
1233245443452096513
1233243199310790656
1233247339298590721
1233231813658710017
1233517989422665728
1233448031225147393
1233256572727377920
1233407502722781189
1233383922391801863
1233312924984397824
1233201071654391808
1233281273604558849
1233241271050919937
1233269769060651008
1233241750208229382
1233290126496694272
1233212365904261121
1233194729736753157
1233523009190629376
1233540578962526208
1233233130485501952
1233296149810831360
1233265510176808960
1233284834765627392
1233541804575920128
1233277420679127040
1233453446881214474
1233225503793930241
1233225676523573248
1233287114147667968
1233251142743855105
1233183184080248833
1233281701620658177
1233249266442919936
1233372005707255809
1233271094456602625
1233250223754969090
1233282782056656897
1233249116865482752
1233501744937787399
1233237123764932609
1233231621362315264
1233541250051137543
1233312792209326080
1233281292587950080
1233207262635872256
1233246281600028674
1233359842439360512
1233260502438043648
1233342042442305537
1233500586714312711
1233290939747061760
1233279119527497728
1233371851663069185
1233360208220565505
1233231907569229825
1233234396859248641
1233376901156069382
1233234274817626118
1233484427378012161
1233412447140229120
1233383373420335104
1233348311626633217
1233424187391430658
1233372202894004226
1233407620901371907
1233460312566902784
1233271697479958528
1233207187196923905
1233472392095289344
1233286069229117440
1233529880190636033
1233201696840372224
1233313442720862208
1233442691842748418
1233273369149218816
1233235162911191040
1233266582916337664
1233472349992816641
1233354989692567553
1233250487090085889
1233471968181133312
1233505979838406658
1233260094697009152
1233312901701783553
1233330935573049345
1233429945868832769
1233189435946291206
1233245114832539649
1233418406881198081
1233241830290067456
1233290280503304193
1233260965610827778
1233237650330406913
1233483395205914625
1233383401371176961
1233319448288911361
1233541889300795394
1233406608664879105
1233267436721446913
1233429815568588800
1233466163260252162
1233274000291356672
1233189449619644422
1233222437480935424
1233482890182299648
1233239877199618050
1233236850933817350
1233489412593344512
1233196126435774464
1233354818426507271
1233478276775055363
1233542019173298177
1233383989651488772
1233448452526411776
1233390213554040832
1233343170471235584
1233282140613181440
1233347999113367557
1233220958799962113
1233237353717616641
1233307140661530625
1233244625143508993
1233251756647251968
1233506454654652420
1233194809717747712
1233406402883919875
1233274259000086530
1233266310513123333
1233216911850295296
1233221508425605123
1233312855748943875
1233246832886796295
1233506370709749761
1233490556195680256
1233330260479008773
1233448229372477441
1233215049335963648
1233377881998417921
1233337374471413760
1233258508222631936
1233288760487374849
1233325388039950337
1233529213615034368
1233284871591587840
1233212526650937344
1233274102066053121
1233534598522527745
1233285643087708160
1233336912460431361
1233206776536825857
1233260739441250307
1233223241436663808
1233294407303983104
1233213091917287424
1233195061329956864
1233518363827212288
1233271663669571585
1233281063977283585
1233283986115325953
1233353593161306112
1233213285240987649
1233360060962791425
1233349289994342401
1233348275450695681
1233453580796997638
1233260075348897792
1233418449642283008
1233230012423208966
1233312838124523520
1233541170422276096
1233260542820675585
1233224871376773121
1233213280560263170
1233383062739849217
1233336258983649280
1233239889107394561
1233342130267074560
1233268082124173313
1233243283654094848
1233377484713816065
1233239727630843904
1233419095858610181
1233377018584207361
1233245718774571010
1233207779336343552
1233219905907900417
1233401017946931200
1233286945830137856
1233313844782436353
1233378259057795074
1233233906620649472
1233243194302881795
1233257936350334976
1233483594821230593
1233354890384154624
1233512011096580096
1233249352849727488
1233489904602144777
1233292791955914752
1233501009722384384
1233307205614493697
1233235983946006528
1233206766734733312
1233223089200209921
1233382876969885696
1233336351245754368
1233447792841854976
1233460660933099521
1233541809189638144
1233183769538048000
1233267967778906119
1233225520625704960
1233232349241970691
1233282739786452992
1233257916351729664
1233295122068123648
1233272430921076737
1233271348077613057
1233512091795042306
1233207924278939648
1233194956736561152
1233207878095450115
1233207368688820224
1233371138820014080
1233184087889698816
1233245513249460225
1233250516928327680
1233272324545073155
1233239246615588872
1233255310342537216
1233483096156262400
1233471377367158784
1233349096892698625
1233219679784538114
1233292794741100545
1233396229142237185
1233248355448311810
1233256777048784897
1233426089265029121
1233271230129532934
1233471311244075008
1233459969112014848
1233268299204616193
1233189264118161408
1233246643530526720
1233237986113937408
1233413147261726721
1233195794548903936
1233395956063842309
1233242323078860800
1233229989757190144
1233214461382516738
1233465660971323392
1233222351195660289
1233336044264648704
1233253842470473728
1233523944558190592
1233330965398904832
1233206902462521344
1233284816084357121
1233235591120093184
1233189197692825600
1233307291904028672
1233207796809682944
1233216698695577606
1233441782232494080
1233240170020798464
1233222894353707008
1233237719549194247
1233226862274334720
1233471347700969473
1233248170416758784
1233279514165288960
1233271992649838592
1233200795019096066
1233270952361889793
1233401823379238912
1233331376780345344
1233252001808617473
1233213557073776641
1233266737329721344
1233235244972675074
1233274580829114368
1233286202314199040
1233377480372822016
1233265050174935040
1233285982343979009
1233244921953280000
1233359621571719168
1233236808680427521
1233289592431792129
1233257878796017664
1233283401463074816
1233524116478681088
1233271105290457088
1233418659995029508
1233225512375312384
1233495415674167296
1233277872627826688
1233230647323480064
1233188633181663234
1233246469362192389
1233271493825454080
1233287020316778496
1233249665216180224
1233224312179523585
1233424828352356352
1233489433170759680
1233325923237269504
1233528933062238209
1233253495244873729
1233260747267829761
1233282511112986626
1233418420810584066
1233216458529726464
1233418465698033666
1233210991770509312
1233248811172188160
1233453815636033539
1233233618773913605
1233401155893497858
1233253596743045122
1233195463303516160
1233220072744898561
1233436765379149824
1233247775929729024
1233260100497707009
1233436904256786432
1233347914929463296
1233242771361677312
1233260087612932096
1233301605908406273
1233226615271952386
1233277793271721986
1233418167873085440
1233540859695685632
1233183338258718720
1233257994713993216
1233230565144293377
1233270620642779136
1233442860348985344
1233251393596620801
1233289822988578817
1233262159171379200
1233201428497358848
1233541704457818113
1233289425901117441
1233470694425550849
1233359792745439234
1233252678416781312
1233282880991707136
1233244543664955393
1233260553784696833
1233377605174214656
1233400993494261761
1233285237263740930
1233291895587119105
1233360127773769729
1233465718726971392
1233269656372146177
1233313935295537153
1233267812300414976
1233268649798066176
1233276510649430016
1233307497110392832
1233239923508989952
1233291028695846912
1233220790860107781
1233213456922230784
1233189503684227073
1233436140977315840
1233395502936461313
1233242146859372544
1233495280353521667
1233272176431648768
1233354207102676994
1233389986113826817
1233225989897019392
1233218878228090881
1233229083452092416
1233270443391377408
1233437127683268608
1233243184228130818
1233523614584049669
1233188760554217472
1233272387380092929
1233273776747532288
1233268641136873472
1233190027758374914
1233330466477965312
1233270188377767936
1233517912620707841
1233388736320299009
1233419033166274560
1233460041472266240
1233371155282743297
1233184108907417600
1233250118679322625
1233182754319110149
1233364646318440450
1233400951710437379
1233484027337768960
1233223464833601536
1233307786265735168
1233244077258207233
1233207531444547585
1233237246549123072
1233200762068570112
1233302260748255233
1233226337420107777
1233327299224690688
1233238213260664833
1233495477519290371
1233249803796144128
1233248266076262400
1233268389797355520
1233216525634543617
1233348995734437888
1233394743217922050
1233289147592462336
1233269330890182656
1233273146377109504
1233235150881816577
1233242806023405569
1233271871086329857
1233229968391491584
1233229743480360960
1233238332055834624
1233306890131496961
1233489479480025089
1233194508113915909
1233208880475332608
1233425223199993857
1233418508559691776
1233395531621289985
1233225961102962688
1233188779122360322
1233234195264286721
1233318594236297216
1233348698865831937
1233201550614564866
1233223547172130816
1233226486833872897
1233535599988150276
1233250138803638272
1233436959181164544
1233225270414467074
1233371725611618309
1233200669177327616
1233248420732841984
1233218803770761216
1233424288365064192
1233245854523445248
1233495381188718592
1233239155058135041
1233240551941525504
1233241156839804928
1233220992396214273
1233225169063141376
1233430805730463744
1233206796472475649
1233242926248906754
1233242023404195840
1233484144757420034
1233436296229654530
1233237192388022273
1233377321085698048
1233210985747341312
1233242794086617088
1233252817508290561
1233331082298351616
1233238630640033793
1233288411752083456
1233237356754300929
1233424518661758976
1233243031555465217
1233274981720764416
1233222291581886465
1233541657448108032
1233395850598023168
1233244507036102657
1233209684796026880
1233535026127626246
1233246638514278400
1233324975085563904
1233226289257033728
1233484270079004672
1233377644319793152
1233241009640869888
1233229226041581568
1233471717210775553
1233229282991689729
1233472400303542275
1233209573173055492
1233211449079562246
1233234060165574656
1233401222792544257
1233235342922141696
1233200475274526720
1233441626900639747
1233366457507074049
1233275124633214976
1233484224134598658
1233224672512225280
1233442429082140672
1233221673987584000
1233307900375785473
1233278145576538113
1233236593672171521
1233237954337730561
1233354269186777088
1233294017670139904
1233424664950497281
1233517657388912640
1233287454146355200
1233236261428580352
1233261462740590592
1233471360137146369
1233249250290606080
1233212294999531521
1233448854021865472
1233211447192231942
1233223906124800001
1233422921491763200
1233448954362236928
1233288242881060864
1233535706594758662
1233365615626178561
1233490066942627842
1233360812950994944
1233437122280878086
1233268247790858240
1233490357490475009
1233472354484936704
1233347914895740928
1233295029478854656
1233412585682276354
1233233367396757504
1233496140118622208
1233242377109807109
1233252777687683078
1233236000056446976
1233289060191522822
1233377315150860288
1233267053576032256
1233261026054955008
1233301369681072128
1233460920334135298
1233460673914470400
1233489216602091520
1233336372473352192
1233231066455932929
1233489648057540608
1233241568674492417
1233208296690970624
1233477840345145347
1233235177322827776
1233277513578602496
1233284349392326656
1233254603442909184
1233448153690640384
1233235839590658049
1233241639654543366
1233396030487564292
1233229527758692352
1233267059661758464
1233246370733019136
1233262708830736384
1233290160571375616
1233245179089305600
1233272765421146112
1233436523359547402
1233424560709685248
1233320473653579776
1233206625315573760
1233342122520141825
1233272286083457024
1233489589807067136
1233401211002540033
1233235886696955910
1233256971513581569
1233194813547307009
1233195837834113024
1233220124993146880
1233288840053264385
1233459809246154757
1233401185404641281
1233431107548393472
1233232137916157953
1233292884511686656
1233460749432868865
1233240836483186688
1233389651165097984
1233442340016185344
1233441643736420352
1233212263340892161
1233360664212754433
1233313799656157186
1233448723142848512
1233258160854622210
1233285483737894913
1233216310965886976
1233530128048803842
1233353900251656193
1233517455739367426
1233288305904513025
1233243129161158656
1233472002255654912
1233253869334884355
1233235770057445377
1233511731453972480
1233237319664177152
1233183035132121089
1233447747254210560
1233442713216798721
1233276247641382912
1233477337888546817
1233402054208606208
1233511446098649089
1233242061555539968
1233229165614243846
1233454041851670528
1233289875316781058
1233254478435848193
1233265696643010561
1233541645070688261
1233365345752223744
1233482978279469056
1233245255362760704
1233471599984218112
1233430947816599552
1233228353060167680
1233194901879349253
1233234825366179840
1233435931241328641
1233283624641998848
1233216204099203077
1233253313015144448
1233271955136172032
1233183178141028353
1233324644528205824
1233274295486427136
1233419254361448448
1233366754086334466
1233477258901409792
1233219846411866112
1233319832658907137
1233388959922892801
1233500641340903431
1233330219592929280
1233407100597891072
1233472614707814400
1233312597388251136
1233261022040948736
1233541361061814278
1233241618830045186
1233207228351569922
1233286863332376577
1233231613237985282
1233251835273719810
1233365286465818624
1233280165452697600
1233229499040317440
1233246416044081152
1233251722560229376
1233265339254935552
1233343389581574144
1233377122720321538
1233222503515992065
1233211215071105027
1233383297905913862
1233360668344168448
1233280929822625792
1233448254559354882
1233214990775136256
1233389946230247425
1233255788531023873
1233307525505835008
1233217180113625088
1233230184800800768
1233517451377336321
1233267487174688774
1233307345670766592
1233258495232925696
1233455211299196929
1233219303131869184
1233247542546137089
1233306849362862081
1233388878972755974
1233275776918679553
1233260701373722624
1233288247842877441
1233377978266025984
1233239428224749568
1233366222906937345
1233400767161274373
1233240327202463745
1233541983781740544
1233213177833435137
1233366279878316033
1233418911166672896
1233229042909839365
1233229688266469377
1233256375091781635
1233389710703288320
1233372307999121410
1233269513917026304
1233228809400397824
1233276033001873410
1233239839836901377
1233275073273819136
1233287977041874944
1233221397914308609
1233460728092381185
1233430314573168640
1233216489324470278
1233215759578431490
1233348208581074944
1233378099909341185
1233267532078952448
1233289285438255110
1233477127896551425
1233227211546791939
1233235209337942016
1233274110689415169
1233301897530007553
1233240550578409472
1233212663670374400
1233253228877234176
1233454590131134464
1233336981108559874
1233259436417966081
1233232033687564295
1233215322066280448
1233209908750962689
1233275682882383872
1233523256575037440
1233216811098890240
1233496166517690368
1233293711322292224
1233501367345598466
1233477040130740224
1233354466340098048
1233524188771737608
1233365375116554240
1233501027866791936
1233239123994935297
1233517685985697792
1233293111285211136
1233477220603219968
1233289713315909632
1233313543472078848
1233237794421641223
1233254152450510848
1233215161613324293
1233237664377298944
1233269613493813249
1233395243346690048
1233292351935664128
1233495050434293763
1233207692468117506
1233229752799940608
1233489332775854080
1233407623937937409
1233183795513352192
1233430064500375552
1233262865089515520
1233388879182475264
1233281699187806210
1233207183287967744
1233535001427206149
1233214760805699586
1233232925027708928
1233247232167759872
1233231571509022720
1233211128085303296
1233249074905784320
1233293728002998273
1233279120156643329
1233240694564761602
1233307302297468928
1233264831706198016
1233313767502602240
1233225494142836736
1233490222115061762
1233213299875106816
1233395117173678080
1233366704673083394
1233231258810871810
1233223085689430018
1233266244372946944
1233245471503798272
1233239126578810880
1233289645938495489
1233214359998009345
1233184211219054592
1233511268939513856
1233224351350218753
1233478504471236608
1233506351151755265
1233221488016338944
1233524363527434243
1233382894598545409
1233239741228711936
1233254623927922689
1233342005243084800
1233523257673998336
1233221787573510146
1233279161327931393
1233218582869397504
1233223305219362817
1233281853605412867
1233211135232372737
1233273645553897481
1233242049765400582
1233535346299883521
1233270828722216961
1233466596502335488
1233484341541580800
1233236232936751106
1233283155207041025
1233247158188544001
1233219015880765440
1233201503491514368
1233248631131557888
1233244693158387713
1233219425735598080
1233353994988216320
1233406546228305921
1233424363816390656
1233257451430010881
1233248869363933184
1233301759876976643
1233229791215616002
1233418537676480515
1233211537764081665
1233284399052931072
1233215437447553029
1233239645334515714
1233418555133054977
1233216018224254976
1233223713719386115
1233308195357020160
1233223080140513281
1233226167747928065
1233227969461551105
1233255806625177600
1233232384469827584
1233291332162068481
1233540759225278464
1233225921647333376
1233484039538999301
1233360052985221120
1233484044064772096
1233505585980739591
1233288171162677248
1233210403666087936
1233218992858222592
1233214768355381248
1233478193828462594
1233231749884325889
1233412716083048450
1233246480313593857
1233267273151983616
1233483267589931018
1233389197970595840
1233219262690603008
1233233803348520961
1233348079438323714
1233248193980203010
1233218125170081792
1233383267686060034
1233232779640438784
1233237760514777088
1233241592875454464
1233253654800396288
1233257334715092992
1233500729102524416
1233222937009745922
1233230088352694272
1233229614484463616
1233372010425847809
1233540750698135552
1233270765014933504
1233279200632569856
1233454830552780800
1233254560862330880
1233249264064532480
1233534825287561216
1233517297245007874
1233183748868517888
1233342319837011968
1233396093414780928
1233259334349488128
1233394865079234561
1233254847245361152
1233227430992568320
1233418449877000194
1233412463787433984
1233208960179675136
1233466239827181568
1233495181237899270
1233225883214897154
1233447579213615105
1233511830875713536
1233222706021179393
1233383708545163273
1233294858565177345
1233505322699902976
1233207564332097538
1233494827767128064
1233213410847993857
1233288979585175554
1233196084291350528
1233466571105935360
1233342809647800321
1233281121724448768
1233256677715120128
1233236209012559872
1233264877621243904
1233194970267426817
1233219189394960384
1233529896548388867
1233378100127444992
1233271367719583744
1233388686794010625
1233265108412796930
1233260486470373377
1233465366443167745
1233306958834343939
1233396123550846979
1233418131420393473
1233232826817925120
1233212636638121984
1233255892709203969
1233483204771926017
1233217113101389825
1233495159049981952
1233535332748079104
1233473354482561030
1233278268268326914
1233448539893747712
1233472027568332800
1233233352167215104
1233388754091433985
1233337219819200512
1233377883105775623
1233524128482840576
1233453547074674689
1233435750294867968
1233383607957360641
1233223351553941513
1233288219631861762
1233424308396933121
1233235807328014337
1233366323293540352
1233267947163938817
1233383008163549184
1233286045300453376
1233229258190770176
1233238754564956160
1233189641433554945
1233278113812893696
1233313842928766976
1233307829244530689
1233255963899187201
1233407544883908614
1233242444851867648
1233290228741230592
1233484081146585090
1233288999738826752
1233277753253711874
1233418818489344001
1233267739843756032
1233292178606047233
1233230013723500544
1233389379994828800
1233226915772862464
1233431154050699265
1233258980958494722
1233265547141246976
1233383175637753856
1233230317693145090
1233278947221213184
1233293938213060608
1233266671332274176
1233430504122257408
1233441636132192256
1233483897553477632
1233337046288068609
1233253885269200898
1233219285453099009
1233460614229524482
1233215448398757889
1233484022581485569
1233212340818137088
1233234475712176128
1233540859842437121
1233406432772591620
1233223851464544256
1233464426826567680
1233293850103427073
1233290123044773888
1233232471350595584
1233436094319869953
1233276658360041472
1233236290222645248
1233395115982544896
1233301438215938048
1233366251868585985
1233243050945716225
1233436740297248768
1233276285431971840
1233471444564217857
1233206872959832066
1233208861122756608
1233252784314703872
1233254041062215680
1233294864084635652
1233302071673266176
1233262449295413250
1233395087239000064
1233246477930991616
1233337043645652992
1233419657396334592
1233221950421557248
1233290038873591808
1233257390042230785
1233244732463120384
1233222514861580295
1233260993171599361
1233287704722452481
1233353824200515584
1233245950925320193
1233257025598939136
1233418533314473990
1233337362802978819
1233378461521076232
1233189294363283456
1233223111153246209
1233215220186779648
1233442835417960449
1233540943602647041
1233224260962922499
1233287605695000576
1233483854884884480
1233489782946308096
1233229145158479873
1233313420776263680
1233360161181519872
1233261086897401856
1233224492773756929
1233483625464762368
1233214851243298817
1233523496552194049
1233219316692197376
1233272903707152385
1233465736414277634
1233236119761772545
1233246994547662848
1233530184927674369
1233425423587061760
1233295290502983681
1233302062051414016
1233266092342153217
1233229391544512512
1233238680061562880
1233295157606408192
1233359628613885952
1233276962409451520
1233235919064485888
1233230783130681345
1233222483920048128
1233269120273207300
1233235551081254912
1233325743364399105
1233365933168766979
1233465391550287873
1233251969613156352
1233229913425088512
1233359410229063681
1233201332535861248
1233257290259525632
1233227985806753794
1233218685591883776
1233242141947617281
1233265950432092160
1233215961760595971
1233283915374374912
1233207044771139585
1233425520844562433
1233290083031085058
1233477891620581378
1233234396917968896
1233263048405798912
1233239519736016896
1233217094772240386
1233425512002924544
1233418956620255237
1233243786224054272
1233237990593294336
1233431073964613633
1233241962628562944
1233343279426670592
1233348099818557441
1233214326623948800
1233188672180232192
1233224975886118917
1233236817094303744
1233226777251721216
1233231771837353984
1233390213642088449
1233241785461161985
1233209808691421184
1233285864756785156
1233466268528861184
1233465911656370176
1233210525527486465
1233478338980859905
1233306627094335488
1233418164446400518
1233215724056956930
1233209710775390208
1233207254926712837
1233512531441963009
1233248756302327809
1233277227950841857
1233215608990437376
1233232307827294208
1233290280519864321
1233349080887287808
1233244896519061504
1233318441316167681
1233254633021173761
1233535048680267776
1233413458521137155
1233290678685204480
1233349320231051264
1233269365140787200
1233541314722947072
1233291824145432577
1233442856775319554
1233194977246826497
1233529850935164928
1233232504762425344
1233383782968774656
1233336736467574785
1233266024591564800
1233501635088875525
1233184286833950721
1233288719165251584
1233389022120116225
1233277617228267520
1233218765921431552
1233448194819923969
1233483284979625984
1233211577521717250
1233260862380683264
1233269998044491777
1233258155733209089
1233395443268227072
1233254724767539200
1233182822287990785
1233383528324313088
1233227544989704193
1233308201862467584
1233280439160168450
1233283248773451776
1233429896623525890
1233466683207176192
1233505154198114306
1233401025790402568
1233219708884787202
1233336585724276738
1233208846513889280
1233300887331840000
1233325669322493952
1233253459752652800
1233242666378366976
1233442734746284036
1233460119368634368
1233254891604209664
1233241957255852042
1233218601777336320
1233189998121406465
1233253781841883136
1233360353913974784
1233232311505838083
1233195656367529984
1233259690248699906
1233200715536924674
1233251551168217089
1233231861922484224
1233294282100019200
1233248471852965889
1233252552629719042
1233222796605640709
1233224495151841281
1233206835571757058
1233182775651356672
1233319173931053056
1233224015650709506
1233313874880811015
1233400850405609472
1233237152919482368
1233378121304375298
1233219200832827393
1233243484473061377
1233278385826209793
1233274569999319041
1233210979560939520
1233213989615816705
1233412264000135178
1233278316032991233
1233212479213314048
1233528948132372480
1233283543868084230
1233306616356900864
1233313899291783168
1233383041273339904
1233226237310623746
1233240492512464896
1233220795448614912
1233216006086152192
1233365294720147456
1233354767851716608
1233244711810469888
1233289390295744512
1233535785456078848
1233424212011909121
1233270792055451650
1233250466152271873
1233295956575236096
1233244480691531778
1233206586652286976
1233183283103649793
1233223314543448067
1233284194299604994
1233330819458097152
1233232962164068353
1233268789858291712
1233263241477808128
1233259624662536192
1233319561237233664
1233241835054592000
1233245423369744384
1233253296690909185
1233495901248856069
1233245959896715264
1233269014756876293
1233277968689971200
1233246549741854720
1233477090391023617
1233224403518918656
1233301197685166081
1233260429574410240
1233484288005246979
1233313783436763136
1233442729667055620
1233210787977666560
1233273497050206209
1233424040452395009
1233495888292667395
1233238666388103169
1233269270349524994
1233383205752819713
1233401790030204928
1233271886517350400
1233274298158194688
1233219299965382656
1233371980067373056
1233265798703005697
1233241324729573377
1233360576547577856
1233314116166705153
1233347927852158976
1233460914143272960
1233283239701168128
1233206714322870272
1233259486179016704
1233244275451813888
1233232789056688129
1233342704031076352
1233229207460876288
1233183108612136961
1233237908066373635
1233448325824774147
1233424677382623234
1233285041414782976
1233250480731586562
1233236509018349568
1233337315923300353
1233314150614360065
1233505310385590279
1233244883462152192
1233465804437512192
1233523459306786818
1233226312887754753
1233285181403852800
1233242571717201920
1233313249367592963
1233295797820764160
1233394957672730626
1233506408307527690
1233214695307448326
1233236972518248449
1233337289704648704
1233442658334519297
1233234035490594816
1233406735504871425
1233188916364238849
1233268142614425600
1233312635069665280
1233535601493839872
1233255059305091072
1233478289299210240
1233383817366396930
1233419153563738112
1233312691298557952
1233523394756390917
1233212358568402949
1233211614830219269
1233268449608114178
1233354892472807429
1233207521889968129
1233207526868414464
1233277130559016960
1233342285384949760
1233512522902331393
1233225125727789056
1233436858484391936
1233540826741039105
1233523882562326531
1233189525045702656
1233301424357941249
1233301248675401728
1233313655414050821
1233418164777705474
1233213703912378372
1233478126031790084
1233435746561937409
1233378410543534082
1233394906170716161
1233255388360953857
1233261153679298561
1233270414215958528
1233290864987901953
1233243875352838145
1233219942520119301
1233215198955175936
1233412497409019904
1233275282448093185
1233506412917116929
1233365458272821250
1233206830626635781
1233272017090154496
1233442705969221633
1233229409684877312
1233330298714284032
1233413630512762880
1233424685741813761
1233292542176686080
1233371269128708096
1233271150135959552
1233307787062435840
1233220450840346625
1233478102103162880
1233359528189710337
1233259953885978624
1233256790768287746
1233233247334785024
1233284219998105600
1233241416614150144
1233275379323985920
1233289421929074688
1233295134109749248
1233389730873647106
1233271979735568385
1233366091914547200
1233230021549969409
1233325630625734656
1233286940243288064
1233489476913180672
1233307709279232000
1233278238123798528
1233267255988932611
1233255718553255940
1233289203456364547
1233259999461171201
1233210231422930944
1233208678347616256
1233238306319519744
1233418525542375425
1233230929654669312
1233360702611607553
1233518048226807808
1233272611385143297
1233242511579189248
1233241585715945472
1233259715557126146
1233245251646545920
1233232890143469568
1233246928806334464
1233261936323825669
1233267218869145600
1233377139124207617
1233189578825256960
1233378310257811456
1233248505923350528
1233453535087538178
1233401903347838979
1233275178303377408
1233266351667634176
1233490252267954178
1233382949271351297
1233220628439797761
1233277355180904448
1233343279992918016
1233496295416922116
1233313240932921344
