1232633818101751808
1232802324306747392
1232765773237481472
1232530150681608192
1232544966326595584
1232689520929275908
1232730998628081664
1232537180687470593
1232707143234654209
1232718181837529090
1232627426473234433
1232500248557146112
1232591486148984832
1232748259300515842
1232469277535432704
1232672450170834945
1232660097677058048
1232796387865223168
1232584748679270400
1232651210294870016
1232486807171780608
1232807571087474688
1232557558830813186
1232650485506748417
1232731113195556866
1232689044682870784
1232677806393503744
1232577391630934017
1232638558361595904
1232760119907115009
1232684098100985857
1232671352865337345
1232500056806305792
1232712946402369536
1232470311443947520
1232713080766783488
1232537757987344384
1232639728547225600
1232544925943762944
1232672337759277058
1232627812244176896
1232789776060895233
1232457995428093953
1232615877733806080
1232796434082213890
1232772514587111424
1232523262132998144
1232464304051408897
1232666717920354304
1232694977622351873
1232632923460907011
1232494536309399553
1232671456892313608
1232688699915239426
1232807194443251715
1232518096251949057
1232487278229909504
1232778859726041088
1232551271338577920
1232468930272194561
1232694547391578112
1232747625386041347
1232766097289510912
1232695229234503683
1232458536728158212
1232615029226250240
1232754239434297346
1232712166706417669
1232656189000945665
1232493841707438080
1232761126913560578
1232544397335650309
1232571016616062977
1232801098089451520
1232706709241593856
1232551280888803328
1232753980238946304
1232772377135779842
1232615469250678785
1232464330920054786
1232718105052401665
1232694711019806722
1232766969889333260
1232537777033498625
1232591089695105025
1232796648625115136
1232564651055046658
1232603382067625984
1232480998396329984
1232801174652440576
1232690000254427136
1232621345210556416
1232615656270336001
1232754869267816449
1232468980289245184
1232754198233669633
1232656391543967744
1232771515856379904
1232564563419090944
1232660711211511815
1232724410156683264
1232765837515292677
1232707222129586177
1232458304707710976
1232614868324438017
1232628021250621440
1232487044904931330
1232639640445870081
1232682944478748675
1232622164383322113
1232772107299442688
1232633713814536192
1232487596007161856
1232583833679093761
1232523574935728128
1232493580226187266
1232772131991089153
1232784745563639809
1232706973952544773
1232602914427981825
1232671624966459393
1232719464950616068
1232712934154854402
1232487159451574272
1232807855230615552
1232597733606907905
1232457305486004225
1232475565107470336
1232808479796031488
1232578225894653953
1232614856773292033
1232577312589148165
1232602521140637696
1232475566370103296
1232620677020160000
1232802160703934464
1232671678641115138
1232645862653939715
1232578094201999360
1232801183590424583
1232645741354606592
1232545045938569217
1232523968080269312
1232706617046597634
1232689761816600580
1232457877916438528
1232678234904354816
1232748916245966848
1232795588053360641
1232627328636903424
1232777564940382210
1232584111111442432
1232610155319222273
1232558137468751872
1232470054316335105
1232475821824045058
1232510739526455296
1232771850687729664
1232475024021286913
1232695946951249921
1232538006239633410
1232621276348534792
1232778507983319040
1232494570874687488
1232469731195572224
1232458440938668032
1232765522992758784
1232590156080779264
1232814843750518784
1232492981057273856
1232784324749119489
1232564799810277382
1232802599440715779
1232665673081462784
1232522753863016448
1232713631382593536
1232773079908020224
1232790406624169989
1232814890018099200
1232731164307226626
1232713630090702849
1232747998033195010
1232597597535248386
1232499020838268928
1232766219557711876
1232536106589138944
1232603634120028160
1232550184841703424
1232492973490757634
1232784182704775170
1232650653908054021
1232627961074999296
1232753985561464833
1232672472107012096
1232463309913219074
1232814412869730304
1232754470897029121
1232457379729461249
1232530232764092416
1232766315028533249
1232591768660537344
1232577721244569605
1232795745830477825
1232596780711391232
1232795579937435648
1232614795527868417
1232743045562396672
1232482276513959938
1232760602994585601
1232701390591537157
1232505311531016192
1232644352633135105
1232591199527063552
1232754420707987456
1232463974693625856
1232557065756979200
1232784846054883330
1232584421733093376
1232591184259952640
1232730332094517248
1232651269698965505
1232671784295514112
1232724771558871042
1232536122275909634
1232530781937045504
1232695670009671680
1232765886924296192
1232707687672139776
1232706641927249921
1232517365637820421
1232801730859077635
1232784763389435904
1232523486767112199
1232550885445619712
1232481736870645760
1232683016134307840
1232801215932534796
1232543674325721088
1232665995086639104
1232713461622288391
1232778041761390598
1232620638826663936
1232725304617074691
1232749097859219457
1232678323693727745
1232753997783519232
1232736903411228673
1232689496593924096
1232644442563260416
1232741702034739200
1232511214502068224
1232719406981095424
1232570659282313216
1232731332540653568
1232807973564579842
1232766529218977792
1232487366322872320
1232713656779055105
1232577805508075520
1232505014779883520
1232524242903801857
1232660824893919232
1232457960422461440
1232790299514040320
1232577931714662402
1232544172244115457
1232475612125618177
1232578703252652039
1232754197818462211
1232688967109218305
1232660250047762436
1232712163279634433
1232487574553288707
1232689157018775552
1232499728715173891
1232807326874308611
1232603119940403200
1232801052916899841
1232731329885806595
1232469854424166401
1232689883434627072
1232644758914252800
1232543708173799425
1232583942760386561
1232550553839902721
1232701447050952704
1232565366922063872
1232487222206586881
1232482138387173376
1232683852000182274
1232694590894944256
1232583823143186432
1232621809733783554
1232754517760004102
1232597181049131008
1232632835267104768
1232644554924359681
1232464040930217985
1232499871602663424
1232695436143726592
1232789552198225921
1232457010748084225
1232530334723514369
1232765987423956992
1232572391966068738
1232603811216117761
1232476182513217536
1232783679501602817
1232615897673519104
1232695519908069387
1232493181075243008
1232700360206307328
1232620822868742145
1232707325913378822
1232506157215965184
1232801425408831488
1232493585079009283
1232536910737760256
1232457550597148673
1232543992593567745
1232633094609477634
1232493592687497217
1232695267389886471
1232544792753688576
1232730692506787840
1232688770228506626
1232760060956143616
1232802495824568320
1232584734816919553
1232543511154765824
1232597378156367872
1232591464208584707
1232678239132422144
1232747747251564544
1232766252088623104
1232719288869498880
1232622152555343873
1232620859778568192
1232724841591078918
1232748626834808838
1232772552449069056
1232564355314655236
1232807898511761410
1232748849933930496
1232544504374276096
1232656931585744896
1232742302814232577
1232730031052509185
1232474710455115776
1232604077407649793
1232795751639638016
1232742445336682497
1232789572523905024
1232498992128438278
1232457924284309504
1232583850657755136
1232544336165789697
1232736899279839233
1232771798053326850
1232730475015409666
1232677387067891714
1232493198225752066
1232700629279289346
1232677777809301504
1232518091822764034
1232678214100803584
1232584831768203265
1232796373675802624
1232551498074095617
1232583931045851136
1232639329144537088
1232505958309515265
1232665584980066306
1232724426032132099
1232748115872092161
1232457722521501696
1232468895518212096
1232814566511403013
1232511288460431360
1232632719391088641
1232754804868485120
1232610211137032193
1232748761983717377
1232747885709557760
1232813550651002880
1232772292394000387
1232551510610829312
1232597678153859072
1232801676618321921
1232499601673863168
1232724736809013258
1232556892104339456
1232701756896874497
1232707763819565056
1232724842186788864
1232700422856593409
1232499940770734082
1232621130604670978
1232808108814147588
1232650822581919744
1232736996390387714
1232701257774616579
1232742813311393792
1232789393137688577
1232688707817308160
1232511746369347584
1232493311652319232
1232475940610928640
1232753845777784833
1232486732467097600
1232706572402544640
1232656533877641217
1232730642309361665
1232700809856606211
1232596829319069697
1232650878911307776
1232754608629399552
1232500524114538496
1232813702447063042
1232536697973465089
1232801673170620416
1232724870800269316
1232602775369814017
1232558247778902016
1232620627128967168
1232591435511107584
1232499450347753472
1232518004702756864
1232577441475858432
1232724632773562370
1232550920862355456
1232695092793815040
1232545205980737537
1232511391757561856
1232683682747572224
1232725206432722944
1232505049093492737
1232627831554945026
1232558474699010048
1232706566559805440
1232494376728711168
1232814935991824384
1232802494130085889
1232481585644990466
1232789816133246980
1232645196581609472
1232801967514234880
1232660106677870593
1232469656612397056
1232712917503610880
1232616064942583808
1232620711799349248
1232730977404964864
1232677636742270977
1232550553198219264
1232609336746299392
1232464384955338752
1232458284948320258
1232469438533754880
1232760124252577792
1232536871085002754
1232713445344251904
1232488435350290433
1232517178663960576
1232615057420242944
1232510922444492803
1232748816849362946
1232677961238745090
1232729930749894659
1232672418235326465
1232633943834361863
1232551721660014593
1232565188374810624
1232557537435648000
1232736576750411784
1232690134639894529
1232801185826050051
1232724905118064640
1232736930586124289
1232558088005312513
1232783294967820289
1232638566578163712
1232747805011255296
1232814273417576448
1232609743862206464
1232463934340255744
1232731107373637632
1232511258785611782
1232550366513893377
1232730927060717572
1232500616313704448
1232584446542516225
1232545224750239745
1232790370326499328
1232808509894426624
1232564593492402176
1232511884579962880
1232706600726605825
1232469162305314816
1232748633319182338
1232597321860440064
1232795436454498305
1232660241528967168
1232660954296528897
1232796395813441537
1232766507219922944
1232536643682230273
1232701257745256448
1232487633709699078
1232660676746735616
1232790591500627969
1232570693730160640
1232773075592196100
1232499146898100224
1232463123258281984
1232724263779610625
1232683003752652802
1232695995118608384
1232488107641131008
1232694947725414400
1232760257560170496
1232458119042584577
1232777966070964224
1232748266397126657
1232671592284655617
1232603412040163328
1232523617654706176
1232457276310487041
1232493153648689152
1232494729046085632
1232784344038637568
1232557059473846272
1232736603203948550
1232748809706442752
1232550186473476096
1232713391002787840
1232754252835098624
1232659985982685186
1232778649818091527
1232754523761934344
1232524279633215489
1232524190781145091
1232615943165169664
1232777819756859393
1232725478965989377
1232683310289170432
1232760970893811714
1232475315739324416
1232602655299637248
1232615206263508994
1232760182415020032
1232731477437296641
1232627022871977984
1232457375665115136
1232536081599549440
1232633339707842560
1232671775173103617
1232801200724205569
1232563993576787968
1232677390721191936
1232645824741507073
1232706507956989952
1232807390145372166
1232614893972598784
1232749080616603649
1232557064116768768
1232603946704941057
1232493999971135489
1232724599911018496
1232590087944208384
1232707738255396864
1232683386239455234
1232590273475117056
1232730658964938753
1232795402426101760
1232558128140607489
1232598023945015296
1232783423221256192
1232564726972010496
1232464228335833088
1232458016294727680
1232632457624682496
1232530127797403649
1232591602897604608
1232771964827246592
1232551450267357184
1232543924331466752
1232500527105298434
1232486867641061377
1232784058335232000
1232656436154523648
1232742538626437121
1232537846399033344
1232754700719677447
1232537013297065984
1232584819302785024
1232522928199262208
1232725466206875653
1232481593077354496
1232759805745475584
1232457766729441280
1232638771784450048
1232517294741344256
1232724522526134273
1232725313479569411
1232683624199270402
1232564620788932609
1232487171501641728
1232660181978316801
1232789418148343808
1232743284767961089
1232754494812893185
1232551194234630144
1232644945854504960
1232627157056282624
1232813246542905345
1232645587444604928
1232609280848617472
1232771960905617415
1232616148748947457
1232695913849774082
1232564935550435328
1232766349954424843
1232571021439488002
1232482224739622912
1232487712453644291
1232557321533804544
1232583787998928896
1232597160132214784
1232564022618120192
1232537195971563520
1232475088412233728
1232494474833645568
1232666831548231681
1232457681123725312
1232814485762695169
1232487103990128642
1232512124674379777
1232603412044242944
1232807957274005504
1232578062799253504
1232672047668563970
1232736661580238850
1232724124486832128
1232609139580448768
1232742579655061507
1232457962465005568
1232694567192928258
1232522903847088129
1232695879183798273
1232808489962983424
1232543592687620102
1232572352816467968
1232789683043733504
1232796103336177667
1232749097427374080
1232772648675004419
1232753674696450055
1232683265842188288
1232499763989270529
1232795381685268481
1232645586316222466
1232701744460783618
1232814704608759809
1232505635595575296
1232517971802591232
1232749244341248002
1232759907591639040
1232481346418704384
1232771993671327744
1232683581958344710
1232463783555039233
1232463431665500161
1232499041491210241
1232564007887761410
1232511900744683520
1232615974295220224
1232487028173889536
1232545138712305664
1232638585389690881
1232603389453713410
1232550240827277312
1232469095477469185
1232807675349565447
1232577216975818752
1232457861852041217
1232487123346841600
1232494373423788033
1232537158709325824
1232736719264415744
1232463723408683008
1232684192225529858
1232789404067999753
1232754568146178054
1232529549771935745
1232544261318434817
1232518150912081921
1232615525517332480
1232748064886132736
1232801187067355136
1232638510257057795
1232813730838327297
1232487645160210432
1232650821340401671
1232795821848113153
1232621892499996675
1232627224152592384
1232505031053729792
1232480842032672768
1232677836529397765
1232796226036346880
1232510883215167490
1232468911188148224
1232712834997522433
1232784384870273026
1232469849378418688
1232480869081698309
1232632648087945218
1232695478770376706
1232463310362042370
1232627420093698049
1232603779419246593
1232650372390490113
1232736748796600320
1232627149414158336
1232510830794694660
1232707097139261440
1232789165328211971
1232736531934302212
1232742231439790080
1232796325357293568
1232488465054359553
1232583993079394304
1232633688623435777
1232638880060518401
1232584552222117889
1232743254233419778
1232558440813400064
1232493467734921218
1232723970606223361
1232790591190245378
1232584291013447680
1232476229875326977
1232638809889759233
1232564717610242049
1232677618077462528
1232482081193619457
1232761147796926464
1232639010608209920
1232481242479595520
1232729975402352640
1232706242935693313
1232500564023377921
1232571516144975872
1232777408899665925
1232725559379054594
1232784133182623744
1232712732413177857
1232633814754693120
1232565396034605056
1232742030863982592
1232633339661537280
1232543711281721345
1232790672421335043
1232570623882334208
1232748834066857984
1232742918760300544
1232511324904665088
1232474751848706048
1232493774791561216
1232645083268145152
1232718269498265600
1232724073815343105
1232808745555648513
1232578775382142976
1232615198156107776
1232632480248877057
1232736242644717568
1232748351801757698
1232777812550905856
1232557641701961728
1232545227535196160
1232544772075581441
1232765922940637184
1232463168565202944
1232557537750179840
1232492884365938688
1232570549735432192
1232777500989837315
1232482227071733765
1232706776862035973
1232713698130694144
1232713748122611712
1232759645661487104
1232790693023813633
1232578176435597313
1232597887705583617
1232659592305311746
1232701614600814593
1232749065382825985
1232565217185423360
1232469454191120384
1232772941194125312
1232772335083626496
1232596751862894599
1232571645639852034
1232596482118651908
1232638511473258497
1232789212967075841
1232730416722972672
1232665761077846018
1232795779833548800
1232626931474010117
1232741829201756160
1232796460787302401
1232516743345528833
1232789522955587586
1232493790746771456
1232760152861872128
1232645162645499904
1232759943314464771
1232598058367668224
1232777953446187013
1232538022215704578
1232759528950784002
1232590441301921792
1232557246220947456
1232468942624452613
1232801434439213056
1232694592346017792
1232814586920947715
1232529402614906881
1232597956781539328
1232735790431637509
1232522840320151552
1232712742668079105
1232755175154163714
1232665921241698304
1232524229674823680
1232551819777175552
1232730902150746114
1232706683983552512
1232584101582032896
1232747672005681154
1232500527386255361
1232475603787382784
1232615526104432642
1232644282193870848
1232529618235723777
1232754709469057024
1232550540569194496
1232695770442338304
1232583807556968449
1232616158223851520
1232511327219986432
1232585352382160896
1232650955880927232
1232577835342188544
1232712905616957441
1232517015707017218
1232672370151821314
1232802046669152257
1232537524016484352
1232487679079542784
1232565132753899526
1232565279600848896
1232656374963699712
1232736871614177280
1232747785818181634
1232638663437225989
1232712620756566016
1232729870154764289
1232486717879279617
1232761014309081090
1232754743430275073
1232678567059873793
1232660009760194563
1232551723685646336
1232707615421075456
1232808346417233920
1232633011650252800
1232544954875990016
1232772329521975298
1232584996898009088
1232736204665294859
1232616018599649280
1232621884078010370
1232481083154821120
1232656587879321609
1232712788281217026
1232585050715148288
1232577537383026689
1232737286514761728
1232701890057531392
1232487332730683394
1232724163728695299
1232620730497601536
1232683927527182337
1232500521593921538
1232492879215353857
1232737328537522178
1232608794099757061
1232493807653904386
1232695130320060418
1232813219988811777
1232543779669848064
1232626610861420544
1232729971069722626
1232621049331748864
1232621588266278912
1232633929494073344
1232713155928829953
1232808488549732355
1232544122013200384
1232517065073975296
1232638351900938240
1232689468114690049
1232644505104474112
1232801374322221056
1232719079024271361
1232813584087908352
1232695817225592833
1232565027678408704
1232802017019662336
1232470214534557696
1232694513119961088
1232529298965385216
1232660270566141952
1232558296353198080
1232493694818881538
1232666288507498496
1232462868831850496
1232498992220499968
1232671629026746369
1232523765432500225
1232638643824726017
1232736719289581570
1232558039808512000
1232530302720864257
1232603082313220097
1232563807928500224
1232801006360068097
1232632954133897216
1232736190790541312
1232609915040096256
1232591072599003137
1232683405759963136
1232610120804093952
1232725014388133890
1232557446461149184
1232772989327794176
1232598029208780801
1232544695244464130
1232695682236112898
1232487204603101184
1232530476981555200
1232505764607971329
1232807931776663553
1232795978220134402
1232814043519283200
1232677748516089858
1232789213172596736
1232677325378129920
1232783799228026880
1232706991396655107
1232511566693662721
1232701021840977920
1232603204040327169
1232564551394250752
1232469917217128451
1232518116275445760
1232700355986755584
1232712371346366464
1232543869620776960
1232620841407598592
1232689487525957633
1232627654735605760
1232735989774376966
1232457602237370368
1232694614244515840
1232666919314108417
1232506162437853184
1232789497240281088
1232463352233955328
1232639237100572672
1232743317907148800
1232500459463639041
1232627252615139328
1232632631487016961
1232772523642802181
1232627676638318592
1232457035008139270
1232511339173683200
1232771860388962304
1232565400426164224
1232524119486365697
1232530926728445953
1232645256006402048
1232713612994793472
1232677089289146368
1232814864520957952
1232500291372630017
1232506294507933696
1232604115932499970
1232597890138333185
1232736015690981377
1232565162579812353
1232464379284615168
1232772846801358848
1232719045985652736
1232783788075290625
1232511632909058048
1232706542899732480
1232615526700081152
1232677945396740096
1232500417071742977
1232730277895659521
1232558664596312065
1232511751649988609
1232737182030454785
1232551528499687424
1232536435502260226
1232458396063821829
1232741895547314176
1232801001972916226
1232707204697878534
1232701588633980928
1232724665400823811
1232688941934858240
1232736988358295552
1232671787906891777
1232666355633020929
1232802091686645760
1232807797580075008
1232766302323957760
1232773000468074497
1232602821540884481
1232550996678594560
1232755069763948545
1232591102051409920
1232632935422951424
1232529311845974017
1232765636767408128
1232718927853244418
1232457598839881728
1232590404450574336
1232724942824718336
1232760183899770882
1232666293792206848
1232522924952891392
1232771708982984704
1232790302555070466
1232616190133948416
1232807897878286336
1232544979848855553
1232494124860731392
1232656899243266049
1232492867223838721
1232765489195208706
1232565462560473090
1232493874896982016
1232512303813332992
1232621021821206528
1232584061744558086
1232505013500510208
1232590813122768897
1232529243097178112
1232790238638026753
1232627803058651137
1232701252515123200
1232790718688759809
1232627982679887872
1232678465113088001
1232570918481743872
1232468808486408192
1232748570320801792
1232759565600673795
1232707038104498177
1232544925775880192
1232742067647868929
1232469340718415872
1232517991088082944
1232578516224528384
1232666531739447296
1232621650694135808
1232644981552230406
1232796509537816586
1232808300468674561
1232677583994720258
1232753983900602369
1232596929319776257
1232505760048791552
1232597129341829120
1232802393743675394
1232706299357540352
1232602707816517632
1232584272114003968
1232749089009303553
1232689803612872710
1232474967326871552
1232577333506297858
1232713685434589184
1232621624425435136
1232778454069891072
1232683166290317314
1232475030124036096
1232499340007968769
1232550635209400327
1232609172270800897
1232701542509101057
1232719519329681409
1232597490890727424
1232463000889507841
1232678067304378373
1232790122040627200
1232724124511985664
1232584319023099905
1232500227690467328
1232577386429870080
1232778755799736321
1232499844431908864
1232537009152856064
1232516762844848129
1232493106018144257
1232518091231420423
1232725275022106624
1232615459255570432
1232801638835834880
1232659638597935104
1232558710116974592
1232689480018034690
1232639899171540994
1232590767828459521
1232500098896019456
1232578874283659264
1232719041502044160
1232529179486220289
1232683049944584194
1232731200323760128
1232475563450724352
1232671942861299714
1232778541596631041
1232783276605087744
1232772077557551104
1232638938801672193
1232584373985316864
1232730438654988289
1232597566279311360
1232615940258287617
1232577892036399105
1232551161670066182
1232518039301582848
1232802658454589441
1232505256552075267
1232754844278153217
1232570808985423873
1232731145634304003
1232487662461706241
1232772727804702720
1232796094624604161
1232766408087547904
