1227331396185751559
1227088764641693696
1227257882065817600
1227273882446503936
1227245872397742080
1227295443413061632
1227206823381524480
1227078089924075520
1227175911427960832
1227154460180275200
1227350430088216576
1227198628772614146
1227160174445633544
1227130452059860992
1227117867717603328
1227278267763380226
1227293707038285824
1227060728659693572
1227330102561771521
1227201514638151680
1227078372158668803
1227154770584051712
1227111569454034944
1227219768475815938
1227033360981118981
1227275665176760321
1227126847592390657
1227181618978267136
1227274785996050432
1227227332923908096
1227350950127468546
1227373682969980931
1227201772092973057
1227037915714347009
1227270587967582209
1227129783688974336
1227086857353203712
1227090702846320641
1227111211411460104
1227132167232376832
1227204153723588610
1227154976780079104
1227325058152005633
1227378418712375296
1227159549976539137
1227139489216290816
1227312047140016128
1227156819614801920
1227223716460888064
1227160785127796736
1227078216868909056
1227289487627165698
1227152951677874176
1227058834964828162
1227119563118141446
1227350630651568128
1227239586570612736
1227353499723132928
1227087781354016768
1227337122178371585
1227273921935757314
1227153303844184064
1227294708415770624
1227129090836176899
1227260193203007493
1227257589857079297
1227322782188527617
1227036185580777473
1227324131038957575
1227258211633369088
1227277401446658048
1227269848801001472
1227277759938007046
1227121950641643520
1227259310868226054
1227120939671965701
1227167669604012032
1227092647413575680
1227328568688025600
1227301866104655873
1227219041925898241
1227241069622038536
1227175179714990080
1227171610823495680
1227326746451742725
1227298738802003968
1227062299443089408
1227317687908478981
1227225539200634880
1227030448544632832
1227167023677001728
1227199431486787584
1227238330581913600
1227182252724867072
1227158124844535808
1227166129765810178
1227361212641533952
1227159373920661504
1227091309527257088
1227329008121131008
1227153619956486146
1227062562992246784
1227053769067642880
1227316203351351296
1227036724120969216
1227291405011300361
1227178573670125569
1227243085521768448
1227295167503187968
1227225383768076289
1227321081301696512
1227123697582051329
1227116046785499136
1227240288168448001
1227036507367788544
1227036981751840768
1227036687282257921
1227256384741355522
1227038779115892736
1227082176522588160
1227208234856931329
1227038946653138951
1227063437617963009
1227055986365480960
1227039302124789761
1227132039557632000
1227135294429790208
1227180145074556928
1227112112352137216
1227270439170461696
1227172490750787585
1227110730345930752
1227154053852954624
1227312228497600520
1227364695868264450
1227355024935837707
1227277503204450304
1227258983934812165
1227364312773201920
1227219700817563648
1227036866941046784
1227093239682883585
1227122868170870784
1227269392737525760
1227183170904305665
1227134129961152512
1227351965086224384
1227350558534701058
1227115387738824704
1227254599695962112
1227080268504322049
1227079303868899328
1227380086812241920
1227274651904114688
1227269829008199680
1227092316935995392
1227053266372120576
1227066147427606528
1227274359120842752
1227082710985793536
1227063637656752128
1227083732214935552
1227096450091409409
1227335561414877192
1227059827458920449
1227037721547272194
1227063477065240576
1227197261580468227
1227184614302789634
1227376111836786688
1227116372976517120
1227031006731030530
1227270861956231174
1227176205411143680
1227203959456174081
1227171047889395713
1227033882047811584
1227086452913319936
1227277499039731713
1227181979021406209
1227059322787528705
1227325623846277120
1227056603569934336
1227277957095403521
1227371271148703745
1227313105836879879
1227276291918815232
1227298957094719489
1227329059312603139
1227295609838866432
1227166164784046081
1227239918713352192
1227254472109367296
1227312428406444032
1227379019877715968
1227324814345560064
1227356741282779137
1227222086743031808
1227131508432855041
1227124125778501632
1227259424479285248
1227312897073831936
1227120156020703235
1227055768962244608
1227167295543242753
1227054862933856256
1227313021254586368
1227196688764301318
1227135296732401664
1227158599975276544
1227121464043884544
1227226443362504704
1227313650345615360
1227203764370771968
1227088451616403457
1227133745590784006
1227203027859312641
1227132132730056704
1227243321136832518
1227180613465067521
1227332600148221953
1227163317833228290
1227300094791172096
1227219574111772672
1227152684639232000
1227205795445522432
1227057330799378433
1227109765420965888
1227372019316133889
1227227907812134913
1227219784728748038
1227197630301822976
1227129517753479168
1227170696712740864
1227061998870941696
1227352076990271489
1227031525444554753
1227325250272145408
1227377159037169664
1227260526377492481
1227242686203056130
1227125116427014146
1227335807876370432
1227176712003145735
1227207922897367040
1227322729466122244
1227314941801238528
1227242530816741376
1227226545330237441
1227197486424641537
1227204329595002880
1227377134102106112
1227380988759683072
1227243596828553216
1227228189702922245
1227203147464134656
1227089922894356485
1227201823024435201
1227295359069605889
1227062145013239808
1227335741623152645
1227112214655569920
1227039119441833986
1227127362229157890
1227120669378265088
1227365955120041985
1227260744271527937
1227123472851243009
1227294219418533888
1227316889891852288
1227320921129701380
1227033113915559937
1227201135712362496
1227238525868728320
1227374156121071621
1227254441478213632
1227129070019862528
1227208277408092166
1227300860637540352
1227321171584176129
1227119273052643328
1227083778331422728
1227275753969963008
1227114716440350720
1227087343720394753
1227056346069164033
1227299801521369088
1227335121520472065
1227371576993009664
1227364199497687040
1227054272270848002
1227356909897801728
1227131611126411264
1227202043368001536
1227089472921067522
1227116030889205760
1227227154582097924
1227207291658817538
1227175612516724736
1227370012475822081
1227042689453088768
1227269655649230848
1227356868185645059
1227293722188165123
1227039256389881857
1227288199652925440
1227065277571125248
1227332201353707520
1227156171393511424
1227114780546105344
1227295077711527936
1227038389389553665
1227331179818487808
1227353603486208000
1227082354205679616
1227364924139151360
1227057847659356163
1227362750038495233
1227088902164340738
1227158809505943552
1227061814598492161
1227316681711792130
1227356421714567169
1227061949692645376
1227173117350436864
1227331285393268737
1227371945748029451
1227168094730235904
1227376413482733569
1227243386291314688
1227380677357772800
1227170463715069952
1227352041317687301
1227293761929203712
1227203109836836864
1227363714581630978
1227041348940902404
1227332137038360582
1227335140373909504
1227269644601311233
1227301339736219649
1227224801661480962
1227202066315169798
1227299324171825152
1227037188098908160
1227294298372050945
1227278015219916800
1227119028059029507
1227228401716678656
1227160621332017152
1227169001949876224
1227321692273422337
1227240988365742080
1227299767597903873
1227126706865147904
1227367580719099904
1227122211036815360
1227272617385701376
1227162179939360771
1227041851737346049
1227097456891973633
1227086318229958656
1227097182970335233
1227228417898119170
1227320321180622848
1227208425173667840
1227329483507740673
1227038013227700227
1227062448680624128
1227227366931431425
1227111528375169024
1227275458280067072
1227097420254896129
1227060164471271429
1227082296022319104
1227378366891819009
1227323191917498370
1227116537208700938
1227256683325468672
1227164954127552514
1227084010922352640
1227084302132711426
1227299371185733632
1227293232972869632
1227111886459633665
1227322443691413507
1227323618423640064
1227275318072733696
1227160948290588672
1227379690903687169
1227301304617271296
1227273791199436802
1227272129416179713
1227033185000787968
1227374802865926145
1227297674166198273
1227057158476320768
1227371063929077765
1227092952129900545
1227297027480002562
1227082086642700288
1227164454489657344
1227361545786707968
1227322447168462849
1227355099900583937
1227093334063243265
1227076926721773568
1227327805115027457
1227223444271575046
1227314581552467968
1227117248709627905
1227369019906248705
1227058610871488512
1227167429547048960
1227166202142683136
1227288613844467712
1227317599727476736
1227180180294135808
1227120871812321280
1227153612742197259
1227356660387237890
1227109769351245824
1227033711188725760
1227240362512535558
1227179924735373312
1227313351082041346
1227260035727679489
1227315582019735554
1227042068645675008
1227161892822581248
1227312069705420803
1227351398838362113
1227369508651851776
1227259457521901568
1227271558613229568
1227370072429256704
1227054269850890240
1227319418314788866
1227238974147715072
1227381783727104005
1227091472798765056
1227036579622989826
1227259829988872192
1227153446798643200
1227363724975124480
1227254694357032961
1227223631304044544
1227240239095091200
1227205936126840833
1227065991194005504
1227082067621470208
1227356101445730304
1227110583172042752
1227179103050227712
1227354822556475393
1227182920923799557
1227336563719331841
1227225617827061760
1227162919407964163
1227220040908464129
1227278450840555521
1227380647112691713
1227219042190209030
1227258698248015878
1227258630908645376
1227301552190316545
1227097696881782785
1227081103011237888
1227361927971602432
1227276081998127104
1227179060633067520
1227169922859429889
1227228314147770370
1227290630176542720
1227313077936361472
1227363469101395968
1227312611093569537
1227379746167644160
1227318788477063168
1227060194938478592
1227136884519862272
1227095024988348418
1227139553468669952
1227203283896471552
1227321455593115654
1227054892356980739
1227169678793084929
1227135492422094848
1227259458524516357
1227353675338743808
1227329458484523008
1227138987153739776
1227183510169014274
1227331366469197824
1227238456167788546
1227275591059001346
1227132211071258625
1227065552579022848
1227255341580091393
1227377045316915200
1227295631397605385
1227366230048329728
1227062465457987584
1227084969740103681
1227224660451975168
1227225958282862592
1227328123785621505
1227171862708281344
1227202438127439873
1227300042152775681
1227361561565466624
1227277392407867394
1227295804869791749
1227328705221054464
1227054882915381248
1227368815823998976
1227371553417039872
1227300650481897472
1227228855951339521
1227058885925785600
1227131152734932992
1227314463105220611
1227180999890493440
1227116108156723201
1227337244140359682
1227058816740708354
1227110763740979201
1227204406455808000
1227316070568075265
1227090251962896385
1227369320428294145
1227160202039791616
1227114758534504448
1227117313226354688
1227112509469007872
1227170323478413314
1227032017646174208
1227270620519464961
1227352928522047488
1227300810079514630
1227134202790862848
1227219947681505280
1227176945281982464
1227168889576005632
1227334134441422848
1227160967940919296
1227179183584899072
1227204671250415616
1227077092409516032
1227257153892818945
1227220011481210880
1227116601025187840
1227242153371324425
1227337478509600771
1227118743097987072
1227202621447868417
1227158842053554177
1227293003871588352
1227355171426054145
1227220493826215937
1227276323665502208
1227378345299496961
1227312597285793792
1227133739152572422
1227325881389133827
1227041017972449280
1227031176415571968
1227294982274535424
1227092736232378368
1227198722519584769
1227314911228891139
1227299309395357697
1227276029133234178
1227086140387123201
1227220544409333762
1227152393923481600
1227243832422518785
1227170411516837888
1227094331598745600
1227125684922765317
1227122130094936065
1227293844196204544
1227171006260736000
1227202736963424256
1227090915644170241
1227300776588009472
1227360474209013760
1227179324928753664
1227377076128407553
1227111384443445256
1227297337304727552
1227037197653757962
1227276331798253569
1227335031028355073
1227122951436165121
1227178999966617600
1227159650816208897
1227257720610250755
1227031203682844672
1227366028293922816
1227378691942027269
1227200633838632966
1227088107423485952
1227177668409315328
1227316508063387648
1227355988300308486
1227132216775340035
1227094194608574465
1227274012755021826
1227054356005978112
1227223547904483329
1227337459446566912
1227118449580601344
1227359309278990338
1227177021165514752
1227199525405646849
1227093336101658624
1227208284211335169
1227031555392069632
1227314690772082688
1227183180857217025
1227019500089856002
1227207238814593024
1227278166932193280
1227293783907282945
1227223783494144001
1227350612557336578
1227033716020666368
1227205969538580482
1227086882649100290
1227111083372154881
1227078638727655424
1227319095512748035
1227314658274693120
1227153104325365760
1227242715374448640
1227058213574467584
1227196955933069312
1227169726515646464
1227084376766283776
1227334869484802048
1227238252853121026
1227171266647343110
1227056819794829312
1227319376275296259
1227057523787735040
1227240905427451904
1227363046093402112
1227037717776805888
1227058687732310017
1227373993818296320
1227294407931523072
1227380505533960198
1227137525405364224
1227127458178056194
1227333561600151554
1227091217185329152
1227331121760931841
1227258580572737537
1227222630538850304
1227199419503849472
1227040516187009026
1227322620619698176
1227035958932934656
1227113049745739776
1227259029401014272
1227288808112128000
1227240079179108352
1227364479765139456
1227365694729314304
1227167398559670272
1227040516031819777
1227270854146285568
1227221411456061440
1227276842060701696
1227255417773940737
1227205112373878789
1227241560468791296
1227291005948395521
1227276944024076290
1227335068668088321
1227354252239966208
1227355160294260736
1227336130217095168
1227203147321479168
1227170427752996865
1227031657871499264
1227166826376744962
1227198772100263936
1227170219044605952
1227354970632093751
1227078789668253697
1227275690199797760
1227275558708547584
1227259272930758657
1227116769338220545
1227259181813653504
1227032084566433792
1227337754398294017
1227162105742147584
1227315005781086208
1227096597089091587
1227223995537293312
1227077393010978818
1227288558114951169
1227078422880493568
1227113890128875520
1227081326857261056
1227337297051430918
1227367699065368576
1227330235328352256
1227357922415476737
1227063311901970432
1227313939882684417
1227162837048549377
1227082756888248321
1227354790201634816
1227138785277669376
1227037729969455104
1227120938430238720
1227326437683847174
1227331633906438144
1227368553910689793
1227300459108610054
1227162475436609538
1227324093957103616
1227207525398872064
1227174535075512320
1227196497185460224
1227313717718765570
1227255473885212675
1227175115869192193
1227276665887158272
1227133210980564992
1227258136580567041
1227316252290494470
1227358363882749954
1227063617834627080
1227094335474171904
1227114533451251712
1227034715527557120
1227227573287079941
1227331939566333953
1227354412844224512
1227200303197351936
1227135946249736192
1227160549223387136
1227197790146584578
1227336458106802176
1227064102960283648
1227316853866979330
1227354203527491584
1227153058913636357
1227110720380297216
1227159685314338816
1227082404306857989
1227171587520159744
1227086815615574016
1227291601740980224
1227118989119303680
1227198166614720512
1227031254253441026
1227227278020685824
1227173990931845122
1227299682046676992
1227132901864693760
1227366097239842817
1227173146136137728
1227124922171916288
1227117214475546624
1227246294441299970
1227220046180540416
1227355385436278790
1227374964539449345
1227226559515217925
1227203831114715136
1227056607139418112
1227257778814607360
1227060343471366144
1227204887491932164
1227090930840170497
1227228539952488448
1227327697564598272
1227123794122199040
1227091629544214528
1227241553036378112
1227381774130569222
1227225259650113539
1227272492680695808
1227079751480725504
1227180271721701376
1227326178027020295
1227361651361550336
1227243986089201666
1227204069959159808
1227095759360671744
1227121438626205696
1227111958219902976
1227222470282874880
1227086413713137664
1227327953845080064
1227065690294771713
1227120603204734979
1227197582910210048
1227078968911654912
1227318686635167744
1227225896966410240
1227301817853337601
1227057855074885632
1227279058087694336
1227223020730802176
1227294471177605120
1227239345922301954
1227054703814553600
1227297218811629568
1227054757316923393
1227172362027536385
1227299296028110848
1227273164935311360
1227154577360687105
1227167085874139136
1227240337896173569
1227132013540364288
1227160182121123842
1227162012075134976
1227373825244819456
1227133426303672320
1227095204332572673
1227354012963495937
1227207506260299776
1227318866503749632
1227374023715311616
1227295068995772416
1227120621596770304
1227240473485430785
1227129146452537345
1227363602711142400
1227170380046974976
1227329011715579905
1227221985513611264
1227123034336714753
1227359389935382530
1227139135569182720
1227079107147706369
1227197904705601537
1227274634971746309
1227111999257153536
1227244657614172160
1227353154192318467
1227221709423546372
1227288111165722625
1227060032082268161
1227139487395807233
1227058420928278533
1227042343251038211
1227133341842853889
1227367732036825088
1227033648513208322
1227272248098246656
1227295904497053701
1227181706836402176
1227111772764524545
1227055456817991680
1227239330646675458
1227374113368559616
1227290843935117313
1227227685937721344
1227090553403129856
1227374170960531457
1227226905511784448
1227064023289491456
1227296385214681096
1227320829870006272
1227219022371905536
1227171449477238786
1227124200072151042
1227313799482552323
1227369769109614593
1227162837333749766
1227351891748716544
1227245927381028864
1227113431091884032
1227324609122512898
1227168386259542016
1227292690762518528
1227299114800553987
1227361209550278656
1227360602370322435
1227203443485532160
1227244713868234752
1227084415366463489
1227374473692708865
1227172046594924545
1227223056491274245
1227155268431163392
1227276039996497921
1227223740007645192
1227031660257890305
1227163370467446785
1227228109730004992
1227040573745291264
1227196103516282880
1227035808194056194
1227240793833795584
1227238982179647489
1227197597066158082
1227152876893429760
1227225822601236482
1227318970321195010
1227256236808310789
1227298421310197760
1227079321824591872
1227096906339254272
1227271116680396801
1227313103278366720
1227166935600680960
1227121789333049344
1227039764035051520
1227127288116006912
1227206148115267584
1227117567149408256
1227356203682082818
1227256302558117889
1227087229719212034
1227157078160093184
1227055987405836290
1227255109383528449
1227277006926159874
1227096179541975041
1227175037813379073
1227203533847638016
1227119826117648385
1227127975155396608
1227019776704180225
1227183342610599936
1227152671112671232
1227290692977864704
1227198804279144453
1227038509728509952
1227302112805167106
1227155454465396736
1227273123373907968
1227297294049038336
1227362250047901697
1227374517497946112
1227056606661107712
1227336515287646210
1227125712295022592
1227350968787849216
1227289032583000065
1227316748912939008
1227334803579703298
1227034840157081600
1227208375345262601
1227270331464765440
1227290161953665024
1227157999925579776
1227228969130434560
1227060855784792066
1227059771968294913
1227351209729609728
1227246210462826496
1227359601059913729
1227219959106936832
1227055783667519488
1227318787109801986
1227364966136721408
1227092978512125952
1227330367230750720
1227321740533080066
1227300474505879552
1227223924242571265
1227335992077668354
1227301026023297025
1227164138234957824
1227124011701686272
1227273457974628352
1227080722743119874
1227056633265688576
1227256444140974083
1227298783031111680
1227078383474892801
1227032160986513408
1227111416584273920
1227111706029109249
1227097276968910848
1227243476053626880
1227355410119774208
1227110495926149126
1227228332628021251
1227042720889196545
1227257575260991488
1227334672016969729
1227258732259794950
1227271635733970945
1227334433390419968
1227086267604783104
1227294991145259008
1227128834463424520
1227136135828164609
1227269426812194817
1227092559073337344
1227276614402289664
1227177630111170561
1227032413685059590
1227095009465266177
1227223540711079936
1227032774093213697
1227357622434701323
1227320028866977792
1227166672479563786
1227198094749597696
1227297818945171456
1227378324671877120
1227254593027018753
1227118085917827072
1227290789505650743
1227097175571582977
1227208182247723008
1227245287716118528
1227278313913307137
1227055780869943296
1227275601179889664
1227153995141042176
1227182881732210688
1227066181959462912
1227184602189484032
1227179591363485696
1227274017347735552
1227296383952093184
1227302033734209536
1227239673229168640
1227325579084603394
1227200763593662466
1227207466888372224
1227092431608242178
1227359606848004096
1227329983691051008
1227199000727539712
1227226250135187462
1227129143306915840
1227331605657792513
1227292083041579009
1227053244540538885
1227300114823335936
1227164674199699459
1227113244629725184
1227301691285999617
1227164669909008384
1227331384445935616
1227156475337797633
1227202617530601472
1227033928709500928
1227360830011797504
1227257331529875458
1227335470176186369
1227355145236877315
1227061053135245313
1227365846948777985
1227019436386852865
1227365899537022976
1227360979941457922
1227326726939824128
1227178138188308480
1227133967213576194
1227121225903697920
1227126000107933696
1227207466712207362
1227113866632392706
1227270396447059968
1227158647878406145
1227272942721097728
1227054436905697280
1227321865053573122
1227273222879633408
1227122065062256642
1227219850713600001
1227329155945181186
1227095686530945026
1227239854037061633
1227271277099925505
1227363096831954944
1227176452212150273
1227366005611147264
1227323655656542208
1227294473299742720
1227036018215444481
1227184550645772288
1227111683136671744
1227083141048872961
1227037642220605441
1227119774888595456
1227362549445877766
1227038100531994631
1227291230712684544
1227054868248043520
1227322239944712193
1227079569313714176
1227294717483745282
1227221532440760321
1227377427468427264
1227271893490663434
1227254424675868672
1227226940295254016
1227078550257197056
1227278867783651333
1227078881133416448
1227153111464185856
1227257784997015552
1227254942781431809
