1228538301641965568
1228679819308617728
1228747392914272257
1228490355944906754
1228737911098613760
1228623433287659521
1228537428845191168
1228675436063940609
1228518324624953344
1228762745916407808
1228477229283205121
1228499032806449154
1228671364967563264
1228483659558244352
1228767018142359553
1228782529261588480
1228571430977187840
1228546504794636288
1228746446297391104
1228750333448458241
1228600088068608002
1228575930198544385
1228683211523403776
1228810595417280512
1228548933309194241
1228589379498606592
1228608809700151297
1228764882830610434
1228579064249647104
1228737379504132096
1228736300804603909
1228480543190327297
1228702574217482240
1228773887745445898
1228711971165360128
1228518000380112897
1228569854292021248
1228612006581686273
1228601410226442243
1228679662634557440
1228687462928732166
1228611956959043584
1228579822655266816
1228622898111352834
1228573635998187524
1228587752544825344
1228825957068427264
1228711518935474176
1228830045592080386
1228772160992370688
1228759900425195521
1228611651676434432
1228738477229006849
1228755950258937856
1228704732153184256
1228658110757097472
1228629020826374145
1228507942573481984
1228703742725435394
1228763143469318144
1228677165316636679
1228595044430401537
1228779570754674688
1228654466259410944
1228575160036446209
1228583760343511042
1228707226946162688
1228501771263197186
1228748332840910848
1228700130527924224
1228500249255133186
1228470133934313472
1228826501916905472
1228678758946742272
1228686763939389441
1228760136044470274
1228761479609847808
1228659537634217985
1228546026308587521
1228677288650301440
1228546119304728576
1228679026274816005
1228541084155797504
1228787487562240000
1228745876061007872
1228498550989950976
1228829941057425408
1228627484700221440
1228808962708930560
1228494497878810624
1228684421659791362
1228495388346216448
1228573595238109184
1228763804818923521
1228579525199527936
1228492294803689480
1228588022234411008
1228482097012043777
1228635630109892608
1228627111272996865
1228762145933922306
1228626188458852352
1228503444987752449
1228611563654766593
1228780339524448256
1228655004275228675
1228509765321408514
1228630036195856384
1228622377489182726
1228766657843212289
1228726558799482880
1228615677063221248
1228633749480509443
1228515443666636800
1228808459644129280
1228483399880527873
1228727796823920640
1228763315020550144
1228774896576147456
1228583086511673344
1228479813523918848
1228516984582701061
1228589114360029191
1228828934730604545
1228651444556849152
1228509289658167296
1228548763326668800
1228704367559098368
1228776332169011201
1228550792870674432
1228568476895174656
1228772777710235654
1228738109245923328
1228618474554920965
1228541796017246208
1228616135123329024
1228652563781677056
1228752298261831685
1228817327153532934
1228503986027802624
1228748950473068544
1228672797515272192
1228685669712715776
1228504767502147584
1228495196901560320
1228754881302929424
1228813084371947524
1228586269875134465
1228485785713688577
1228828351822852096
1228618900809478146
1228779342295130113
1228771046939152384
1228713976130932741
1228751380019437568
1228501341334458369
1228484195946680320
1228574947527856128
1228584688710606849
1228680146304897025
1228821722297663488
1228626688755609601
1228649390450995200
1228584903874244609
1228541274904416257
1228567016803450880
1228630539181199360
1228550504290160640
1228606705094856704
1228770345022304256
1228537701168640000
1228752064655872002
1228830556751712258
1228812607580037120
1228603065382526977
1228606059155050497
1228826916645474304
1228753540258172929
1228677740687249408
1228478066424516609
1228539500973871104
1228685903083790338
1228673783483027457
1228785194032926720
1228673573176262658
1228544256416968705
1228509259203252225
1228583635953082368
1228605268889493506
1228621837929762816
1228548189063540737
1228766225561538561
1228512038223134721
1228592389905887232
1228479349881372672
1228704717833998337
1228741048572182528
1228758798074044416
1228656145138692096
1228470605667803136
1228704487742812161
1228649385795276800
1228614655381164033
1228617092879900672
1228814814723444738
1228504098112040960
1228541363148353541
1228756936499183616
1228507705343606784
1228686384182902786
1228809028588847104
1228633407002992640
1228655768989261825
1228679763125911553
1228508241115545602
1228677225903534080
1228684513338888193
1228595210889940992
1228495138608930816
1228614645344325632
1228683667612065793
1228631649467826176
1228740830267047938
1228821680430157825
1228707499232169984
1228649508650672129
1228517928833822722
1228701776414535680
1228617510104305666
1228824693781733376
1228559012498726913
1228751917603487752
1228627504463667201
1228517877944377346
1228537441964810240
1228654027329560576
1228746597057646594
1228764222722576384
1228515698789560321
1228701687008899073
1228574299465736194
1228682716201119747
1228815909101264897
1228767079945375745
1228658918521528320
1228671018035625984
1228603681773195264
1228518051102023680
1228486657428471809
1228677063697195009
1228742387016486912
1228671131898580992
1228552143029882880
1228496061658017792
1228762182407655425
1228711342443565056
1228535483665469440
1228596220685209601
1228754690097262596
1228555940150095873
1228502579098914816
1228739797927133186
1228552317546397696
1228592348172517377
1228624300409667585
1228829894299258880
1228551713302466560
1228739055548010497
1228583417433993216
1228744086368198656
1228746077316272130
1228541872634617857
1228472202493714432
1228709653116112901
1228509166177677312
1228772245725728773
1228584817396240386
1228649709893554176
1228774705504694272
1228545252270788608
1228809321414352896
1228827737705472000
1228824379624165377
1228761153641291779
1228779407554359301
1228471397728452608
1228494179153666050
1228569016899264512
1228473808887123969
1228826544283553792
1228752970948333568
1228545575504797697
1228476819806064640
1228610818218045440
1228764822457769984
1228745259196219393
1228510050534055936
1228751408075354112
1228677668469714944
1228469697462575105
1228818832128536576
1228706055833690112
1228651372955996161
1228517466311016449
1228556220438585344
1228516089039970306
1228759751648890880
1228687752763301888
1228497395664785408
1228775348721995776
1228516173630754816
1228495125212327936
1228605130263580672
1228679604329566208
1228655954574467072
1228763602775085056
1228669775309496321
1228559071369822208
1228684829811564544
1228767139080949761
1228574597311758336
1228660259687813120
1228669275348619265
1228536461269454848
1228772890872557575
1228711926341013506
1228658900511207426
1228596700119322624
1228535740369395712
1228706224708784128
1228769085758083073
1228824504769617921
1228629564949057538
1228537329599401984
1228502244397502464
1228703649976614912
1228754291223080961
1228514645620621312
1228704321740640256
1228579699414011904
1228670988369317888
1228700658171179010
1228678514787831808
1228773316514766850
1228714053234614273
1228680294569562112
1228628901661818880
1228618382607605762
1228509300731121664
1228747665376251908
1228616030659854336
1228621054400253953
1228599867032760320
1228577915673227264
1228749550866665472
1228585715489005569
1228677608704892928
1228773785416785921
1228681230050193413
1228679894000918528
1228746301195550721
1228701782131576832
1228822322712203264
1228758367616802816
1228682377183940609
1228764773120036866
1228614567741284352
1228712601019797504
1228496173897519104
1228582409576140805
1228767790892367872
1228649936784224256
1228809424128614401
1228704600091267072
1228809031092965376
1228815998280749056
1228612829403664385
1228494109544869888
1228660080767201286
1228701093426847744
1228538581829865472
1228761581292523520
1228484881992294401
1228753322951290880
1228708820958031872
1228632028590927874
1228829858739810304
1228487208920920065
1228515388905811968
1228626410799017984
1228603698722430976
1228761492956286982
1228473830533820421
1228493337855844353
1228596818319114240
1228657167928041473
1228677280756576257
1228596826246393856
1228685762377351168
1228543774906822656
1228738880435736576
1228756774171398144
1228650719567171584
1228773199011172354
1228543391836721152
1228769757912010755
1228508527825580032
1228515765424398336
1228819620095807488
1228550985779380224
1228653092565946368
1228469259132637185
1228550845396144128
1228764584804306946
1228546210622869505
1228494518938296321
1228477076761530368
1228491953987145728
1228750380303036417
1228809482077163520
1228475628401446913
1228702354423238656
1228777916764475392
1228758466505789445
1228782636539285504
1228626487542087685
1228714512590811139
1228469477689479168
1228714161690959872
1228509109491769345
1228762827717918720
1228489387886903297
1228545180258664448
1228590837124210689
1228486138769240064
1228712711636291585
1228830259547688960
1228782894405111808
1228744050657910784
1228610082117758976
1228584439405596672
1228702096431542272
1228782644005085184
1228743921129467904
1228605073531469824
1228707965269508096
1228609176617848832
1228741485916573698
1228593785929654273
1228551696025964544
1228494702166626304
1228597254463709186
1228657560456171522
1228766958201405440
1228590368641470464
1228709953973739521
1228488675308244992
1228726885493821440
1228685828114665472
1228766868950986753
1228505658728861696
1228622628341944320
1228776584783355904
1228753632151195651
1228469532769034241
1228472321503092740
1228572887302336513
1228758527876980736
1228591396011102209
1228570983138762752
1228707887758893056
1228621062658719744
1228757572477341696
1228547726297661440
1228673151761969153
1228683819701673986
1228615352009056257
1228614834616332288
1228503400444284928
1228490552213032961
1228618466766151680
1228700022612594695
1228536803512156160
1228581066799079424
1228537164524380160
1228746232400662529
1228602197535051776
1228610864355266562
1228539798194835456
1228495053149986817
1228596253459611648
1228677938935160833
1228616136696238082
1228517455770923008
1228547126268977152
1228763944862400512
1228780280728735745
1228629403271196672
1228608926033285121
1228488712968798208
1228784635468890112
1228685978031853568
1228677582809370627
1228626229776932864
1228742389134528517
1228687703983525889
1228714985301446656
1228607178723868672
1228701331315032064
1228631686142779394
1228624954100535296
1228549433341534208
1228651514547331072
1228484836660318209
1228540855696281601
1228773932095795200
1228541279274967040
1228684662547062784
1228776824072736774
1228675000057548800
1228808794966130688
1228756132719542273
1228785575223791616
1228485478879350784
1228472356223553536
1228486957082148864
1228632448990244864
1228629575762169856
1228824491691823104
1228703811574722560
1228682679111028740
1228825705187688448
1228470277241262081
1228737390321139712
1228478149924655104
1228635917897863175
1228702634237988864
1228708201631272967
1228573764004134912
1228470232261500938
1228569619146969088
1228742626909622272
1228514864542441472
1228623887992098816
1228550180762464256
1228754158674681857
1228743005563023360
1228499660139970560
1228588608665219074
1228479430999388165
1228649384851714048
1228606229347475457
1228708870849286145
1228707601011093504
1228709828870201344
1228624010457632768
1228595244805107712
1228471430603517952
1228736893237501952
1228612849586458624
1228546212757942274
1228738347062960128
1228757871934033920
1228705879106740224
1228654462136455168
1228704777187594240
1228500277788938240
1228618660496805888
1228500771689418752
1228548035535237127
1228818354405806080
1228518093108006913
1228679367632379905
1228754890962472960
1228610369427345408
1228784669472305153
1228818895768821763
1228535503714234368
1228820128164388864
1228669290292895747
1228619591229657088
1228515160727445505
1228659122934927360
1228579125004136451
1228477882348929025
1228780755091951616
1228626459100618758
1228824682691842048
1228753219192528896
1228480869561618439
1228681565615656960
1228776904263471104
1228741148660961282
1228572391225335814
1228706515332272129
1228600787431043072
1228763255864221698
1228702498229248001
1228782871172853760
1228653410896904194
1228570012723494912
1228591149411028992
1228820143477862400
1228709676113514498
1228598248098500609
1228655674277548032
1228634863634350081
1228669839910174720
1228587289393188865
1228829148048764928
1228673923862102017
1228750958579965952
1228661248239206400
1228703559958417409
1228475716775247872
1228470509664256000
1228514708950585344
1228495902827900928
1228787033889497089
1228546133082787841
1228535481324822528
1228823676948082688
1228591118201376768
1228756054026129409
1228549521707323394
1228621973065998339
1228619027116896256
1228772314902409216
1228748059514830848
1228756756366417920
1228580268719497217
1228685781734240257
1228768851346759680
1228544376533659648
1228585365038096384
1228487256597508096
1228620570389962752
1228609032505696257
1228540628260098048
1228686763004178433
1228478936406843393
1228672490408419328
1228581379060965377
1228499472973488133
1228777234623688704
1228657368348549122
1228740893018087425
1228818535872417798
1228556635921993728
1228679130201366530
1228810988092350465
1228701838142255106
1228574004081856517
1228712251860766721
1228623947354312709
1228621768786694144
1228625168077119488
1228550891722035200
1228555977206583297
1228679354630230019
1228704628214312962
1228623059470422018
1228754782535462912
1228503333666795521
1228740811254140928
1228535316111220741
1228598761745575937
1228518279599153152
1228684060739952648
1228482628799602688
1228499752209260546
1228712120654745600
1228546979636109312
1228473708634873860
1228517042883612672
1228686988209016832
1228774998250123265
1228573968287838208
1228827240470724608
1228748494191521797
1228625185521250304
1228781578404450306
1228635749546778626
1228469604009172994
1228823674154819584
1228782808656596992
1228625974859685889
1228587733146144769
1228553909561511941
1228469760012247040
1228614859279011840
1228740990321799174
1228477224216604672
1228556413808644102
1228780273623498752
1228499356744970240
1228558695073603584
1228634170584252416
1228634328587857920
1228484035296423937
1228517572837957637
1228600747018731520
1228707279035174913
1228657257480540160
1228681569679769601
1228553658679214082
1228773194342989825
1228616515227918336
1228514327147220994
1228825688058187781
1228481471242850304
1228658496536637440
1228764891135270912
1228682678217641984
1228778406038376451
1228626541208272897
1228778939381899264
1228824954709463043
1228473158748995584
1228813021528481792
1228712711716036608
1228775091456167937
1228783490730201088
1228577229380079619
1228671746301022209
1228825200973631489
1228537273966383105
1228678623084703744
1228633569385426944
1228652908851281920
1228618283974160385
1228541357653975040
1228680208841994240
1228671989541482496
1228489239978967040
1228610570137538560
1228712197057941509
1228501310481154048
1228660866381492225
1228812033824641024
1228626442713432065
1228494441859702784
1228485134606684160
1228743350540361728
1228581036096753664
1228594149315706880
1228615347156054016
1228701313782947843
1228573540301049856
1228551878683721728
1228553648088678400
1228616521712144385
1228507092715130880
1228478174553464833
1228483901611552768
1228485935328874502
1228701200637419520
1228712605016981504
1228726530404044800
1228684161277235201
1228584582280122368
1228705744104517632
1228471151489421317
1228825265289277440
1228516532671500288
1228545294058438656
1228754216698753024
1228611064666951680
1228502173463568395
1228513801823281152
1228661252890726400
1228627391351836674
1228784238650150912
1228713405751681027
1228763558948868097
1228826027176140800
1228488119286026246
1228557739246465024
1228660212984270849
1228597523880775681
1228676582337761281
1228784543617966080
1228535967432134657
1228681524855238656
1228680690729803776
1228575796190572544
1228481739628175361
1228475810853654529
1228671448857772033
1228483684556107777
1228537099533590528
1228711570756251650
1228477021556215810
1228469507661934595
1228822572487315456
1228669802203484160
1228469881257025537
1228673691669520384
1228806542159482881
1228777258413936640
1228495108913254403
1228714834017030144
1228746145083449344
1228475074329677825
1228575182979092482
1228766048826077186
1228538430100889600
1228712723606671366
1228476052844023808
1228494158953730048
1228491649879244802
1228655101943828480
1228705135129481216
1228604547569876993
1228572291992346626
1228537313161924608
1228502537730314240
1228607205982654464
1228600995636105216
1228770330740695041
1228610305837522944
1228604432025300992
1228542868987531264
1228809005163859968
1228553409835368449
1228590580566937600
1228762431796719623
1228493243207372800
1228545094879449088
1228702996361601031
1228503292843413505
1228574915143458816
1228606529311408129
1228819773988884480
1228749452627849221
1228610062358401024
1228603321713340418
1228827327083114496
1228649685549641729
1228766226744270848
1228810451498172416
1228768913686749191
1228714668065161216
1228505008183881729
1228553610990170112
1228669777201123328
1228575511644864513
1228821623760969734
1228816126743863297
1228753487267344385
1228583450174726145
1228669345599049728
1228578779934494720
1228741085519917056
1228514531397140480
1228515732603826176
1228807502839500801
1228499587083710464
1228759006182887427
1228544475846365184
1228780449578745858
1228712575942217730
1228687212654493697
1228702356025552898
1228626277109829633
1228651678410452993
1228590368893132800
1228480056001007616
1228508043396075520
1228745849158520832
1228812720599961604
1228538130447253506
1228572475425882114
1228727687080009728
1228501512415875072
1228591963944968192
1228820371438047232
1228829217669779457
1228829030868226049
1228481150374445057
1228611025060159488
1228508110211420160
1228768061232230400
1228708976432500738
1228819937684283393
1228472408085917697
1228674394190426112
1228676122562453506
1228487731589730305
1228516601827229701
1228601227706978312
1228476177892990982
1228500227277119489
1228787442938826752
1228678181915414528
1228611036112023552
1228631983653294080
1228657168699678720
1228610082457305089
1228759515048423424
1228470331196743682
1228820735264804864
1228654694840430593
1228738682997239809
1228653661879857153
1228828707130880011
1228661474219851776
1228600891495727104
1228711259350151168
1228504869629116416
1228656908984209409
1228775645628502017
1228830566369447936
1228770598748409857
1228617303777923072
1228819520321658880
1228594180659675136
1228512577308762112
1228806057411186690
1228503192452894720
1228682639474864128
1228789412529496064
1228763929465237504
