1230845566885801984
1230893741759705090
1230847672157757440
1230960661305405440
1230680424416006144
1230846498155442176
1230734776866238465
1230990601660727296
1230686719357243392
1230797578696044545
1230941044457472003
1230790903729573888
1230708891081568256
1230935122242940934
1230971457875910658
1230702751870406657
1230989172149714946
1230947597336006657
1230968997933408258
1230961289310064640
1230671292929626113
1230787215946481664
1230672345720918017
1230851636827836416
1230972496394047488
1230767230733828099
1230986056968888320
1230677452067725313
1230826511420100609
1230850504953077764
1230960895859122176
1230821441672597504
1230988946781462529
1230866431392219136
1230781879311372294
1230663494858612736
1230722853298814977
1230722369590685696
1230744959474470918
1230970024296427521
1230662823522553856
1230775721754341376
1230647004197310464
1230659013471330304
1230851266982465536
1230939709955854336
1230797921626411010
1230906423292420096
1230669490385371136
1230947536103337984
1230970884690718727
1230659220682477568
1230938638869024771
1230685989087170560
1230875599603982336
1230655723681566723
1230770986540097537
1230817383457214465
1230843631231291394
1230914731130675202
1230870830785187842
1230908826167234562
1230853808353349632
1230845101938749440
1230745549743128577
1230987865632407558
1230872479100547073
1230907628399812611
1230984454698491904
1230875359903653894
1230927170307887106
1230941374066962433
1230717082615967751
1230727886845272066
1230844876700282882
1230787482242908160
1230851178839207936
1230964473965481986
1230889113601167360
1230869837158551552
1230843279366852610
1230854511532683264
1230655679167266821
1230963449460600832
1230864947011297282
1230934622889967616
1230904802286219265
1230915485912440832
1230977111705427970
1230964829780709376
1230905810135527425
1230766593921056769
1230830429042860033
1230867275688923139
1230649454019170305
1230983981065216000
1230970612786528256
1230944135344836608
1230819888501075968
1230745735060049922
1230818678800732160
1230873436060372994
1230712074403106818
1230849431697625088
1230771497309859840
1230815050958426112
1230985195618213888
1230819263189049345
1230722652957921280
1230870962968633344
1230942088172171264
1230889000707264512
1230909672489512963
1230658645974769664
1230874079101640705
1230887314286510080
1230971165801418754
1230797096841666561
1230745820808404992
1230745779414814720
1230645287758200834
1230965673830076416
1230801402810769409
1230743637874466819
1230673257063337984
1230684549019062273
1230963891531845633
1230927098530979840
1230885764860432385
1230872369301946369
1230887133767925777
1230650135081709568
1230970024749191168
1230661525850988547
1230850825653833728
1230670897679392768
1230733535163469824
1230820358581702656
1230870460470091778
1230735197894627331
1230888372450844673
1230676004072374272
1230647330094899200
1230939727479611393
1230654929406234624
1230933864421502976
1230747260369039367
1230973277302116352
1230849801094385666
1230904938164838401
1230730481244618752
1230817008788426752
1230823684618825728
1230685199995830272
1230890012511801345
1230873237556518914
1230729523324309504
1230739461702483969
1230671617308553216
1230828522626641920
1230981549371396098
1230935599466663936
1230926802035433472
1230905595546546177
1230966128375205890
1230830706592538624
1230938450939043848
1230787255163330561
1230961416057782273
1230649492753518595
1230904430888964097
1230785881318936576
1230798958391386112
1230852184943874050
1230801471848865793
1230984977350828034
1230913001294893060
1230771698300940288
1230746252142231553
1230678897504739329
1230643409846665217
1230651201814810625
1230828465353625601
1230741885020332032
1230785194573148165
1230794057150029825
1230887441147551745
1230772238783135745
1230935053905035265
1230681126340976640
1230667423168245760
1230938999696445440
1230730001407868928
1230888766262435841
1230927058001264641
1230870682256465921
1230875580398215169
1230784520661557249
1230912554714697729
1230871594634903553
1230771397980381186
1230889972015779841
1230706774841286656
1230829127290281984
1230930236478373888
1230796332748554240
1230871020338339840
1230884705748209664
1230889431948611584
1230825777014419458
1230890669541072896
1230914174383009792
1230661383718457345
1230653209829445632
1230801414877696000
1230647944656887808
1230980989238857728
1230941590010593280
1230779384178577413
1230829822001209347
1230776448706703360
1230773578141814784
1230967995989663744
1230991500399595521
1230712605016113152
1230982345223811072
1230728100972941313
1230979082449543170
1230785224092639232
1230801730444525568
1230983360467685381
1230845343216128006
1230684109132840961
1230846972719796224
1230934729924521985
1230664087744524289
1230816289138073600
1230666695393583105
1230646496472616961
1230703527527206913
1230680486659280897
1230847157965672449
1230727658947760129
1230966730224046080
1230852864341352448
1230821823022948354
1230672089276801024
1230665970613673984
1230747782073344000
1230668678561034242
1230828896129433600
1230676276865683457
1230946575721156610
1230713019933458441
1230688883521835008
1230673494821818369
1230975804533858305
1230933734565781505
1230749425116434432
1230793909745307649
1230828088247762944
1230889552241471489
1230843708364353536
1230661883339907072
1230802191432085505
1230944668327858176
1230798106368847873
1230773278190342145
1230977557169766400
1230943879819661312
1230744688228855809
1230844042541441032
1230915288679534592
1230850428159561729
1230870841925095424
1230913425401839617
1230776501303488512
1230645927855239169
1230970919650115585
1230727994710224898
1230870361471885312
1230822510540836864
1230688592449560576
1230653604693889024
1230909976501215233
1230927428643475456
1230662090253168640
1230875439196966918
1231004492717379584
1230689514911227904
1230944148498370560
1230684156662693888
1230651730099965952
1230665861813489668
1230967166515765249
1230904954921082881
1230963348512165889
1230736435927371777
1230851439980957697
1230991324188266496
1230672684297703424
1230666586643738631
1230966011131617281
1230728785932115973
1230990567292784640
1230930246871986176
1230933691045687298
1230890776869117955
1230831117080694784
1230973600691294208
1230985996969402368
1230798356709986304
1230773833692479489
1230777673024184326
1230905008910106626
1230746564089352194
1230906456238706688
1230708720989917184
1230934822610259970
1230884684621545472
1230742895222616064
1230888458828292096
1230816807675514880
1230713267070201856
1230890034880032770
1230716892655964163
1230843361218576385
1230990684645134336
1230656016171204609
1230730987081887744
1230872072248872960
1230984729773694976
1230708766980468742
1230670980755881985
1230990101481771009
1230892360332001281
1230818497997025280
1230771439529123846
1230827102053818368
1230705407745613824
1230867360107638786
1230679318671421441
1230845936789807107
1230846818419789824
1230867465846099968
1230775743887659008
1230932130110177285
1230865663935369221
1230946792944128001
1230657232611631112
1230675989690122240
1230966764776960000
1230687898074136577
1230943361432817664
1230935954061479937
1230846070730579969
1230909248999174144
1230725193124831232
1230794446465200129
1230893844410978304
1230868100393861127
1230788367211692033
1230947932746264576
1230869313801904131
1230980723500183552
1230784254650527745
1230865008050888704
1230876152174006272
1230668963866140673
1230824201990410240
1230935962638864385
1230662596245610496
1230778650150109185
1230974167928930304
1230659150914478083
1230824486930305024
1230665787775389696
1230874708113051648
1230739251760779271
1230821818505654273
1230936157677973504
1230661347920269322
1230738109844713474
1230824800840495105
1230963114012807169
1230943051197091846
1230960262599016449
1231005627155197952
1230727022134976514
1230817120365219841
1230876453618814979
1230847353432600576
1230948295561768960
1230988273482420229
1230651972291661825
1230905540240388097
1230969556300181506
1230888015460995073
1230928016978649097
1230667399269175297
1230931134285893632
1230889452257628161
1230712035555438592
1230970365444313094
1230712955563466754
1230911578129784832
1230889904726364160
1230747145872932866
1230790192107151361
1230733383199707136
1230710601896222720
1230656780650319873
1230913915904778241
1230928825212702720
1230819673060433921
1230889540031832065
1230981774030843907
1230676199237672963
1230934709485441024
1230983012055224320
1230648784809578496
1230942522249293829
1230942564389285888
1230907704065056769
1230788117382279171
1230988227533852675
1230678008048037888
1230965026275647488
1231005548604272643
1230827360959811584
1230935019214057473
1230659854634602496
1230784152963731457
1230978417123889153
1230649333856342016
1230705929403826189
1230853349232304129
1230937597691809798
1230870395592544261
1230915891728191491
1230769211007361024
1230821704663891968
1230912310732099586
1230874278834450432
1230913130269749249
1230989089907802112
1230775130709614592
1230937546395287552
1230748240489799680
1230975923987648513
1230745621767716866
1230945166476791808
1231005195406057473
1230689116498477056
1230965315598680065
1230943171087159296
1230782351677870080
1230737157314113536
1230745831684235266
1230707769805660161
1230828900378447872
1230884644050153473
1230664259480309761
1230961148012482560
1230748393418346498
1230977946753490946
1230870513590861824
1230792744236392449
1230831555087650816
1230891061549109248
1230675517465956352
1230927913572237312
1230822748915732480
1230910733816418306
1230888968956280835
1230820255372587013
1230774918322671617
1230707801539743745
1230769563031068678
1230849941490323457
1230854002792812545
1230854645511270401
1230729808646037504
1230852033948852229
1230845900681076736
1230889179619319809
1230961670140227584
1230737275144691712
1230816723642662912
1230714906153848833
1230947442025209856
1230852537789497344
1230683228152852480
1230942627060756480
1230826865226604545
1230893024198168576
1230827910837063681
1230779328918515713
1230972590543470593
1230737004070989829
1230819480080658435
1230802003682570243
1230714385326206976
1230846275110739971
1230984405633708032
1230972455323234305
1230645506365370368
1230890282750763008
1230821254426480645
1230913015546933250
1230815272103272448
1230827676782530560
1230972752619638785
1230847487776346112
1230869336358817793
1230991714065600512
1230893179961888768
1230982961505488896
1230904323401539587
1230674057680621568
1230780167968055296
1230766421153468417
1230819527870623746
1230874443771240448
1230665466382835715
1230773500681437185
1230710859816529923
1230726382251995139
1230932235836174338
1230788912681029632
1230779486284779520
1230983783731490816
1230825660563755008
1230915718440460288
1230797410579841024
1230970025139462145
1230942543602429953
1230798022071771142
1230933174605295616
1230891133435338760
1230706986452279298
1230931060269211648
1230733181868892160
1230977492569247745
1230933899997564935
1230851888276336650
1230909391139942400
1230793835804024832
1230749652405768192
1230708474541047808
1230911662036791297
1230846966730498048
1230685712506179585
1230869304666660864
1230799369496145920
1230889030155411458
1230907438779568131
1230662271673614336
1230776528960663552
1230976782465191937
1230848103139250177
1230977715941117953
1230646803286155270
1230876443292225536
1230689560679464960
1230852813342814210
1230740169378025475
1230675561254514689
1230887305298268160
1230967126049148931
1230783427869380608
1230933567863169025
1230798187541057536
1230869028044001283
1230657134465077250
1230678426174083073
1230874560427368448
1230668583967109122
1230741140808142849
1230969762701688832
1230748976376270848
1230774523479257088
1230982749957361665
1230906361074143233
1230845558803357696
1230709054776827905
1230966390405730304
1230683925900648449
1230892065996857345
1230688457535574018
1230680882240991233
1230944593765638144
1230925793938694144
1230948785519546368
1230704891623903232
1230990111480791046
1230975014624727040
1230847722837569537
1230939023281139712
1230846882689085440
1230824606761672704
1230772966872338432
1230823763320725508
1230937375490158592
1230847248118009856
1230768838712541184
1230667490403004416
1230843275839451142
1230890100948520962
1230790007297699841
1230718386209841156
1230888036122030082
1230716856404545537
1230687953006907400
1230786439022956544
1230915146006106113
1230730183545507842
1230779921582239744
1230657875489329153
1230831009186361345
1230937752968941569
1230648615850274816
1230825795406454784
1230680860631937026
1230848325206724610
1230827043652239360
1230868142131437569
1230645184884396032
1230905395738226690
1230739037113081856
1230673216672169984
1230710561333071872
1230708345108959233
1230926299146752000
1230888540411715586
1230845318926716928
1230743940510310400
1230706579185389574
1230747713907519489
1230870937790296066
1230944454338441216
1230874816904749056
1230931150178312192
1230907990150176768
1230794622470848514
1230890642395537408
1230715353409310722
1230669649655693312
1230670242688335873
1230870192089071624
1230649426240126977
1230824250061152256
1230790801153777665
1230669284612788224
1231004765108105216
1230913627357663232
1230929903731822594
1230888342373490689
1230945316293054464
1230661732089180161
1230889653609230338
1230945829437026311
1230734918109388800
1230706848262569984
1230962344752111616
1230768044919537664
1230854201942642688
1230910443662778369
1230703139881246720
1230733136805289985
1230906924113244160
1230990584019472385
1230938128732577792
1230820608839020547
1230964906595192833
1230794720743264256
1230739397445685249
1230796559782236162
1230724454319177731
1230964053411074048
1230960404370743296
1230817718355611648
1230852093398933504
1230888841256427520
1230673412219031552
1230943439832965121
1230915366018277376
1230659562560049152
1230714695490818052
1230849937648295937
1230979983872593927
1230885890592997376
1230885139334516737
1230961390648774660
1230682497328959488
1230967238846488578
1230674422132092930
1230799918530355202
1230940089557098508
1230704184787226626
1230972297047158785
1230672074177253377
1230673171566780417
1230732843543715840
1230719853650014210
1230851562680930304
1230647632256741376
1230941165861687297
1230721540779462656
1230655991336833024
1230726879176323072
1230938262874796033
1230767617960316931
1230846395684466689
1230892200101400579
1230908332480847877
1230655494114680837
1230890604764241920
1231004351533064194
1230913825819394048
1230749278613540865
1230985883408633861
1230740682601484288
1230719472186445824
1230928215021170699
1230875746220101639
1230730303620075520
1230777472922243072
1230689200313421829
1230766172674506752
1230934398180130817
1230874183812423681
1230850429166084097
1230788368931414018
1230969771576918017
1230766199652278273
1230892549709103107
1230729021245116417
1230868495413411842
1230819986278535173
1230963367562633219
1230719655351746563
1230929227647791107
1230829494065356800
1230890434886426624
1230829042531737601
1230870173172801537
1230822790477107206
1230685738074689541
1230750113179422721
1230745740290322433
1230938367313031170
1230875000405553152
1230960500252368898
1230972348146356224
1230772432547377154
1230794258061369347
1230669269102292992
1230889114532220928
1230738446357909504
1230966414799847425
1230707332826271745
1230686223770906624
1230887133419798540
1230715353203798019
1230977062753722368
1230735485955272704
1230711241787793408
1230985940048470016
1230709604528488449
1230908876893106178
1230976337172713484
1230689802866921472
1230944687781011457
1230939447082070017
1230948839579742208
1230944760933822467
1230785835425042433
1230866145433079808
1230801602648342530
1230665305258524672
1230845944721108993
1230783382897876992
1230787373262200833
1230844383701815297
1230933369908678656
1230794763395166208
1230893219564654592
1230886522083168257
1230746471344902145
1230771093561962496
1230913684802719744
1230849917335113728
1230991446242496512
1230676071407730689
1230827660139487232
1230873003774431237
1230974305439244288
1230722914850201600
1230867240091815938
1230687895838588929
1230771180648321024
1230672612902068225
1230980262621831169
1230656122832310272
1230797791267565568
1230818840105238531
1230674252745072642
1230676819990343680
1230676665396842500
1230668725696770050
1230931080355680259
1230991530724335616
1230775109968744448
1230743958977822720
1230915806596255744
1230725825307144194
1230968161102684161
1230706933423673351
1230969591033159681
1230980073957789697
1230868594839425025
1230873319865569285
1230651660403298304
1230681861531340800
1230843947733282817
1230801636542599173
1230796764749299713
1230975570177134592
1230985688977330177
1230818134132609029
1230707358625488896
1230782037629579264
1230779684125843456
1230983843718496256
1230894005484867585
1230662974349533184
1230893468924465155
1230870423203721216
1230670953316745218
1230814996352962560
1230925432846987265
1230688974626271232
1230914791943921669
1230651142343811072
1230786878263234560
1231005165265666049
1230853029231919104
1230799696232239104
1230942414623444994
1230962334362894337
1230777939576311808
1230867006737567744
1230930882447519744
1230816816001429504
1230703745157087234
1230658477724401664
1230741397285654528
1230827394661076995
1230845058599047168
1230855510531944449
1230743376091209728
1230794622298939392
1230767476549419008
1230650807546085376
1230744074417668096
1230830234779312128
1230827842520285195
1230827660139548673
1230736747509600256
1230772147112435715
1230974139739070464
1230729301475000320
1230745413268852737
1230915152331059200
1230789517780504577
1230792433262321665
1230767885972148224
1230946682084495360
1230664014008442880
1230969503988609024
1230911823362297857
1230685760895893504
1230688989889298432
1230674359653748736
1230660863394185222
1230651330039099394
1230908411770003456
1230842450509328385
1230715177336635395
1230870841170317313
1230713789034549248
1230893893543235584
1230802487524954118
1230905076664995840
1230927727475220481
1230778484223545346
1230912776517935104
1230715429854703617
1230780210208854017
1230664511805198337
1230703351035092992
1230823609339346944
1230939882932981760
1230966283262418949
1230725011670855685
1230735367906578432
1230718817937977345
1230793761673736192
1230965396183842817
1230849429525204992
1230736782884388865
1230891133338714112
1230685162373025799
1230915210229305346
1230963565500272640
1230945436225146880
1230911129372610560
1230905682599333888
1230687944983433216
1230643934323343360
1230785179830145024
1230786280210010114
1230722594728398848
1230949154647674880
1230819691079143425
1230845202983718912
1230783853251481600
1230686642756734977
1230678642880987136
1230800176710856707
1230827194139783169
1230940137711902721
1230704596084912128
1230742332556771328
1230794985219350534
1230793499412508673
1230777419310804992
1230984538148524032
1230991056772247552
1230927122690121730
1230648539933335552
1230674144372678658
1230948655726759936
1230967774165508097
1230788484622843904
1230661899596988416
1230874570166542336
1230876283782995969
1231004841943527424
1230652686451777536
1230904275896852480
1230972287408537601
1230925865980022785
1230735407907651588
1230963323337924608
1230985387427934208
1230734654816210949
1230975350865367042
1230702769889169409
1230991337572511750
1230824052421324800
1230976169207615489
1230926051812888577
1230711671410184201
1230788513257398272
1230944736434765824
1230675583916314624
1230910583811084289
1230732374146600961
1230788517959098369
1230870342878539783
1230776890652160001
1230853991397036032
1230704211404320770
1230720660931891200
1230655580102000641
1230977958065692673
1230893724500209664
1230914745001103360
1230661054654320642
1230971808335171585
1230990381564747776
1230947771936460800
1230870909877133313
1230773076394049543
1230652626527756290
1230795594974646272
1230853670583066624
1230979020923326464
1230906402392154113
1230911042084958208
1230651633580687360
1230771424786178048
1230845064533987331
1230770159763087361
1230784684646207488
1230703143907811328
1230890790626512902
1230686777821650945
1230847644089454592
1230790166748393472
1230961667326062595
1230719827804770306
1230909928447062016
1230980670496870401
1230677434275516416
1230737692565983232
1230789717790097409
1230772760147722247
1230915745166626818
1230827740221198338
1230842223069102084
1230979161436626944
1230890317437521920
1230720791085338624
1230795340896321536
1230844689626075138
1230729683064328192
1230770488273559555
1230821724389695488
1230875375284236291
1230718490358583299
1230766727832555522
1230705282981888000
1230649401066115078
1230646586331615232
1230777650844561408
1230706872103002114
1230646619583938561
1230984998997630977
1230964906830200832
1230913878252388352
1230845031239409665
1230941045535444996
1230887954865905665
1230765812597702656
1230891125189304327
1230894107188441089
1230682060404273155
1230662484392120320
1230646243384287232
1230661785277128704
1230969297599713280
1230961878060367878
1230793224089952257
1230705098096930819
1230964765788430343
1230987379483316224
1230907673723490305
1230779615452520455
1230831102278930433
1230853377757548544
1230829008327069696
1230891448347906051
1230652282955587584
1230648357258956802
1230945264745287681
1230817345742004224
1230933941714137089
1230927407756038146
1230722996194562049
1230789729987133440
1230735320649326592
1230733815410130945
1230710974492987396
1230704531773648897
1230989000338362368
1230831458991738881
1230891278746910725
1230945276346716162
1230964954888433665
1230875364446130177
1230963241196695559
1230721196611620865
