1231217470360506370
1231167886619742208
1231282233148833794
1231026079403515904
1231018196213387266
1231239820774645760
1231264997524877312
1231194333929496576
1231131293351460864
1231253140806283264
1231069553788162049
1231164204029071362
1231230360425361408
1231032404527210496
1231075714545278976
1231192236815192066
1231251562082684928
1231131969263566850
1231258165414518785
1231286112154337280
1231067865874223104
1231294681612521472
1231198221927690242
1231253692080414721
1231257517239369729
1231130867436793856
1231031478122770432
1231257594645360642
1231009713438982144
1231187032942227456
1231028994679508996
1231268599270125572
1231300867866931201
1231311305371463680
1231259663749877761
1231063889321873414
1231140599501213696
1231171584938958848
1231072652665614338
1231266644661592064
1231313115737993216
1231304717491372033
1231052803289833477
1231135472484745216
1231104493879562240
1231265080924348416
1231027681078083584
1231296003405307904
1231309690728001537
1231014153420144645
1231208774154825728
1231283475094933507
1231130576205369347
1231022654158757889
1231238263693873158
1231211689019871234
1231306704697978880
1231305104910884864
1231192664483258368
1231057277265883136
1231212235193815040
1231236564921049089
1231310873530183685
1231033478105518080
1231005826904662017
1231189091963875328
1231301125095219207
1231188677990244356
1231241021108846592
1231294719180918784
1231258471775002624
1231229765237051396
1231060886996967424
1231014091394887682
1231238769417891840
1231313015649316864
1231006883005321217
1231261133488738304
1231268515535085569
1231235532161789952
1231190486389407745
1231169031110967296
1231287168514965504
1231239464267046912
1231053154575355904
1231006795918786561
1231056834405945344
1231035557095997440
1231259450389909504
1231305466212319232
1231282874470539266
1231033431829762048
1231156081499496450
1231029744004517889
1231133990762901504
1231050434757836807
1231218464708317186
1231049425990160384
1231312398876803072
1231098375019339781
1231231311043416064
1231285426616459265
1231299881471397888
1231054048717086723
1231025140907020288
1231092730790469632
1231106318326550528
1231186538412662784
1231237785165524993
1231006699005177857
1231296281483579397
1231011212499881984
1231213447825612800
1231283251869888512
1231303762398121986
1231198157595262976
1231231694495211521
1231101723642515456
1231034123915005952
1231159203399598080
1231051444587048960
1231260543870210048
1231098074677862405
1231298591882264577
1231033112873897985
1231289037320749057
1231219598160060416
1231232571360415744
1231298318120235008
1231100554723627009
1231111812877312002
1231302998208454656
1231195261898280960
1231266635765309440
1231017666346795008
1231094253679300608
1231136631391948802
1231290008499179521
1231266162346004480
1231073931269943296
1231036894613405697
1231209902594543619
1231262516090679297
1231067573191446528
1231168275104456705
1231291003123982336
1231229484831035397
1231270238513238016
1231111612817231872
1231197258638430209
1231197422040342528
1231075818505457664
1231032626539970561
1231101052876967936
1231074416794066944
1231129919956013056
1231161272349200385
1231192583847567365
1231194612297019393
1231156962940850176
1231104616453947392
1231251875124527104
1231051684543188995
1231261674449096706
1231050506623209473
1231170036208934912
1231267830483435520
1231064703721496576
1231264403263250433
1231036564723007489
1231063667694653441
1231013227284197381
1231195584851304448
1231229585297149958
1231287540922978304
1231210168618110976
1231192814748303364
1231108888424075266
1231307766461075456
1231133435810287616
1231050273973358592
1231269359735074816
1231036940532584448
1231159523122876416
1231238070277681152
1231135938706919424
1231091048463495170
1231009504138891271
1231027605836455936
1231186912498667520
1231297266809556993
1231169141853147138
1231066139914010624
1231256451412348929
1231185213390282752
1231251181797871626
1231298459195629570
1231022186598518784
1231099957060554752
1231136539243094016
1231025112767287296
1231286009708589058
1231251533817212929
1231191336914694145
1231060557811286016
1231011325918109696
1231005927085682695
1231163674477264896
1231060458502643715
1231035713707270149
1231062386410315776
1231287555787718665
1231011418650136576
1231129564635529217
1231097815008346112
1231309302855585793
1231230880775069697
1231261156729163776
1231286334163165185
1231068992988516354
1231099192594051072
1231166527069544454
1231215439600066562
1231192491312939009
1231105238075088897
1231026008834310145
1231282108062195713
1231015040137953282
1231184370133688321
1231056439533137920
1231109755676037121
1231135868280131586
1231066150630543360
1231020657841975296
1231070084829007872
1231018467974926337
1231210636601778176
1231032319659528194
1231215154907537409
1231131767488294912
1231057122592350208
1231229744311566337
1231310496952922114
1231061667691130881
1231166528587829248
1231052233917136896
1231308620614262790
1231252626525827072
1231284676905574400
1231215975837523970
1231015020009377792
1231110150871756801
1231209457490825221
1231188166570323968
1231165715694129152
1231217573171085312
1231110474420244480
1231231593840168961
1231138454567698432
1231235804980285440
1231312676837523457
1231251153255587840
1231141762770571265
1231142829038002177
1231236073218592768
1231171513434308608
1231131147410780160
1231171741872820224
1231091706155720705
1231057821107507200
1231239082573017088
1231216431255060480
1231132181231067136
1231023387255832576
1231240080309747712
1231165979104727046
1231232325285007361
1231296843696549889
1231159045454794752
1231024269410230272
1231283515246903297
1231212696030392320
1231098230659833856
1231023775606595584
1231062580182937600
1231301313264259077
1231033706480979968
1231140031030390784
1231253833713537024
1231240069681483777
1231131273499942912
1231266908298600448
1231234189678272516
1231297405112463360
1231313049790840833
1231020157264261121
1231231088695136257
1231134991154761729
1231110683594383360
1231006060108042240
1231140762219405314
1231308493010894848
1231011749467480065
1231022333583736832
1231010950339166208
1231302819824701449
1231141279326752772
1231108502422159361
1231237953562824706
1231066603254505472
1231294362870521859
1231305726091563011
1231159304918454272
1231219509022937089
1231070604129796096
1231104077091594240
1231017396204257280
1231133485320024064
1231033210676666375
1231051163426000896
1231032854940913664
1231282557414772736
1231255679509250048
1231156323988987904
1231169870122770432
1231095389727514624
1231252099993931778
1231106982330765312
1231311460929855491
1231305400554668032
1231194892430434305
1231098245050331136
1231306263016792064
1231241001722949633
1231259080720818188
1231069532145569794
1231161375025594368
1231265660539412481
1231258246154985473
1231219622659215360
1231053425862946817
1231034884015083521
1231092426741370881
1231297762366500869
1231112142272679937
1231306229529686017
1231161449428463616
1231013019284582407
1231057330390863872
1231010540790730753
1231298070618439680
1231166696167051264
1231052468307390464
1231032937883136001
1231020957306892288
1231210604829917189
1231265376291475458
1231166820889038848
1231110527989870592
1231313852928798722
1231269405440561152
1231215806559571975
1231139955629576194
1231184309152817153
1231232412744605696
1231075993382801408
1231258710380445696
1231256601559998464
1231215994330181632
1231193414051385345
1231161321959411712
1231263348395773952
1231063750620450823
1231218807252742144
1231036441473323008
1231134024711565312
1231138933548908544
1231092588205268997
1231092346202144768
1231067493428424705
1231233375119331328
1231069132025745408
1231258085160816640
1231193553923080192
1231169241329651712
1231311825398042624
1231026322752909312
1231195642363437057
1231035817193177088
1231267554695548935
1231315507644706816
1231190250258436097
1231131901726879744
1231260233378533376
1231300334984847360
1231312000690589697
1231106837547634688
1231138497756639238
1231232446705885189
1231255620587851784
1231266208248467461
1231300581723115522
1231051525721489408
1231289462707163138
1231291197865385985
1231158327096291331
1231144268162617344
1231312801832087553
1231217885206523904
1231172893670809600
1231306100244242432
1231184272716746753
1231057990767304705
1231162748559429634
1231115412022034435
1231103547422453760
1231283154394263552
1231232763023548416
1231066044187410433
1231302965169926150
1231191295596679168
1231016873279418368
1231056132359081985
1231098174825091072
1231196274570846211
1231102279475965953
1231060514131894272
1231251954468376576
1231288557228249088
1231297365618962433
1231101274088603648
1231303420251762689
1231237559776202752
1231060391368609797
1231031871129055235
1231051175241355265
1231169236220940290
1231302477208850432
1231312008617873410
1231013137618358272
1231288813680349185
1231061021843845120
1231188945830055937
1231033093865295874
1231134102155386880
1231162565759094784
1231267315704061953
1231286752020779014
1231137501152038912
1231198205204992000
1231103900662390785
1231293247294709762
1231302381217824768
1231214922832367617
1231166851058585601
1231240115034316800
1231211890753146883
1231256237339099136
1231172257961005056
1231025291318976512
1231012103248498688
1231060487447732224
1231053717589430272
1231157699770929152
1231103345357664259
1231165741585620992
1231210890030022656
1231257705349820416
1231018789535453184
1231013946204868613
1231063998251950081
1231075979226824704
1231141880441843712
1231309054313684993
1231191407521497088
1231219600903360512
1231233362754514944
1231212469248356352
1231189320230416384
1231098183784132608
1231142124923392000
1231032054571102213
1231070259328831489
1231033270688608258
1231312675159920647
1231115579714568192
1231298336184864768
1231258709730316290
1231258867327066113
1231016989809872897
1231259418454614023
1231015319227027456
1231302781828554753
1231130323985010688
1231266767705661441
1231210918899585024
1231105609648361478
1231293061977735168
1231312677886210048
1231059019265200128
1231195820478914563
1231166668082012160
1231134705589858304
1231270080727732225
1231295868298551301
1231070072136855552
1231296314052403201
1231192765213462529
1231305816743063552
1231257983176175616
1231170402774183937
1231094022699008000
1231160328777584645
1231141641169162240
1231033635643387904
1231266655268933632
1231013958120878081
1231071563362881536
1231230193819209728
1231167698886787074
1231296259551567872
1231026899989729281
1231101674003091461
1231209090057211911
1231012074115018752
1231255281356693515
1231049998806155264
1231269529348648961
1231312686937296896
1231105353535934465
1231060337857720321
1231240922274451456
1231250849092993031
1231051169004281857
1231216996345270272
1231165745943343104
1231011207445803014
1231032218010583040
1231196118098137088
1231167581295235073
1231028588297715712
1231260823307325444
1231253317965303809
1231053203493486594
1231252264309800961
1231110535933919233
1231055264238800896
1231107928322641921
1231250857527775233
1231100425643884544
1231110734823772160
1231262683426521089
1231112042439901185
1231231206626381824
1231058222867288064
1231029504673566721
1231155891828736000
1231253956346531841
1231020214034190336
1231196558172934144
1231007807907999744
1231026501577039876
1231102552327872512
1231144529459179520
1231006451289620480
1231062828376870912
1231185796385763328
1231291462878449664
1231157735380549634
1231194834859417602
1231072274477772800
1231193975018655744
1231068246847229953
1231210813387681797
1231305237731926016
1231069638496120832
1231209185062400000
1231144283312394243
1231293050892230657
1231259656561070083
1231131244252950529
1231253393441742849
1231287058825695233
1231156033331982336
1231009841428205568
1231164665582870529
1231157555784753152
1231298452606373889
1231015323551358976
1231185632208261122
1231163861023117314
1231138282882445315
1231132391793557505
1231097538993967105
1231069346887274496
1231132392108253184
1231030177511034882
1231234736313577473
1231139547783712768
1231229626363600896
1231144230002810880
1231061185488965632
1231287423738564609
1231160896166096896
1231186155703390208
1231298944627552257
1231212913827991555
1231261660406353920
1231075208783482880
1231193908895518720
1231191608474906624
1231024456186957825
1231052271007387648
1231165661344342016
1231283866251427840
1231298810770534401
1231292202313080833
1231305094907363328
1231212408607322112
1231252425597542400
1231114359113428992
1231137135899529222
1231314164678844417
1231229191271485440
1231055501988790273
1231172303267954689
1231160273915899907
1231269253283708928
1231163620026933249
1231292362799763456
1231102197024378881
1231162932437962753
1231164237050859520
1231295726254202881
1231022117153640449
1231162356903923713
1231158979411300354
1231283384141467649
1231184479873404930
1231257449388290048
1231268050416128000
1231144393106739200
1231310928005783555
1231130451974094849
1231158055938560001
1231051705288015872
1231018006203043840
1231215150985883649
1231288184358592512
1231131239236751365
1231267290131443714
1231097210806337537
1231294467740766215
1231134881188478976
1231213874805985280
1231132587600510978
1231289938752286720
1231254850651840518
1231217115836878848
1231010211164344320
1231253317013196800
1231269022034870273
1231102261289353216
1231191423334006785
1231290570305232896
1231075867016613888
1231301238479826950
1231251347749691393
1231066968850984960
1231240320500846592
1231142254749847554
1231290290578784256
1231054100751515649
1231305593849249793
1231263942313414658
1231024097020317702
1231050359717683200
1231108782584979456
1231212124770164738
1231197037183541248
1231167996472758272
1231014121061208065
1231304028224708608
1231102698969157632
1231020560991256578
1231063596416716801
1231062056062857216
1231017508829679616
1231142730610302976
1231295693660315649
1231303004973936640
1231095278981115904
1231023428364382209
1231073979240087554
1231265488514273280
1231190735145226240
1231161372831932417
1231268290137337856
1231028300262379522
1231213367496282112
1231289121160736768
1231068276949688320
1231194457220870154
1231063898779815936
1231292960802770945
1231300996271243265
1231167622361817088
1231156301763248129
1231006522341150720
1231014907149086720
1231289857659547649
1231289609855946754
1231240563103555585
1231216786756001793
1231076015750840321
1231260207965097984
1231190682301280260
1231158507296022528
1231011540528066560
1231260382460645376
1231290006578376708
1231208982783700992
1231212224636760064
1231097045991219203
1231252191807016960
1231285267534770176
1231184534172909568
1231026525862010880
1231021787154198533
1231303040273145856
1231194082946449408
1231295203195150339
1231268012696752129
1231264073356136450
1231092301977575425
1231298097998856192
1231057964297003016
1231166472988192770
1231290871099715585
1231144727581356032
1231303359170260992
1231261368600408064
1231029532142034945
1231112460247224321
1231208393274281986
1231261754119688198
1231142515316842497
1231217553013276672
1231057740254130177
1231289377877348356
1231010117782511616
1231255904680599552
1231070940865253376
1231252878695837696
1231230766216044544
1231268463664128001
1231231298548584448
1231008078197329921
1231027324126212097
1231306852668932096
1231138049570021377
1231070439612407809
1231092559088275457
1231171653801070592
1231304838463574017
1231008557161680897
1231056895949103104
1231265903200763905
1231286145297899520
1231269858358198275
1231311879278034950
1231157248832884736
1231052083832422400
1231209184030527488
1231098079748771840
1231284191960141827
1231270167952404480
1231268886789517313
1231195251609686016
1231162669614297088
1231091329251172353
1231095556061171712
1231167797159481344
1231170208129114113
1231294719856201728
1231299080715821056
1231012727335735296
1231112049511542784
1231111232163393536
1231051294468603906
1231254612948275200
1231166210785599488
1231132423162757120
1231101276663906306
1231170719662383104
1231314282681253888
1231257498562125824
1231099388048465920
1231014278670508039
1231019643059367936
1231014400028397570
1231026001418711040
1231137830665097216
1231286383014293504
1231021235045195776
1231193233033748481
1231216329459367936
1231019374623981568
1231284707817488386
1231037143125913601
1231022351459876864
1231292215630221315
1231263740676493313
1231166909183336448
1231143636336697346
1231267800372727810
1231216600499544064
1231234213988511744
1231296486639624192
1231254678848958469
1231068244737310720
1231108229289082881
1231208263431024641
1231270051858141184
1231137244125245442
1231050656070287360
1231073137288187904
1231295712350085122
1231113668940615682
1231109643243597824
1231057324883808256
1231031415359201280
1231169585627516929
1231210213195182080
1231051093829918720
1231111040202682368
1231218664474542080
1231020626434916352
1231102483704901633
1231025382884806661
1231167666095738880
1231302909117304833
1231006219088924673
1231289797857116160
1231186977480835072
1231010462650769408
1231268155370213376
1231314827630587904
1231139833604521985
1231315537931784192
1231232264417054720
1231036225718542336
1231115927116140545
1231210883851878400
1231219235923353601
1231025310927220736
1231021075665969154
1231031887658967040
1231060805573107712
1231229656738803714
1231217748744777728
1231253781284823047
1231140516747714565
1231255831842304003
1231054696137285638
1231027044684836864
1231165076352073729
1231012686877667328
1231187897543512065
1231251180812218371
1231304839449206787
1231131336288677888
1231219669031211008
1231031017776934912
1231257789609103363
1231133004124368896
1231168834045796352
1231143857644953601
1231061655267790849
1231234821474725888
1231266498330664961
1231107363660275712
1231217184736763904
1231014508841164800
1231191145276989440
1231132290773897218
1231284090512584705
1231143699662299137
1231158190399684609
1231184343290146816
1231195567646269440
1231007114748760065
1231112099553779712
1231161413017595904
1231187218313678849
1231237741519572994
1231286107670708224
1231070291314429952
1231017769954492416
1231251557305352192
1231266812647673856
1231216343069782016
1231303607426961415
1231140557407154176
1231108549457121280
1231193752833708032
1231074027910856704
1231195190880280576
1231104339340513280
1231017366684868614
1231137770917154816
1231298581300203521
1231053111722070016
1231010080667131905
1231289695683960832
1231167559501742081
1231302890926608384
1231009458718826496
1231284643934220296
1231190613263110145
1231209146252496896
1231018777158045696
1231142049908432897
1231296544793452544
1231018660548009984
1231112780742152192
1231103755694702593
1231066278271414275
1231112949441474560
1231132110158729216
1231161795030609922
1231237920972890112
1231233188309004288
1231236332904730625
1231288742809362434
1231164991686029314
1231314284875075586
1231142052588609536
1231030091771023361
1231130902807269376
1231029186959114241
1231058579068555266
1231170446273454081
1231105186065551363
1231234773324091392
1231065331252154368
1231309997063180288
