1228986997970259968
1228949280561303553
1228885649865920512
1229105800628465664
1229087078048239616
1228948607589588992
1229172322009001984
1228888068431765505
1228956016630358018
1229123951428800513
1228844789543522304
1229180490361589762
1228912000803033088
1229105107742208000
1229177906179510273
1229184759793766400
1229193086145908737
1228939855075344385
1229058811060609025
1229025981819686915
1229186538862448643
1229078345523924992
1229027673256521730
1228872287287312384
1228890736889864204
1228994598409732096
1228887180304699392
1228925740994846721
1229035502915006464
1229161141206573056
1229081269897744386
1228887325792333825
1228861907479646209
1228881598336110592
1229133276704628744
1228919268051431424
1229090069039894528
1229089694488592384
1229058250668036096
1229075830413897728
1229174477315092480
1228948210972008448
1229168686394572801
1228938073943134208
1228869198065127427
1229163621336440833
1229051104169586690
1228978495499276290
1229021940280590336
1229034117884522503
1228925820196020224
1229139418147098624
1229164148367515648
1229090341615071237
1229186088905764864
1229191957651640320
1228997592240947202
1228946906337796098
1229030879047012352
1229163339294494721
1228841778461188098
1228934191749849089
1229183545140293633
1229111271716524042
1229085876363419648
1229024009498456064
1229077608635064320
1228953866281971712
1228882937476603906
1229059922190454785
1228995503888707585
1228884576031760385
1228949370604621825
1228989150482911232
1229088723062661120
1229017647729143810
1229181305943924736
1228995391074398210
1228865236104384512
1228864493616164865
1228888233242767361
1229003906040111105
1228869780620185611
1228837849740566528
1229138319663083520
1228978570636222465
1229192453535780864
1228858597855158274
1228859042962890752
1229052821103878146
1229078559307829254
1229159903522103298
1228841367952150529
1229085321637322753
1229079888675721218
1229139611596787714
1228956313742217216
1229177859756838912
1229127077791698944
1229158020833214465
1228839223375073281
1228884469425299457
1228913920225636352
1229054858059079680
1228894717833891846
1229112872799698954
1229076739340619776
1228844931373879297
1229054400426991616
1229105689693491205
1228877154206855173
1228831644896911367
1229186642910556163
1229113460430180352
1228999298882449408
1228939563671990274
1228882526791446528
1229174492506624000
1228886951513620481
1228983428101443585
1229178317003083776
1229178097523712000
1229053965888884737
1229127991545954307
1228986309244416001
1229132809807319040
1228944276815400962
1229026561334108161
1228977679413710848
1228931199881465857
1229078532514623493
1229086313325875200
1229170975851368449
1229075705075396608
1228927782362603521
1228916012956831745
1228958408964882433
1229022906182664197
1229084407400685578
1228922820496744448
1229113011174039552
1229158928551821312
1229051369199296523
1228889793943285760
1229133569752170498
1228996088683782150
1228843564307750915
1229108725065166854
1229079651768659968
1228981425979846658
1229080394617651200
1228860311391932418
1229035653435809793
1228945965203066880
1228925890119315456
1229082559201652736
1228991343827005442
1228947025313423361
1228923787304824832
1228982459456376832
1228861390364053510
1228983578429538304
1228860948389212162
1228833422862360577
1229078578735640576
1228844705028419584
1228842328309280769
1229084651194634243
1229184290770096128
1228949378829672448
1228837467631104001
1228877285853409280
1228997022377807872
1229136541051691010
1228927740855947264
1229050936758358016
1229084075790675970
1229088148245950467
1228872313594093570
1229084750259707904
1228870815971545088
1229031722018385921
1229000415708008450
1229037463831764993
1229185732268511232
1228983565653811200
1228974595954401281
1228936133624594432
1229188625289469952
1229086946401619968
1229172141167435776
1229022629488521218
1229129823404068866
1229017268580909058
1228995539376771073
1229169621829345280
1229061983670013955
1229081417134624776
1228993362549567489
1229104828443435011
1229184806023417857
1228857614211133443
1229183024606007296
1228997404524863488
1229079728314896385
1229082772481794048
1229125280356163584
1228877438203113473
1229122296540884992
1228911821127438336
1228916844129550337
1229172087371239424
1228838011527454720
1229037676101193729
1228844120535257088
1229059143870271489
1228930398513532929
1229176538966327296
1229165450338037760
1228877681867083780
1228930437529133056
1229104826719453185
1228931443885268994
1228932304959164416
1228943009737297921
1228928371226071041
1228862189760630784
1229029268698648577
1228982961329991680
1228923226358566912
1228892187519176704
1229024504673947652
1229023323931066368
1229111184391057409
1229058591207743491
1229080945405218816
1228987003498369025
1228936513154666496
1228889996997709824
1229167769788219392
1229079681212743684
1229139923858489351
1229171780662648832
1228921290037309440
1228887155784572929
1228933714991730690
1229138854424170496
1229027650267688962
1228832729506230277
1228894399108657152
1228888061896871936
1229020309753225218
1228894993387020288
1228956631838289920
1229163929949085701
1229112689143627776
1229051255353249793
1229119565512290305
1228838481297920001
1228990659379519489
1228998865363316736
1228939134409949184
1228954716219920387
1229081780810125312
1229036508809695233
1228834780336181249
1228978528219058176
1229132349914460160
1229103600988753921
1228954407779258368
1229179935190855685
1228845288229441537
1228912613272064000
1228998358171291648
1229141116454240256
1229084990614523906
1229062446628909056
1229082567904657408
1229129765803655169
1229062432208883712
1228982755016560640
1228863510228209672
1228946614313771009
1229023497315217409
1229060255058997248
1228974871100739585
1229165214765080577
1228993512944914432
1229128746508046336
1228886291560964096
1229141025140113408
1229057844776964097
1229080917978705920
1229017661696172039
1229020585407078401
1228881707585003526
1228864464276996096
1229163776072716289
1228938361160769537
1228833253315895296
1229170011236896768
1229058600774946817
1229077650456510464
1229058285191323648
1229080455003111424
1228867548159954944
1228931149063282689
1228873943357935616
1228935641670410240
1228878964229148672
1228865577755656193
1228884226826620930
1229184060280406016
1229088635213033480
1229085860928327681
1228952706745851904
1228879232362844161
1228920330976018432
1228864302741905408
1228930106241904641
1228932864642822147
1229023464419291139
1228986334855024640
1228922431999528961
1229058253902032896
1228913807948382208
1229131450127147011
1229061636264222721
1229122333903855616
1229059580128137216
1229055608281862145
1228922867980484608
1229080046222106625
1229167776910204928
1229030035698462720
1229157745657556992
1229169117430607872
1229037802635001856
1229137167139532800
1228921928750129153
1228868957479849986
1229060952768774144
1229115590977216512
1229024982501642240
1229077430792577025
1229103415562772481
1228858875811704832
1228892000889389056
1228984767325990912
1229159043345928194
1228946582696910848
1229129430485757953
1229114876242604033
1228939630084415490
1228868086566092800
1229112145008349184
1228889232053137408
1229120095156424705
1228870906652413952
1228862784278056961
1229020692810784768
1229061634733334530
1228886836639961094
1229124368837509120
1229161484938285057
1229029854684692480
1229084352073564161
1229192048772816897
1229130991010140161
1228887203801128960
1228876035581566977
1228916634942722048
1228925459846574080
1228940376863412224
1228873255177551872
1228932376522317825
1229030030891610112
1229024513423220736
1228915584009678849
1228983543012958208
1229020499453177857
1229037243056164866
1229114463976075264
1229172038541205504
1229034690037735424
1228839673847517184
1229035829047095296
1229167250554458118
1228979218769416194
1229133448683630594
1228843937764446209
1229089830560321538
1229075137116291072
1228974107439456257
1228942695797854208
1229058897790435328
1229116220550582272
1229106280742055938
1229170304276221953
1229112155020185604
1228914429863059456
1228919266767884288
1228977140013715456
1229159498369003520
1229181044810711040
1228835655431540736
1229178883624374272
1229109501674115072
1229180358425481218
1229022414723571712
1229033578824003584
1228990020868071424
1229027105939148800
1229163450460508160
1228974180751724545
1229123145480556545
1229032724071112705
1228998897231593473
1228833968369340416
1228872511976165376
1228928418936426496
1229075124885823495
1228944884624695298
1229080543175888896
1228895772911046658
1228890369544224770
1228860039970086912
1228865660555583489
1228982639027277824
1229055710719201285
1229173440252387328
1228935841357193216
1229141420881170432
1229074666104352768
1229189804916707328
1228866486619369472
1229109863382257669
1229057761373278210
1229174857205567490
1229053408285425664
1228881695442710528
1229085800735727616
1228990750546944000
1228977489990606848
1229180393796009984
1228891658575499264
1228860872329695232
1229060658651652096
1229170498225033217
1229119328240320512
1228951683197095936
1229032875359645696
1229061166195806208
1228932268640501760
1229018485914787840
1228856348017905665
1229059244323954688
1228941629932765185
1228941939392831488
1229055136556818433
1229085975898394626
1228831436691537921
1229130316360638466
1229182286018613249
1229158596664905728
1228982629254475776
1228872032181477376
1228887005414789120
1229181200096301057
1229052927643439105
1228872760371417088
1228873749627314176
1229027192945946624
1228939719502782466
1229023627430903810
1229028263495901184
1229106338061484033
1228896213006790656
1229079512421404679
1229119603080482816
1229115884314222599
1229079589730652160
1229076313627090952
1229059128389181445
1229077042332758016
1228885210739044352
1228862783812403200
1228946070987792386
1228870215657590784
1228987642089332736
1229063678911275009
1228919465544470528
1228981751025934336
1228978588214595584
1228876427438649344
1229076377812508676
1228914879387578368
1228875917646278656
1229032928631566369
1228925113371770881
1228891154084585472
1228863880966918146
1229108244003426304
1229074454367498240
1228939129670361088
1229178832051032064
1229019475099303936
1229054342617018369
1229114085599514624
1229020189720797185
1229086127862276098
1228941411883667456
1228840747903877122
1228990669630259201
1228912083779149824
1229063237406056454
1229168847355338753
1228889916047671296
1228866192363806720
1229058397527367681
1229162449472868352
1228974190566543360
1229089393299816450
1229030047312302083
1229134234201346059
1228932547066810369
1229078133896359938
1229114450600505346
1229108897920770048
1228956479538880513
1229113801087344640
1228869920374411264
1228984250092810240
1228922172204187648
1229086414744293377
1229124910812925953
1229052433806045184
1229193144123572225
1228884479097393153
1228986111147597824
1228877634697756674
1229001315868647424
1229130759673303040
1229172847781777410
1229083833875693570
1229080826945642496
1229185493272813568
1229140080289292291
1228843521349537794
1229173374292656128
1228934100989251584
1228948362717810688
1228928116392726531
1228913705439547392
1229074823759921152
1229053681565405185
1229133656482033665
1229030353869967361
1229102885520187398
1229002688597196802
1228912638001737728
1228987479375609856
1229138213819887619
1228891621141274624
1228932114956996608
1228914686474670081
1228986815299932160
1229079007326593024
1228858555115036673
1228923580236189698
1229083098505269248
1228890395855081472
1229054670695362560
1229051685483556864
1228863648652812288
1228948411786788866
1228918583041888257
1229084607255076868
1228954626851889152
1229184034326052867
1229114612701892610
1229132221899870209
1229059590953848835
1228915336482705410
1229169030092742656
1229177882301386753
1229057334057558016
1229139140589113346
1229185666984087558
1228942779453075456
1229063297338613762
1229088916080398336
1229030690420817922
1229124998717030400
1228979478824615941
1228980960361766912
1229050683124355074
1228921634523930624
1228931986053619715
1228868332155277312
1228881427824988161
1228928128850022401
1228869289265913856
1229051908515487745
1229182107714498561
1229176735176044544
1229056494148018176
1229111117349359616
1229120522857873412
1229129613290475520
1229163789603483649
1229029973199138816
1229180059577126915
1228941663919210497
1229058325926629377
1228856805066829824
1228834160426483713
1229166751184605185
1228983906055131142
1229193621506789379
1228867025369387008
1229135913197985797
1229125360505282561
1229136768919732225
1228895138052632576
1228925918242058240
1229002231522963457
1229133303782862849
1228924604078489600
1228844072208601089
1228957725477888002
1229017068650893313
1229139404687659009
1229131546310914049
1229159041923895296
1229082625027051523
1229090008822353922
1228863846821122048
1228882353637879808
1229027919453917186
1229180072696909829
1228993900007784449
1229130495847477251
1228835136843567104
1229029132916232195
1229050310003449858
1229126525074771973
1228997234097709058
1229162690628681728
1228887196138196994
1228868195542618112
1228868883844456450
1229003470272729090
1228945219170627584
1229089017150439425
1229123978083606530
1228869439132700673
1229074775278018561
1228858670185951234
1228932247450877953
1228929840377499649
1228944967172706305
1229130148496183296
1229102964360404993
1229187366226518016
1228925142111145985
1229123894575009792
1229160186998329346
1228844940718956544
1229088959218802688
1228887449130061824
1229059036802191362
1228837485016469505
1228991510663716864
1229176040372625409
1229133218928046080
1229018223648968704
1228858247693488129
1229019155942313984
1228839189023584256
1228957171137708032
1229163825968111622
1228982477353553920
1229185359453405185
1228842283195236352
1229078132881268742
1228990807878914050
1228885110004572160
1229105688145747968
1229167180580782080
1228994860432027648
1229177153410957312
1228990976833867780
1229170989285638144
1229077837954420736
1228931456249892864
1228944117188530176
1228958438794899457
1228946885248872454
1229193319609241600
1229131326953066498
1228859715737702400
1229087519662362627
1228935351256985600
1228984320695488512
1229053639379079169
1229120671004987395
1228993625390043137
1228981027818786818
1228890366666895366
1228927514413760512
1229176560097222658
1229076763772239872
1228919650202734592
1228940711006883840
1229084476724195330
1229063617066070016
1229174520423993344
1229063002877333505
1229127087488933895
1228861502553296896
1229037521683640321
1228998179770601472
1228999758057963521
1228878767881240576
1229018752189992960
1228984551067836417
1229080161557078017
1228879548491628545
1229051121051635712
1228913046057295873
1229180827860373505
1229062227552034817
1228938580233375745
1229001564607528961
1228958414413295617
1229114215182544896
1228895864162279424
1228859193978998784
1228925349238468608
1228914956281638912
1228832689068953602
1228841156714196992
1229034042789593088
1228874243250614273
1229074436709437440
1228986684185821184
1228859649518120960
1229175910206726144
1229114246413389824
1228954718120005633
1229164794856370178
1228891389041098752
1229185641142861827
1229107955678797831
1228989299061714944
1229025009990922240
1229171609795211264
1229133944093904901
1228878421482229761
1228892619830448128
1228895333440204800
1228957529729691650
1228871674944114690
1228888692934266880
1229171979200204800
1229050515339784194
1229103896028753921
1229079436944740352
1229085008184238080
1229076778196623360
1229036758580383745
1228980591015714822
1228892960684568576
1228930424447160321
1229030074193674240
1229018041683496961
1229135200119951361
1228870030609113089
1228923379408916480
1229017841023635457
1228952466076598273
1229124089190735879
1228950592447344640
1229141195101757440
1228842321396948992
1229160721767915520
1228837075169968128
1229053103673995264
1228880916237275138
1229080224119369734
1229025814597029888
1228921023212314625
1229089145038999552
1229116928045666304
1228987523960983552
1229002723007385602
1229113132754198528
1229084445640183808
1229141601932529664
1229060248423608324
1229028085766524928
1228931395319291904
1228857669760487425
1229079109625532418
1229034535565844480
1229053397266944000
1229132146822045696
1228928709400252416
1229050310452056064
1229178350582689793
1229133871830224896
1229088771989262338
1229028981401255937
1228995350939275264
1229163544769433601
1228911741058215937
1228954941626163201
1229186729917272068
1229057547736215553
1228952258085187584
1229003383291437056
1228840607847600130
1228939677417312256
1229113103209549824
1228833605188714497
1229060658563407873
1229027985287794690
1229191144082264064
1228919326369107968
1229186718789582848
1228878147082260481
1228978782909808642
1229060374353215488
1228834708278185985
1229108309124427777
1229108447121043458
1228832761974116352
1228995499551649793
1229028183661522945
1229134806295830529
1229112695099662337
1229088678414372864
1228948386449166338
1229171443264565249
1228843091093667842
1229018985422655489
1228954442919292928
1229136209554890752
1229027492591063040
1229129729317462018
1228999870687698944
1229181578221248513
1229082020321447939
1229025722745778178
1229175725401485312
1229137279714721797
1229050860707155968
1229136007091687429
1229035551048650752
1229085207728291840
1228932104991494145
1229056484228706304
1229032527249043458
1229116941941530624
1229118755868819456
1229191535993819136
1228878859195604993
1228992955551277056
1228998627407745029
1229031886430838784
1229079641056514048
1228916530961797121
1228993535430414336
1229186979553632257
1228880664734375937
1228865040939241473
1229109076140974081
1228974024325238784
1228914283045478402
1228914263051235329
1229075354196770817
1229076473782439944
1228942241856552961
1229085031202607104
1229050106940276737
1229123296651702272
1229122594785374209
1228956740693217280
1228988037733814273
1229136737030434816
1228984148028579840
1229001323292442624
1229033572222160897
1228935075464650752
1229179500132470786
1229181780558778374
1229033537019338753
1229110494499393536
1228928270306967552
1229077064864665600
1229036875693875206
1228884073642438657
1228893088120176641
1228954241374412803
1229105479961411587
1229185107799396352
1229056290917355520
1229161925772267521
1228862864519303170
1228946443915808771
1229104937256333312
1228896727542968320
1229116267123994625
1229080242712649728
1228989146963857409
1229034615165206528
1228864496459894784
1229141115531661318
1229018351751421953
1229110256233537537
1229074678540591105
1228957500931747846
1228838207833464832
1229164287253524480
1228913929784565772
1228892309632061440
1229138956207308807
1229018029801037824
1229158935694848001
1228940685065146368
1228914532094894081
1228833953089372160
1229120103221952512
1229062192324120577
1229162738879991808
1229186448697577473
1228886276369211392
1229175381309169664
