1226596881658241024
1226529294735699969
1226415812602482688
1226503886178942976
1226493138346356736
1226345963364610048
1226594613835599872
1226578255290957827
1226573223812268034
1226593961046765568
1226642757290205184
1226445590130614273
1226305442290323456
1226433797522063360
1226320701331779584
1226346395759792129
1226367499261837312
1226491847029264384
1226340676864004096
1226548091509248003
1226554240039997440
1226567334875107333
1226573894833901568
1226530147278479361
1226324597206708224
1226594380196151296
1226553928734724096
1226323755607187457
1226323946968166400
1226432495962533888
1226350127402582016
1226569408132210691
1226414830673911811
1226616095957712898
1226306263698542593
1226642537638760451
1226490631687507968
1226600409067933696
1226528677153783809
1226547592890372097
1226639229129809921
1226508689521004545
1226622426647121920
1226570956317036544
1226575658387726337
1226591820819419136
1226444182425718784
1226591255896952832
1226592149858398209
1226344212112781317
1226567329665863681
1226320689918967808
1226505230575120384
1226473587810459648
1226461078672019456
1226549992095129600
1226375596898426880
1226363670239690752
1226592055381676032
1226638703117963266
1226373713223933952
1226594663982755841
1226640184453799937
1226566594551263232
1226598688048500746
1226324485847937024
1226414001632038913
1226298970395365382
1226525635251769344
1226343476360404993
1226365738849423361
1226508229758160896
1226520440446713856
1226553351652831233
1226406830320029696
1226407994583179264
1226300951960719360
1226465019484872705
1226578324677439489
1226323423665827840
1226437666553630721
1226621350275469312
1226341205253869568
1226305855060168704
1226503838510743554
1226612843400880129
1226340764222808067
1226647685765226497
1226540026160275457
1226623316905152512
1226568099253620736
1226612631806541825
1226528915792912384
1226592312022708224
1226599445623648258
1226637578205417473
1226324442751623168
1226402831214747649
1226550034931556353
1226409474530955264
1226369249507065858
1226343850819620864
1226551090914529280
1226494193482096643
1226348372463775747
1226435302882807808
1226444576799543296
1226508906819657728
1226365348821323776
1226296447659888640
1226414172964937730
1226568973396869120
1226540938245349376
1226594932984602624
1226326947321368576
1226439038321790976
1226440494718255104
1226437463725334529
1226508854638325763
1226462425391738880
1226339987773435904
1226520386038222856
1226303088237174784
1226539740570189828
1226509867701194753
1226401129514143745
1226637814755975168
1226488136663879680
1226305633051455488
1226617901253365760
1226548938531979266
1226554410857357312
1226408559132299265
1226473292808089601
1226379457910325248
1226642330863783939
1226575223723560961
1226490573785202688
1226593554912423936
1226463055837573121
1226404932074561537
1226345874508222470
1226505107308630016
1226467722550108161
1226369490805514240
1226622999945715712
1226365020193394688
1226430919076020225
1226349742516588544
1226416868090470400
1226471247749558275
1226375883524640768
1226540987360694272
1226619407595692032
1226568594089181185
1226297455815413762
1226434176116592640
1226491334573166595
1226320810928939008
1226568633993707520
1226640987058929664
1226504597159596039
1226467815747735553
1226346790322163713
1226438604316184581
1226636614870487040
1226504134200889344
1226376291487813632
1226473175552348162
1226462401769291776
1226506307412295682
1226328957437595648
1226466749656100865
1226508995176697856
1226489898309443584
1226372866049859585
1226595292654358528
1226379910383456256
1226398434652872704
1226398545046953984
1226377297688698880
1226635865213915136
1226434843501830144
1226526947175534604
1226613839648739328
1226612322640093184
1226648973445861379
1226296648084545537
1226590601170374661
1226397190223872000
1226324167953285126
1226507395414671361
1226442251477319680
1226635424560533509
1226645268407443462
1226434975622283265
1226348698776612864
1226418223513579522
1226430969298722817
1226492316518617088
1226529591709388801
1226460748966174720
1226590396345700353
1226321645763063808
1226510109360164864
1226540993983459328
1226309892966961155
1226441685934100481
1226323113744437248
1226340448207114240
1226600544375984128
1226570668302622720
1226552100433354752
1226435080178032640
1226596990051586051
1226401216726331392
1226642033969778688
1226596360096534528
1226349719699390464
1226577939761745921
1226342997920550915
1226410889915588609
1226541322212954115
1226437442233937920
1226368021859430401
1226469486523551745
1226443666199339011
1226401906278293504
1226326203805655040
1226648240277291010
1226618688737906688
1226414678806585344
1226410338297380864
1226505467968376832
1226441909050040320
1226397292699107333
1226308691638595584
1226305730539552768
1226402301281259520
1226305253185859586
1226468442200371205
1226570142986817536
1226636274771075077
1226408461698813952
1226575594370093058
1226539500870029317
1226325509157662721
1226549197480042497
1226648138032799745
1226442257450127365
1226599909513515008
1226305192557268998
1226579955028500480
1226325943511343105
1226407727418793984
1226308065286402048
1226438467762044934
1226302223669325824
1226638287936331776
1226523829427736576
1226525538858217472
1226505477393199104
1226504448098414598
1226642580026212352
1226473357140471808
1226444179166945280
1226507840543584258
1226571830405869569
1226613503919828993
1226325410633269251
1226304916676890624
1226444464287363073
1226306482817392641
1226595363898957824
1226459868816650240
1226525164818587649
1226591403532324871
1226437509422309376
1226492689266413569
1226404482835255297
1226597689829265408
1226441578484568064
1226467233230139392
1226643530434506752
1226541022164987904
1226574274317705217
1226433114534273024
1226445226685779970
1226342691161563136
1226620067770699776
1226474922131644417
1226591296212606979
1226519729654968320
1226350823720062976
1226546123843801095
1226592275393843201
1226528825208659969
1226350540377948161
1226577618725752833
1226505638446084096
1226544774204669953
1226445377005654016
1226465310057824256
1226486255132856320
1226367639729188864
1226552172554395657
1226569414943870976
1226520515759742976
1226306381738844160
1226408885717741568
1226548160476020737
1226465346854350848
1226376729100529664
1226579814255034369
1226520176692084737
1226379187201536002
1226569392231600128
1226648322724651011
1226510067911888898
1226433043080056832
1226432720936501251
1226472046022012928
1226442297895792640
1226593835062398976
1226297193964830721
1226308793186897921
1226520308468899846
1226346750589333505
1226402315592028160
1226550947377270787
1226468491949203456
1226438347289059328
1226412139251847168
1226375890205982720
1226553752779395074
1226523592906530818
1226551590011588608
1226596873588367360
1226365341535784960
1226345995908157442
1226381169572208640
1226527545501208576
1226322124039761921
1226404511884832768
1226432725562908673
1226296717898866688
1226416941985935360
1226445596338163713
1226382049533054977
1226397049945391107
1226510005026856960
1226379592925052928
1226351103425556481
1226544675709997056
1226528130711638016
1226349011260657664
1226611662125436931
1226489566430945280
1226472120189882369
1226573586372218882
1226644594588311552
1226519386581848074
1226572530804117504
1226397377713491970
1226462932541722626
1226507858629419009
1226400791532953600
1226579364202061824
1226417543100936194
1226435064487170048
1226613684656582656
1226440501110292481
1226350704878653441
1226621483113426948
1226407456483561472
1226577248628695040
1226570201757433857
1226637536644280320
1226618232712421377
1226405346396131329
1226566466830569473
1226348859196088320
1226443786743615488
1226623995170164736
1226327538072293382
1226494350026211329
1226382661280845827
1226297883609194496
1226574604069736448
1226489355780276224
1226346106730110978
1226434406178533376
1226442295345467393
1226378225552482309
1226553925366468608
1226622231150841856
1226375326126813184
1226504223270944770
1226463338886041602
1226641923051409408
1226380122095095808
1226642865205522438
1226366734900191232
1226463097671446528
1226575595359920129
1226597612670742529
1226590587630915584
1226344971126460417
1226465879749165057
1226465061486514177
1226572604473008130
1226529938452426753
1226405398061563904
1226414570027339776
1226568206283706369
1226437383945474053
1226597835233087488
1226434865379381250
1226403200275828739
1226441880939921408
1226598915920814080
1226551712166531072
1226405054850031616
1226348360086540288
1226446227224645632
1226614813620461568
1226540177679683585
1226444646760337410
1226442907940347904
1226649576171622402
1226410030825660416
1226341099599302656
1226369391480074240
1226326154736308224
1226371362035388416
1226635564109025280
1226567632213684225
1226436231271084032
1226460702925299713
1226301730268336128
1226376637236703232
1226298732347568128
1226470125391536128
1226552851175895041
1226492192631525377
1226406412500295680
1226547184675373056
1226508862833872896
1226367009790857216
1226439458989281280
1226544705720274944
1226323507186847751
1226623283342299136
1226596203481255936
1226545629905739777
1226492279415767041
1226408322003165185
1226569628186365953
1226321934314541059
1226544988999184384
1226348702807330817
1226624149965152256
1226614035472359424
1226323961417359360
1226611186885677058
1226568251313926144
1226619628442484736
1226402416750407680
1226565836288266243
1226413152058765314
1226306298880438272
1226619126417768450
1226465806340329472
1226373438467645440
1226569052782501890
1226611377327898624
1226436226649075712
1226461481060851713
1226439667794378752
1226528690353426432
1226328467303591937
1226433182867677184
1226644193595887616
1226322213948751872
1226572521807503362
1226599232582320128
1226441071883931648
1226637736939003906
1226460256257085440
1226378549059293184
1226415436251746305
1226346283163500545
1226546152994197504
1226325892558925824
1226447099136561158
1226647833022996480
1226486550755627008
1226488024382480384
1226441550260916225
1226649522941710339
1226466884121325568
1226304839333756928
1226529301303947265
1226398467985035265
1226345118715633665
1226435210562154496
1226619783636029440
1226409922817974273
1226416680441528325
1226485834251042817
1226381171715530752
1226620934926282752
1226474101335703554
1226460741693165569
1226351004725104640
1226596540703264769
1226637787329228801
1226346600123060225
1226415894735147008
1226487019498622976
1226617562529697793
1226302195013840896
1226406265619800065
1226380561771454464
1226472457076260864
1226304208963502080
1226598347072471041
1226378688800808961
1226328527051673600
1226641589809766400
1226569658964287499
1226599934880817153
1226551338869362688
1226505175856287750
1226574782365339649
1226364229202169856
1226529431151357952
1226405797518815232
1226504156640231425
1226553926113165314
1226345136835252225
1226364044879093761
1226343090509664256
1226305905760690178
1226648203530911745
1226507149926268928
1226641444124995584
1226492236617129986
1226339939207405568
1226547495741710341
1226305805319917573
1226570171969679360
1226540254515093506
1226344990143500289
1226327738249728000
1226467938342801408
1226529905103396864
1226590483608199170
1226412121610649600
1226540034913779712
1226520185210839045
1226530275988930560
1226636414391115776
1226510163957424128
1226370301191245824
1226491061037453313
1226364007558205442
1226571930364334083
1226600927437754369
1226617359647027201
1226445521075572737
1226547493808287750
1226441561614872582
1226591501783879680
1226635576729726977
1226527338273411077
1226644421212426240
1226507276149612544
1226435601819406336
1226551700464467969
1226649184775749634
1226343987897757696
1226350865688100864
1226524363370958849
1226328449419055105
1226567207787868163
1226323552590352385
1226541234392649728
1226636862938238977
1226570660496850945
1226520251845705728
1226465475380510726
1226524467817590790
1226411894816174080
1226396710873620481
1226527321852719104
1226612464281767936
1226488870763716608
1226406851425775616
1226544449322307584
1226493558204575745
1226575767234064385
1226470060732174336
1226342128877359105
1226599754311852037
1226370424868679680
1226646400236236800
1226295625525776389
1226636565063008257
1226552406739181568
1226380455756173313
1226519683802763267
1226544055703699458
1226430591035465728
1226414941827149825
1226299552518590464
1226527651034206208
1226595179370549250
1226397370088411141
1226549212869005312
1226461733537054721
1226645421017255936
1226467167970840576
1226328165951385606
1226510263207301120
1226408026569105408
1226568405936988163
1226321785882316800
1226649955571556352
1226465137697136641
1226547568391286784
1226636083317870596
1226373633511051266
1226323221076529152
1226595684876419073
1226614764211769344
1226396635267313665
1226445267739656194
1226438122948497408
1226432592410370048
1226304546852372481
1226305047530737665
1226579954944610305
1226525612841541633
1226487669229805581
1226488665154650112
1226406430871257094
1226414814882197506
1226326276241162241
1226646502954676230
1226379555843166209
1226636211307110400
1226637484462878720
1226432083616288768
1226408536860573697
1226432492795760640
1226307430461706240
1226618947287556098
1226397445325803520
1226347120535302144
1226346025071235072
1226621672800714752
1226506407761104898
1226549466255093760
1226644030659817472
1226342418431213568
1226445150416707584
1226367381292773376
1226304951212576768
1226549650569621506
1226381114798899201
1226440185262395393
1226323304979599360
1226406726389264384
1226410160542961664
1226439002808619008
1226442939691220994
1226506019624251395
1226523335560794112
1226566217307230208
1226304981306834944
1226650237038665734
1226442853250949121
1226328929352310784
1226650235054641152
1226488676315615232
1226616080833093634
1226299662459703300
1226402052739174400
1226430668890165248
1226647792623353856
1226621466701111296
1226468272721321984
1226460259104870400
1226612662307610624
1226528491690176523
1226525662753636352
1226491416357961728
1226486532992729092
1226303823829983232
1226486435529863168
1226591409140109313
1226430699600695296
1226464629968293888
1226308978642055173
1226464754669096960
1226346435693727750
1226325252038258688
1226641406250217472
1226465038820663299
1226570450207113217
1226406636211728384
1226620691144941572
1226438954242588672
1226464845542895616
1226492979508105216
1226410876103577601
1226614134877360129
1226578910084599809
1226350825410220032
1226442844128235521
1226615720311754757
1226410840967892992
1226617350616748034
1226550269548384256
1226397003447275521
1226433658178932737
1226363800590286849
1226637008325529600
1226297297492901890
1226642382172585984
1226554152710529031
1226364307056812033
1226493958186029057
1226591356098793473
1226434089873367043
1226492982548992000
1226635605326434309
1226504035106115589
1226341654103281664
1226324322991693824
1226551739400085504
1226567531059728384
1226348044213420034
1226617842927316993
1226409765678411777
1226566430595960832
1226367753151533056
1226523447334858752
1226304817573908486
1226504230212554753
1226549831616925696
1226548020726173697
1226471789246717952
1226645374946856962
1226398470879100928
1226488602777001985
1226461089027760128
1226437170560454656
1226641899739590657
1226575604201340928
1226576256310939649
1226509087438860294
1226524703772282880
1226544189678030849
1226431734998355968
1226404573461565440
1226350065628958727
1226461321719402496
1226635145634992130
1226637002092580866
1226548664144814082
1226571385243389954
1226397580742909958
1226323376949649408
1226418384113258496
1226417007396081665
1226340660468420609
1226472491402399749
1226349078201741312
1226493491343060995
1226321962659651584
1226554348546805765
1226366537189220353
1226636366106198016
1226545275247976449
1226382107590578176
1226649690344652800
1226344334481596416
1226611387448905733
1226364595696062464
1226554227025014784
1226509137376370688
1226640134063501316
1226552987864137728
1226404768970661889
1226569278012391426
1226622735272566785
1226523237020045312
1226366866274312195
1226350606601687041
1226346855589695488
1226468656420282369
1226382010492407808
1226369238023200768
1226577062674288640
1226321982087581696
1226552856372817920
1226519655558320129
1226579911214632960
1226442051899842561
1226308880520634368
1226328004311142405
1226620550111346688
1226641773331648512
1226402238425444352
1226568036368310273
1226348056716513280
1226300874244468737
1226446645103124480
1226461217901903872
1226489232883093504
1226519294906949633
1226324274392289283
1226646515361427456
1226530233936990208
1226544659826118656
1226523744153341955
1226443106104397824
1226599800302395394
1226381320042926081
1226524436368678913
1226322043785883650
1226406586505203712
1226374364267872257
1226472395147489281
1226328907961556992
1226409554654531584
1226503536940371969
1226526775355666432
1226493191995609089
1226381204938727424
1226506274122190848
1226600370157359106
1226645398262910976
1226416773039214593
1226525167440056320
1226546394187620357
1226418205125558272
1226418422466002946
1226437719921848320
1226493172110389250
1226526930964340736
1226345235598336001
1226473642193752064
1226443757316276226
1226635291362045952
1226300394692739072
1226618581930127360
1226509915348488192
1226509161346691072
1226506890101825536
1226308657371066369
1226509083164971008
1226411142333026305
1226510083649155073
1226578016609828864
1226326642764599297
1226595786932334592
1226600608154738688
1226526810898219009
1226321394088071168
1226527261085577218
1226398332811194375
1226434779811176450
1226487829900992522
1226343810214572032
1226413597850509312
1226298483700838400
1226460739885506566
1226613997081911297
1226399217389916160
1226504767125344259
1226641016716791808
1226526469058203648
1226465859348156416
1226509802303438849
1226469559894298624
1226305930544893956
1226613335623376899
1226439503591555072
1226376292855099393
1226507604341354497
1226349476094398465
1226520522747469826
1226487293566808065
1226472013755117568
1226309469220560897
1226305865193385985
1226306825383030785
1226619229765537793
1226438215512608769
1226595098223398912
1226552461248409606
1226613036846284801
1226554130010759168
1226306818852474880
1226643913546588161
1226303413736001536
1226343501698387968
1226348344278167553
1226441740556652545
1226491379494408192
1226403290700812294
1226439544746147840
1226577410025558016
1226507497277730816
1226403589058449408
1226327609878904834
1226460949831471104
1226462268654788610
1226432334083346434
1226351352386711553
1226417188673732614
1226575057960546304
1226541295382007809
1226469926115909633
1226441072517271552
1226444840122097664
1226523319241003008
1226345985699270657
1226408958166011904
1226404570051629056
1226505609945677824
1226573645482512386
1226543822617948160
1226297359136485377
1226492876198117377
1226307357006680064
1226650499392458753
1226490967374598144
1226400478415728640
1226598069707427840
1226348297931108352
1226616199221477376
1226507788211277824
1226376285183791105
1226570709343916033
1226636017303572480
1226469846721818625
1226472677071884288
1226373013786038272
1226566147077804033
1226375070672617472
1226303084894224385
1226376964702953473
1226593211940065280
1226297247060488193
1226301377971777536
1226649743650119680
1226490054203396096
1226296789130571776
1226528281161134080
1226434528216014849
1226474722805911553
1226529154683637762
1226595674864660481
1226599894061846528
1226573078265761794
1226372477712060416
1226648727882018822
1226547776839921664
1226544197559357441
1226600356127354881
1226372897746432002
1226377085628841985
1226472713482457089
1226433375126220800
1226368112733253632
1226367733903659009
1226642590868672514
1226617373005877248
1226297248813850625
1226323593908424704
1226487328140492801
1226350326703443969
1226488558552219654
1226541148136771584
1226491770290262023
1226527072010399744
1226375164100841472
1226530250542272514
1226622046940979200
1226623817642119169
1226487976978350081
1226551270225432576
1226415283683893248
1226620286843457537
1226529063138996225
1226579385836277760
1226551832018898945
