1225300044691247104
1225234299688869888
1225499662095986691
1225360186879115269
1225290758573346816
1225302551366516737
1225331539359281153
1225505649070608384
1225212227034193922
1225266475075690497
1225301073365045248
1225372175521239041
1225331420937121792
1225222439849906178
1225255822936150016
1225416039166619648
1225486379846709248
1225434982979637248
1225270781191393280
1225491490962595847
1225531056528470019
1225534453679886346
1225420063173480449
1225305231920992256
1225312687963262976
1225308488580182016
1225222705483399168
1225259092555509761
1225292676431368193
1225506747437240322
1225215835347746816
1225299473460494337
1225392655091339265
1225285309589524481
1225456519019483141
1225496135684546562
1225360993644974081
1225363521539493888
1225367729269596161
1225264312291397637
1225395314468835329
1225525585797095425
1225252002399014912
1225559167307571200
1225252952266375170
1225230076507111424
1225472766142447618
1225367151692959744
1225469645819383813
1225534236364623876
1225565138192928769
1225535166392696832
1225501347006570496
1225555073977257987
1225416871932878848
1225253384187412480
1225467594489991171
1225494647218241541
1225486885918838786
1225223702414950400
1225466932566122497
1225547635060281344
1225504278757986306
1225257481531576320
1225415681472004097
1225403534163808257
1225376128056999936
1225247260625264640
1225436846081150979
1225402071278637056
1225221851456077825
1225472463204687877
1225301413154127873
1225535034318303237
1225533009098674178
1225498799679922176
1225493236967444485
1225363564526854145
1225506583024668672
1225307064496377856
1225215707438149632
1225222167635415042
1225456962239811584
1225531813772374018
1225523919551111168
1225422555898449930
1225554217332543488
1225421404104822785
1225416307069399041
1225323769650016257
1225377251996258305
1225562008050950146
1225294371127517184
1225523886676160537
1225417352185028608
1225265111708790785
1225315008739004416
1225210958852829187
1225365191807750145
1225250333883940865
1225250558652477441
1225530303093116928
1225417316231516160
1225227630447865859
1225225480439099392
1225506924663377922
1225457088702435330
1225249347094417408
1225436891111133186
1225548833880498176
1225308655240781824
1225375420658307072
1225342102399152128
1225561643939172356
1225504801561153537
1225319242888699910
1225292275695017984
1225505350243225602
1225285101392523264
1225487076822540294
1225415112841814017
1225328936843911169
1225295286735495169
1225490149125033984
1225530632165568538
1225417034974072834
1225493314432045056
1225483629247287303
1225527335128051714
1225299012627992577
1225423172758958083
1225293260500824065
1225397111224721409
1225397769919135745
1225306979213512704
1225373202911760384
1225333996936056832
1225342880069439489
1225494981294657541
1225432558831144971
1225284877563682817
1225254177175007235
1225422509031526400
1225456810393399296
1225316627962617856
1225422198099202048
1225403424876961792
1225225951283277824
1225265011393613824
1225533042372087810
1225342398231973890
1225223543652147200
1225225298980945920
1225234596243091456
1225499675278684161
1225214119634059264
1225327805283606530
1225547534589988865
1225220458355687424
1225284600928391169
1225397648657698816
1225234939605479426
1225210798173126656
1225305112010252290
1225403010421051394
1225415423379693570
1225492414942662659
1225395076970491904
1225252086142533632
1225227895746056194
1225368336181030912
1225483575061073923
1225247684103045120
1225335101174747137
1225434383777173506
1225504345522831360
1225258607710572544
1225501814214332417
1225322208655863808
1225294016025104384
1225343730606956544
1225376329425661953
1225364743394738176
1225221618470772736
1225559768191897603
1225263118118313984
1225392193260720128
1225468671323189254
1225491069040762880
1225495020339367938
1225290462174621697
1225403412319232001
1225465890663227394
1225563317680377858
1225315148111339520
1225264106221047809
1225380029795729410
1225533684964560899
1225421078656319488
1225525444667224064
1225523218183749633
1225291378520838144
1225319466759868417
1225560241938583553
1225376226887577602
1225472199127027712
1225377331457470469
1225563572673142784
1225505925378772996
1225473100235493378
1225235231046807552
1225368815262978053
1225228316665417728
1225532343273893889
1225554421813272576
1225373582252888064
1225341892528766977
1225487224806019075
1225471241563312129
1225469657194401798
1225487612397473792
1225423502821470209
1225342207474823168
1225472478752989184
1225307945300180993
1225225981834616832
1225494734933807108
1225235162205687809
1225490425076764672
1225370523481149440
1225551446692769796
1225292934326546434
1225375573742096385
1225370886431219713
1225311607858900993
1225535562096009219
1225291397822996480
1225364376061927424
1225287323287523328
1225324512788566021
1225331135749640192
1225296768868347904
1225373808271470592
1225227015701159937
1225292844903960577
1225266166257586178
1225454700415205376
1225284839697473537
1225485240715632642
1225446471572451328
1225465838146408450
1225467523748986881
1225454608371216385
1225290673072541696
1225218173227630592
1225248492534280192
1225368442544373760
1225437322063306752
1225502173255143425
1225437571704074241
1225300320328146944
1225334548659154944
1225271788252221440
1225548729014521856
1225549843789176834
1225563787031392256
1225416079863877632
1225524517625159680
1225421500779417600
1225529912649494539
1225399943147315205
1225546284192366595
1225432949564301314
1225419836177686528
1225343675850534912
1225398491142217729
1225379163571412992
1225422286045335554
1225230952852410368
1225212056414060549
1225217768858931200
1225469836303753217
1225549674167357443
1225506020476309506
1225400836659900416
1225435601949937666
1225555858211381253
1225418144979681280
1225400932051177477
1225379814598569985
1225302585457795072
1225270938796560386
1225530976610201610
1225436791269756929
1225212272366227456
1225403412558295040
1225417188359598080
1225234264167501825
1225343547286552576
1225520143238926336
1225370448441028608
1225293769483812865
1225310153618141185
1225317363509104641
1225323889040875520
1225487933374947328
1225328832162516992
1225522782873759749
1225561076307283969
1225455028397207553
1225329557953269761
1225474498679517184
1225265924325900288
1225499020128391169
1225395829692936192
1225271839229767680
1225556259551596544
1225369495390347264
1225487270444240896
1225492706279002118
1225377289162153984
1225229947045806080
1225320794030403584
1225319490474434560
1225546500438138885
1225374358941528064
1225321911803998211
1225375399942619137
1225253242319147008
1225343611799293952
1225341535719264257
1225326678966181894
1225435042408783880
1225491624022695936
1225368767099629569
1225565941465067522
1225444914881847298
1225563115879849987
1225400566022434817
1225256234187538432
1225558029975871488
1225473870750089217
1225502555112984577
1225235056144375810
1225216290513653760
1225559156452732930
1225422048471797760
1225295795391488000
1225502672003969032
1225234709887770627
1225369873972248577
1225534483929145344
1225377468200181761
1225501975741190144
1225531066607427584
1225252253361156096
1225401137123250177
1225560219503202305
1225554738634207234
1225467142054694913
1225534058626781184
1225264355547254785
1225487611189440513
1225550819963043849
1225416439806513154
1225438016073678848
1225564584502841344
1225251915086356480
1225560055967289346
1225485273347317761
1225433289739194371
1225520974000533505
1225398602396295168
1225485184105156608
1225317061091635200
1225556772808777730
1225256135902392320
1225419579410784259
1225487936545837058
1225330540598808576
1225437967344336899
1225472105531076609
1225269288275042304
1225259015795462144
1225553791082209293
1225392949841645568
1225404701761581059
1225501125543153666
1225534534206345216
1225495616748388352
1225227501460287489
1225456334805643266
1225233398198915075
1225322217199689728
1225470753618837506
1225250855118614528
1225321516482482176
1225308952843386881
1225520734715424784
1225493263265779714
1225324137343643649
1225248722012868608
1225264390057775104
1225264251037679618
1225468657947406337
1225327561103810562
1225465526014631936
1225554776496263170
1225232281993957376
1225504275163426819
1225397974018162688
1225318187476148224
1225532837559926789
1225304924948295681
1225252153192800256
1225304545074515968
1225320983520849920
1225417934744498176
1225492305181904896
1225565618080010243
1225227366894424064
1225548813001199619
1225318285010276353
1225366852664209408
1225491517151862784
1225288970797342721
1225404647827005440
1225212057017974785
1225501747763908609
1225371037472153600
1225560282833051650
1225257464993665024
1225561496274554884
1225421634263076864
1225414411273134081
1225434719375872005
1225233988165525504
1225300292599787520
1225527241121116171
1225370316412768256
1225400321813483521
1225531709380317185
1225488404080713729
1225291525728296960
1225375796782608384
1225552514248040449
1225399845495676928
1225503426466983937
1225435909325283328
1225397188286484481
1225342337804406786
1225311745255755783
1225421682808098817
1225321790127452160
1225465630767407104
1225499649668190208
1225228413935308801
1225522496369233920
1225285810150420480
1225394170883268609
1225465996317745152
1225366529434247169
1225287969088524290
1225252624926003200
1225494527756161025
1225494790042738689
1225465500483891200
1225210649288093696
1225294149055729664
1225212472962928640
1225436772039102464
1225488948518170626
1225326448799404032
1225522531383304192
1225488349613477889
1225467085054185473
1225404042618318848
1225402992616079361
1225293738584363008
1225488215559282689
1225301951027396608
1225414612163518465
1225565841435103237
1225298594045005825
1225522485279543296
1225377931997958145
1225524547149062145
1225286356558991361
1225366870490058753
1225521714349649946
1225493932227940353
1225372376340353026
1225485669159620612
1225264681142472704
1225252958553681920
1225261094094200832
1225259955105566720
1225255340046004226
1225376037510533120
1225560736627339265
1225370926377684992
1225231112651210752
1225260705244299265
1225266106786385920
1225498284518772736
1225519935369154560
1225486498625204225
1225340121991434242
1225525452103671808
1225228323334176769
1225305406697869312
1225310472016146433
1225492671302639618
1225455840607559680
1225300780300685312
1225457647060692993
1225218175320625153
1225548732831346688
1225528589094920194
1225435860042240007
1225362077210075136
1225549172037869580
1225229560863739904
1225372712115331073
1225377040473325569
1225253949881700352
1225251768646291456
1225504179906633730
1225269800957550592
1225286095723737090
1225258736559837184
1225434605001424896
1225370184170573826
1225299718554648576
1225550367427039232
1225216411141902337
1225218729115389952
1225271636380618752
1225337176763711489
1225217054011088896
1225437576540098561
1225331485294481409
1225368714431881216
1225554508320792581
1225487325070753793
1225530638654156818
1225521751171485696
1225471745144041472
1225269403152871424
1225535025250230272
1225330677186351104
1225495583101681667
1225396410012590080
1225366655129264128
1225363752926638080
1225498004909690882
1225309343492407298
1225216898117206016
1225529760979267597
1225268260737675264
1225505421487673356
1225502852333887489
1225470341662879744
1225482578402000896
1225358602296315904
1225497239814115329
1225520548303777796
1225255538650468353
1225470053887418368
1225501270074626049
1225393372258435078
1225231698025205761
1225269821656354817
1225253187453472768
1225248545546100736
1225469229824081921
1225524735393574918
1225496108031500289
1225488675401797636
1225444968359059457
1225472977271058433
1225470747092582401
1225436343028809728
1225473781587742721
1225226096226045952
1225455487073890306
1225333410878644224
1225288269526638592
1225326400963432448
1225253606636605440
1225417229354749954
1225562955531550720
1225492747420868609
1225249735637790720
1225380747713941504
1225556755985334272
1225223597079199745
1225287346121134080
1225218188599676929
1225323210872250368
1225292424232103936
1225306009373007872
1225446288432353280
1225498934791024641
1225446236603457537
1225456151904444421
1225377278256791558
1225465182819778560
1225554641317965828
1225417676639461377
1225552654157459464
1225361649789333505
1225565296397889539
1225532657410465792
1225317699926069249
1225322876514918400
1225257214690066433
1225219687887167488
1225535137649176576
1225317454672429057
1225364659320037376
1225549946079916032
1225288006841643008
1225500904192987138
1225434075340521472
1225418443740139522
1225457150106845187
1225247817557364738
1225527688867262466
1225359675794681859
1225419318453768192
1225435557238628352
1225553134082236416
1225495395268268037
1225499506583777282
1225218076280385541
1225230781691432961
1225562290897985536
1225263191346696198
1225309256347344896
1225263333361758209
1225219256431915009
1225232360167264256
1225298813922885632
1225492824352751616
1225531894399369221
1225337859919335425
1225454307031605248
1225434042079694848
1225467325698248704
1225496473275715584
1225335768165388288
1225474518958923779
1225434823638036481
1225558968929525764
1225527724695007250
1225314925314101250
1225310914271834113
1225365659594326016
1225506984109256706
1225214147542962176
1225227964457111552
1225548589021253632
1225437108929564673
1225487750637420544
1225372445332230144
1225487509737607170
1225256467701235713
1225217713456504835
1225379434712178688
1225416916992430080
1225249586786308097
1225310103391178753
1225494725442056199
1225378304074670080
1225496641538600967
1225564101348352000
1225299923643420672
1225283846058500096
1225262369800146944
1225437444293767168
1225369099934396416
1225488487568355330
1225393814094909445
1225455017802465281
1225529116675518464
1225547263101087744
1225566662583373824
1225504562510999553
1225256514052448256
1225395695370358784
1225466290074243075
1225396808702099456
1225248472925966342
1225560876754796548
1225535163003789312
1225358844353708037
1225445725795966976
1225469392231657473
1225545997402636291
1225211958921580544
1225394984708431872
1225397954942402560
1225465504166490113
1225399607766597637
1225289266348978176
1225533090635882497
1225445158113726464
1225418300630294528
1225258696055246850
1225492942477053960
1225319707802124288
1225434852935077888
1225248238627893249
1225319244742610944
1225361737844764672
1225524218823094272
1225528341337260032
1225378304770760704
1225267933833760768
1225486218814722052
1225558734954541056
1225494084892155904
1225498370560622594
1225499058736947202
1225225600429850627
1225436612332523521
1225418963208822784
1225421840006311936
1225489010602147840
1225392459980496897
1225499159958097921
1225258673930264576
1225325230324879360
1225534981948268546
1225217690337468416
1225264695273234434
1225472256161107972
1225455571148640256
1225456309945847809
1225471170834624512
1225432902139334658
1225341163655352320
1225497088659742721
1225468005284483074
1225321401697042432
1225293440394637312
1225320170182336512
1225434206337003520
1225445350850187265
1225551680999165952
1225342784854298626
1225485383301050376
1225231035975127040
1225415451313762305
1225546216202788866
1225395712369872899
1225502298937401351
1225369061619634176
1225446093095362562
1225549849514434569
1225293122814398464
1225361444708941825
1225421582060969987
1225229087993520130
1225248382811136000
1225269015892897792
1225269296261148672
1225531342886178826
1225471762806296576
1225270501238460417
1225311630101102593
1225321353399529474
1225561689178988546
1225319684150616064
1225300049002889216
1225499900252753921
1225303934249717761
1225216677211787264
1225454971778285568
1225535700717711360
1225305788366721024
1225263902503710720
1225492784569815040
1225421649002029056
1225395879412146176
1225535654915956736
1225296891451043840
1225558033775894531
1225548107854815232
1225372989803220992
1225551963053580288
1225497787900551175
1225378055218032641
1225373845063950340
1225551071587766272
1225529758412353540
1225295310534000641
1225307405564731392
1225312433985794049
1225405065910984705
1225457021522079744
1225229868993896448
1225530412052688901
1225263726296629248
1225394350651252736
1225492042572279812
1225221500698910720
1225404041682812930
1225527741069627393
1225339550383460353
1225248735300440064
1225257314417926144
1225402001384787973
1225420371320541186
1225499467073441797
1225473049794736129
1225403113160314881
1225318625063702530
1225415443650768897
1225294399048802304
1225558652372897792
1225366144149676034
1225434746127147008
1225521892234272774
1225286908923674624
1225218968475975682
1225467508041420800
1225368419597312002
1225221269429243905
1225471833345937408
1225228317391040513
1225324652714713088
1225288188551282688
1225435138575740930
1225506099471749120
1225395530840207360
1225445666215931904
1225373209425567744
1225558940555018244
1225365429759012864
1225447601207562240
1225368297975111680
1225322512076046338
1225256816839405568
1225446607015096320
1225559436921593857
1225262019336687622
1225557345016610816
1225211376819269633
1225496041270792195
1225310128297082880
1225340126626287616
1225302870674640899
1225566580735647744
1225490977982468102
1225457709102882817
1225446874347425792
1225399597360541696
1225456534878027777
1225556841859624961
1225488820164071425
1225372666867191809
1225225023536975873
1225483089159299073
1225302044480684032
1225338551262310400
1225488870562816000
1225375088129773570
1225284696873013248
1225564109963436033
1225378380398219264
1225311897081319424
1225547725262991361
1225549519267471361
1225311638485700612
1225417693785985025
1225530515861770240
1225227677633785857
1225495173087580162
1225561658195611649
1225491730075725824
1225291075478114304
1225437654478491648
1225415935919419398
1225529639151513613
1225552693982375941
1225489159697162245
1225471844842532865
1225485160667283456
1225267919006789632
1225418892056547328
1225560636878356480
1225303928935288833
1225377323131654145
1225269744489525249
1225482800914206721
1225223216148316160
1225315612781469696
1225308439565352961
1225489244677967874
1225529681295892481
1225503850578284545
1225222679554211841
1225249142902939648
1225488029185433607
1225257900538351617
1225436908303605760
1225295053175717888
1225454244922372096
1225473738918912000
1225335305789591553
1225249342031900672
1225472748807315457
1225526838350446592
1225302914391896064
1225499248944406528
1225309574997004288
1225415326004740097
1225304303411200000
1225265155337908224
1225397267517071365
1225296975328927745
1225562414135042051
1225297778810683392
1225421986295435266
1225309989134143488
1225329178519769089
1225418932397453319
1225420556012486658
1225360116880306176
1225522576908267529
1225454689992531970
1225469076979486720
1225565532344197120
1225232258988158981
1225265616489086976
1225293444458913792
1225296728267599877
1225339590979903488
1225312887456989184
1225487877787865089
1225291512075808768
1225307592936701952
1225532563139239940
1225482466691108864
1225402126144172032
1225212757143719937
1225435865264074757
1225235108837416962
1225333009387118592
1225252858263678982
1225445886727081987
1225295607084003329
1225367216255750145
1225224268532867072
1225269501568045056
1225469722763743232
1225306098858479616
1225286235725254656
1225363817795899392
1225533746985738247
1225447174105915392
1225251943771254787
1225291866297356294
1225255240586407937
1225497922248364037
1225470982367956996
1225260059350847488
1225499011282620422
1225489391621169152
1225556542747009025
1225561379282636800
1225525083441115141
1225231887624556546
1225547107337150472
1225254026490634242
1225268243343921154
1225378304129032192
1225565129175130112
1225527083587252229
1225553872296579074
1225308751751720960
1225309328971849735
1225249725231726592
1225500896420913152
1225367201919594496
1225263432447991808
1225258689956696064
1225494861777952768
1225293876023324672
1225520899832655872
1225364965730570241
1225554538003865600
1225549896830373888
1225488502026051591
1225549481304903682
1225505099193159681
1225395922596749318
1225285270666436608
1225414856922337280
1225399134858989569
1225294490492997632
1225268214185238534
1225288726592376832
1225446859348398081
1225298031299497985
1225446373396340737
1225309769684135938
1225455431197261824
1225454711240843264
1225422261668151296
1225376357820989445
1225533429682507776
1225467421798125570
1225337592901586945
1225250444483555328
1225525353847939072
1225554994608238592
1225248791386710016
1225456357681266690
1225396871482499072
1225505732763754499
1225402845702295552
1225372245201227777
1225259660183326721
1225257099967508480
1225401649054863360
1225252869164716032
1225214269492473856
1225226116513681408
1225361935849467904
1225373363348103168
1225519143731986432
1225530410106531879
1225380893532966913
1225456447212998661
1225433753213947906
1225530600989319168
1225490655876657152
1225308504111497216
1225222301752360960
1225523257304113152
1225554143496036359
1225524495659741187
1225320583203680256
1225488323575209984
1225467744679874561
1225287688669954049
1225308072060473344
1225334150703415298
1225521094519590912
1225263966118498305
1225230111835873281
1225445730698977280
1225320680440258561
1225257198315589633
1225402693348462592
1225374463132258304
1225521692677591041
1225457252577902593
1225561760935170053
1225488119383887874
1225269993580920834
1225250917911416832
1225423023911718914
1225228401637810176
1225250445007806464
1225213868110073856
1225473803683323910
1225554383783579649
1225526040778309633
1225211286725779457
1225555219477671936
1225312148819042304
1225546370305712135
1225361155691933696
1225227824119848961
1225552389811380224
1225320735259975683
1225330846023831552
1225268895981826048
1225379427497828352
1225546416501772289
1225325130378813440
1225558762326495232
1225370290156212225
1225466363063525378
1225232909516333056
1225374837155057666
1225466020292431872
1225423230690897922
1225218742034063364
1225317220127068162
1225414419124871168
1225374383377723392
1225374241291411457
1225256416325160962
1225267094180290562
1225373107185045506
1225552692103274496
1225305033941499904
1225254101577031681
1225226920637456384
1225400876824588289
1225318232699129858
1225284311642849281
1225292060367839232
1225474323714060289
1225284711867699201
1225226291231764481
1225283865750593536
1225434096131825666
1225532124981350401
1225526001754628098
1225519921007857667
1225403890054520832
1225535666043465730
1225401645300776962
1225373256351305728
1225492772024614913
1225322120705560581
1225295256477790208
1225554916481142785
1225260358182420480
1225403255670308866
1225320405080121344
1225323652025081857
1225436390990786560
1225502038924124162
1225422739026010112
1225558224667136000
1225257361851457536
1225466149250457600
1225231153386287105
1225299265381191680
1225471347482071040
