1232166533436264450
1232149760863133697
1232150481784279041
1232391408033714176
1232257310061400064
1232308541068693518
1232245850979463168
1232391356250759169
1232278108893368320
1232150392089300992
1232278909661499399
1232392675166445569
1232227511871819777
1232337880749608960
1232148079945535488
1232180987490177025
1232302536989794307
1232391814138802176
1232439572027469824
1232446840647245826
1232277490942566401
1232178237465407488
1232277962881486849
1232202480261443590
1232213565853118464
1232166956641345539
1232385375206658048
1232428723581878273
1232349092468154385
1232271651066253313
1232204289713614848
1232391969231560704
1232344134301732864
1232235865767804928
1232264732368867328
1232236427330621441
1232434395597824000
1232168445338431488
1232361360887099393
1232257109741330434
1232392015087796224
1232178304855068672
1232446416833769474
1232167783099592704
1232320774091886596
1232332210113564672
1232410532549779456
1232404736210501633
1232397141936504832
1232271473596715009
1232338064682283013
1232235325898006528
1232224078057967622
1232385921531760640
1232204648947183616
1232283929748611075
1232392176128155654
1232193379762462721
1232391651060002816
1232403774070652928
1232427900697219073
1232248529113870337
1232422185224036352
1232255140398321664
1232246217201115136
1232180884180291585
1232256095802023936
1232410542377226242
1232284342585565185
1232236045112152064
1232350348699791360
1232398185651372032
1232290715893321728
1232315119486586881
1232263805092139013
1232166845869936642
1232237971144945665
1232391890714185729
1232194593329991682
1232272206488653824
1232398161177645056
1232321107761319937
1232193984723931136
1232302371583082496
1232391440430485504
1232421740229414913
1232362310494064643
1232314191454724097
1232157817689321472
1232325863179476993
1232290272215732231
1232215991033008129
1232410167704215552
1232179814838099968
1232404979865903104
1232157297612378112
1232284087274135552
1232338084022407168
1232428220622032897
1232410160800231424
1232428183515009024
1232289872037236737
1232272388340908032
1232216559998918656
1232302399248904193
1232332859886784512
1232416780024332288
1232428941266300929
1232325669155213314
1232246793506717696
1232193374351917056
1232193762274762752
1232296300571328512
1232337742668976128
1232191548470812672
1232204215017185281
1232290369032871937
1232271882281529344
1232392455149895680
1232355316878249985
1232361565963399171
1232404377614221313
1232235688852152322
1232309278398042113
1232255184568553472
1232237171777712129
1232385618757529608
1232166034590687233
1232439701346213890
1232236967573807104
1232423099305512961
1232380518530011136
1232434348084744193
1232314213403480064
1232355493387100165
1232452574692790272
1232190028568301569
1232386374768222208
1232440212829032448
1232271748524998657
1232206414791266305
1232255869074755584
1232410345794306050
1232320183101882369
1232344508005801985
1232362011218063362
1232264137775796224
1232264615683383298
1232392145052590080
1232271245120544768
1232337888119050246
1232296203297132546
1232350596671430659
1232270933559259138
1232194337070469121
1232415629879185408
1232314529972776961
1232190233665515522
1232440885830225922
1232296513738616835
1232337376422191105
1232215868244807680
1232379215154012160
1232192159740125185
1232355743451402241
1232452209964511234
1232416854494179329
1232289975737212928
1232451721370071040
1232421502336798726
1232326823146643457
1232315067825176576
1232216380268777472
1232255673989320704
1232314307880177665
1232356112436846592
1232256027497816069
1232404712781017088
1232415835962003457
1232320326387818497
1232271403203715072
1232439955835633665
1232391650397343745
1232326585757376513
1232338755874381825
1232284972972756993
1232206301163245568
1232156933907345408
1232440508758102016
1232284456167317506
1232302815374127107
1232202631734411264
1232367427754823686
1232224915358511104
1232148255548608514
1232326462721622017
1232279038523142147
1232361899498622977
1232190189600169984
1232349168246644736
1232434688700010496
1232303117062082560
1232302636935843840
1232331769686437888
1232422244636405761
1232314198551478273
1232272035499429889
1232321028564455427
1232326766305271815
1232227245298610176
1232225626335141888
1232391708861718528
1232356306671087616
1232157934886371328
1232225432348610560
1232320180312821761
1232284164268883968
1232272033049915393
1232367659066560516
1232302727356715010
1232148421248770051
1232226115374190592
1232264066267107328
1232271196177281024
1232404468467142657
1232422037286719489
1232248137072267264
1232445766251114496
1232404082003980293
1232191567492009984
1232427544646832128
1232157655587835904
1232410802914840576
1232177671569838080
1232215117074399232
1232290590076870658
1232224311609614336
1232308690843262976
1232263309384200193
1232272261740191746
1232386429378080770
1232296972704370688
1232302987672006656
1232256064281690113
1232326744583135235
1232248415104491520
1232272688779059200
1232440624298647552
1232217002074202112
1232367798762065920
1232391397988274176
1232149291654897664
1232361283091128327
1232422362533916672
1232361500959920131
1232416631382585346
1232355374906298368
1232404453589999616
1232326952960303105
1232379192945389570
1232216760604119041
1232325711920107521
1232202614043037696
1232157736105697280
1232236114129412096
1232308117100277760
1232296625277673472
1232157702786174976
1232332984444956672
1232410686560575489
1232391235383545857
1232422178655817729
1232225248357027840
1232445946866196482
1232445724937162753
1232237120678453248
1232226327002042368
1232202437374676992
1232374316194574339
1232284218807373825
1232373375458250757
1232245666547716097
1232379219512037376
1232215663973949440
1232326377518649345
1232379366312534016
1232257033812008967
1232325728848445448
1232433997914836992
1232373301827297282
1232165384456941568
1232326752032047104
1232264658146545664
1232307896202993665
1232177719338840066
1232411111661735937
1232349099741061120
1232332739661246466
1232361709379215360
1232181994865344512
1232167366177566720
1232385591096070145
1232206298999066624
1232349862936678402
1232205963635154944
1232165567693500417
1232254587962318848
1232227158011056128
1232263859886526465
1232238492983451648
1232452291455635456
1232332856472399872
1232362609724317699
1232344063107633152
1232337862600863744
1232202602714034177
1232379855662198786
1232278521638203394
1232362394757869568
1232235190220738560
1232167612534140928
1232303151216234496
1232362112279728134
1232421794788859907
1232403521603014656
1232391914730618880
1232295791512969217
1232332939054043136
1232391558315442178
1232315153116360704
1232272208086491136
1232225651702132736
1232391768613801988
1232349305228419073
1232361411038371840
1232166852316536833
1232386302810693632
1232349280222023685
1232397210148577280
1232386437812817925
1232373339513114625
1232193081543360512
1232391848469127170
1232290279119609856
1232255282765606912
1232338218877517825
1232165621929918464
1232343605429329925
1232327068517588992
1232303009809477632
1232344343836536834
1232284318086467584
1232361467984388101
1232147841482706944
1232214703494971392
1232338870773133316
1232256142484627463
1232326203723304961
1232246190487560200
1232256099719557120
1232368497575038977
1232168003250163712
1232398470495055873
1232150194361253888
1232428795438739459
1232246333811183624
1232367193557536769
1232264203123208198
1232355879875489796
1232302771103248384
1232314056284897285
1232314148454883328
1232452754032869377
1232165727634960384
1232255079622815750
1232320545305382913
1232237022107955200
1232416601775001600
1232309171577475074
1232452292206444545
1232151047172317184
1232380608506101761
1232158172405780480
1232245405632618497
1232204939029602306
1232247311335673859
1232148776648769536
1232246200583303168
1232331957029220352
1232385474536230912
1232452375819907072
1232203080478818305
1232284171034214403
1232434340107210752
1232178409272479747
1232338772827746307
1232246235421200384
1232264878649434112
1232237927117328384
1232278860063838210
1232446389784739841
1232263265587204096
1232392365945610241
1232386462714191872
1232168152122810368
1232392725561061377
1232150858491555840
1232227542268096512
1232272226772291587
1232225299179409408
1232167789294759937
1232202412980490240
1232289866878275589
1232165365607587841
1232290323792949249
1232391108828815361
1232404638474940423
1232237005645516806
1232277449515446273
1232374156253188099
1232440929698512896
1232320219105964034
1232445896329052160
1232313804333043713
1232422420025352192
1232224597166026753
1232203742394499072
1232373704526573569
1232422176093016066
1232308271920427009
1232181186425806848
1232398123093385218
1232343553571000321
1232291157058768896
1232451850491744256
1232238329552416768
1232338197990006784
1232416085116243969
1232277643447488513
1232256899510423552
1232167598776709121
1232302325991116800
1232285196084547584
1232410193071230978
1232380675317211137
1232361421704441857
1232350231355940864
1232255795300986881
1232355868534026245
1232415716701327362
1232226691289776129
1232226067756138497
1232404137184309251
1232361489455030272
1232238287810633729
1232257163936006144
1232157217824133120
1232215147403448320
1232332629942439938
1232451915985719297
1232296770484527105
1232410821852090369
1232332236101279745
1232285247255011329
1232337916887695360
1232169446023712768
1232451385792184320
1232257070394757120
1232272655795064837
1232301853821427712
1232315084090662913
1232446730056024065
1232254817621274624
1232379780345081865
1232190204401856512
1232404540344823808
1232214043168931840
1232283974950694912
1232150654904238080
1232331713973538817
1232178832385310720
1232284524836352006
1232272516846145537
1232238773615898625
1232439418914344960
1232446054190051328
1232248001172770816
1232350094512529409
1232349777364312064
1232404898303664128
1232165948511019009
1232446889884209153
1232356666395545601
1232290362171043841
1232368029943595010
1232337438594363393
1232452606791782402
1232320668173123585
1232182021193183237
1232314040652664832
1232385787674664964
1232392754455404544
1232434084720234497
1232392549005955072
1232190848902877185
1232167447966339072
1232265049865060352
1232215786200059904
1232277584626487296
1232205492736294913
1232320365025779714
1232315070928977923
1232411157891338243
1232247154397327360
1232308222545014784
1232327139036450816
1232291148124884992
1232385329191116801
1232235966858964992
1232417165371830272
1232205574156230656
1232397261562355714
1232343627436826624
1232386024195620871
1232386637922996224
1232247506152624128
1232434390463987712
1232285108293357573
1232158722949992448
1232361821564276737
1232367194593517570
1232157589439275009
1232193715617370117
1232147978787475457
1232235347196760064
1232422528137736196
1232434236319129600
1232309169857785857
1232217554224992257
1232272054981783552
1232278827708997632
1232290774701821955
1232234864042225664
1232386461443534848
1232331601884872704
1232440140292714497
1232417163656548352
1232422043015999488
1232446299812720641
1232297083908116481
1232398177703284736
1232403680806285312
1232386351795826689
1232150632720584707
1232386002402119684
1232264204012310528
1232367266613714944
1232350594381176832
1232337678949142529
1232194387603415042
1232157844948094976
1232157063872163840
1232237726235267072
1232429042613313539
1232373593327030272
1232397836781834240
1232255178738479110
1232296375028678663
1232226079617769474
1232349298106474496
1232404456547004418
1232248424784900096
1232149712704139265
1232263102785187840
1232404094524043267
1232320383048724480
1232150592249827328
1232319923357130752
1232308900436881408
1232337892682256384
1232284871156011014
1232216375227289605
1232283747426410496
1232279110023598086
1232434335946379264
1232264804779352064
1232245898161401856
1232181955879301121
1232295877651435520
1232410131582734336
1232338497501040640
1232446504041713664
1232326703390715904
1232391127304675329
1232246064809467904
1232392012311166976
1232191844647198721
1232343430459641856
1232319651260092418
1232289969915473920
1232392284701896704
1232428590635126784
1232367406841884672
1232157980352753669
1232422286243835904
1232350090813009925
1232373694149910529
1232379194203467776
1232434352702681088
1232296309643784193
1232157898567929856
1232257152183611392
1232391281239842818
1232410743657631745
1232397255149342722
1232422335866691588
1232350264499277826
1232263846234030081
1232203088192126977
1232296929880616960
1232203829476765696
1232356192443232256
1232264285335801858
1232415708849504256
1232225534781816836
1232314312456376321
1232203626812203008
1232397115172827136
1232169223998365696
1232326870202552321
1232398658328506369
1232343381835157505
1232302681391292416
1232224546565976065
1232149824197103616
1232338546729635845
1232246280790953985
1232417105888366593
1232291252466585600
1232216661693956096
1232289996209610752
1232237353126641665
1232257367913287682
1232272484428394496
1232404342109548545
1232238197897232384
1232290265303527424
1232265675588108289
1232410168647933952
1232410771738357760
1232157278691708935
1232308527026376710
1232303188604325888
1232385190900699137
1232434117813293056
1232264791856680961
1232368411486892032
1232416839428452352
1232416161591123968
1232362716368719873
1232439810658197505
1232302798420815872
1232166773639663616
1232289667854274561
1232433744243380225
1232380449210671109
1232189890907004929
1232314501908910081
1232367847105605632
1232320191641595905
1232338434536214528
1232338865572237314
1232422650854739968
1232326684235325442
1232224877748375553
1232190106968047617
1232214253563764736
1232451368389988352
1232168490964062208
1232343796081295361
1232147752932577280
1232194651706314753
1232451630752092160
1232148475304767494
1232158511393411072
1232214085623664640
1232237809328623616
1232263900294287365
1232440806889312256
1232291213191065603
1232356063216836610
1232326891668897792
1232226002425831424
1232349858146611210
1232392490105364483
1232237452586188801
1232392007437422592
1232331666930012160
1232314053005119488
1232452433973923841
1232192552641716224
1232202388351549441
1232291065107042305
1232397242868359171
1232350059745943554
1232314577519443972
1232272487418753024
1232326965912363008
1232452560386019328
1232202832687710209
1232263651521785856
1232158276751478784
1232204018904117249
1232356494764630025
1232308042009628673
1232256431488995328
1232255217531596800
1232277628981256192
1232283844881113090
1232157945728831491
1232327109378543616
1232150609559785472
1232404178724704256
1232203841900175361
1232215837395668994
1232245185209348096
1232236990164193280
1232452301580722177
1232327022250205184
1232440797229801473
1232362059066757122
1232284398843842560
1232236813659582466
1232206103963951104
1232256201414643713
1232150753227177984
1232452100086321153
1232157727247331330
1232338881690972161
1232385900635660289
1232410320074874886
1232264999764189184
1232314917371277314
1232434918128410625
1232338174547984386
1232255388659179521
1232303156647862272
1232165444598943744
1232264112803061761
1232361449944731648
1232367984062148609
1232206102873296896
1232326849507790848
1232326536654618628
1232422104903114760
1232190029268733952
1232361929584365568
1232168289431965696
1232178374744911872
1232429068294836224
1232433695794978816
1232325918770782208
1232264505847140353
1232291047251890176
1232392405388873729
1232386493169176576
1232367894857691142
1232398251946651650
1232169236283392001
1232332113992507397
1232254707453874177
1232314723363958784
1232291026255171584
1232368340456419341
1232295934383607809
1232361509700980746
1232320647151390720
1232362206001422336
1232362479751176194
1232278770100383745
1232225268019810305
1232440834202619904
1232331866062983168
1232290937633722369
1232245814245941248
1232368344126369806
1232332826781081600
1232168019440406529
1232439673022140416
1232367975925211136
1232421643684679680
1232361356084547585
1232326825537347585
1232247178908692480
1232314508938375169
1232451926517673984
1232422700343287810
1232320922197078023
1232247909590032384
1232397405464776704
1232178285561499654
1232445459479719936
1232238496854622208
1232256978048688128
1232256955806294016
1232265021196865536
1232451742459027459
1232278089603960832
1232404024776744961
1232150638777323520
1232203445433663488
1232452156466192384
1232355547812261888
1232433739713499136
1232308437536493568
1232451791234560000
1232255809834377216
1232428974954823680
1232362679907602440
1232446566352355328
1232296426375434245
1232397708071178240
1232296334645960704
1232204656996167681
1232180229843517440
1232361960655802368
1232237190513647616
1232225850332000257
1232356108100100096
1232380144523677696
1232446479878377473
1232380345951145985
1232238099939414017
1232202642287419392
1232445527783985152
1232428770448920576
1232245497118654465
1232391957789499392
1232391295005491200
1232278538394443777
1232290639007617025
1232385954771542016
1232379621490020352
1232433711209017344
1232439420889886720
1232237607993524224
1232264692703416322
1232417239879634945
1232332573013139456
1232193857670066182
1232224165064826880
1232283957208715265
1232379809189240832
1232148998066143232
1232338723313942528
1232264109782994944
1232178448119918599
1232148551162941445
1232422522521620487
1232355979129262080
1232307887302684672
1232177570407473152
1232428018494312450
1232313910658682881
1232439931550588930
1232301976542560256
1232177291695812611
1232256341714120705
1232248385006186497
1232350288318730247
1232361653464793094
1232319958140563456
1232264565729026048
1232362029744259072
1232257477875556352
1232272105711992832
1232166458769063941
1232320701782204418
1232416937789050888
1232263286609059841
1232374346624258052
1232165235059900417
1232238517876645889
1232158018919268352
1232165233390751744
1232291151136411648
1232326157846097931
1232181691529093120
1232303021301911552
1232349879059525632
1232245958710382592
1232166680282841088
1232302536599756802
1232374689286086656
1232350064695099392
1232421955648794636
1232177609942892544
1232367494658232320
1232263730181890048
1232452472242720768
1232213671058825216
1232158349073907713
1232332753712111622
1232204490448809984
1232238515448098816
1232225633889144832
1232157236857835521
1232451873036062720
1232338571350040576
1232165690594848769
1232320084774920192
1232313843017121792
1232257134479331328
1232386039874031618
1232325653673807878
1232235625350389761
1232403320045756417
1232225934146711553
1232392779466235915
1232349734658068486
1232403729980112896
1232205920169594884
1232238133925883905
1232257461781958657
1232338063168327680
1232327017288359938
1232439842279063552
1232158847889838081
1232332342309642242
1232214941047959555
1232321014157238277
1232179239366979584
1232326260992479232
1232302722038132736
1232350446112649222
1232355718868717570
1232296764956381185
1232296359392399360
1232270987544145922
1232224067148640256
1232214828732895232
1232265089258082305
1232326382623039490
1232344305571958784
1232191743283671041
1232374487577792513
1232226016157892608
1232167931171069952
1232397493914292225
1232256962861117440
1232264533147820032
1232337615761936384
1232284243235086336
1232190941932478465
1232320671772037121
1232327025555165184
1232150523706474497
1232422542322937856
1232422448735215616
1232452211508051968
1232356225368698881
1232308162017079301
1232380546417709056
