1224525344482328578
1224641827250139136
1224751124399435777
1224689907043590147
1224614988548935680
1224756850865799168
1224806467632496641
1224826339288584204
1224634702750867456
1224503960301641728
1224642941961900032
1224831697998548992
1224793762896977920
1224709157871329282
1224577152496160773
1224576074870337536
1224692013267857408
1224609087981334528
1224839069856866308
1224704829165113345
1224510984288657410
1224531856554479617
1224548136363782147
1224508272612261891
1224723097300828160
1224634776478351360
1224824855377457154
1224783174913470464
1224775136169152514
1224637340016136192
1224760144896110593
1224740433168867329
1224637238966919168
1224758080358895617
1224525260705320960
1224607252314820608
1224775989328261121
1224680001724985344
1224823969393475584
1224633991938093056
1224721024245125121
1224830223742652416
1224584853661868033
1224795649507545089
1224533977261694976
1224573736717778944
1224709046382612484
1224656412078247938
1224720146637475840
1224775905802903559
1224586569215922176
1224824826491260929
1224756965554806785
1224708231248912386
1224581763470512128
1224583705559044101
1224688638388101120
1224678947591532544
1224642089637613575
1224733688501501953
1224635648130207744
1224583505641799680
1224762338680508416
1224631286494584832
1224690988410712065
1224529218056441856
1224797641340542980
1224691730278055937
1224722069134307333
1224736750213320705
1224733877211729921
1224587003578089472
1224757952776527872
1224703270133870593
1224691924688424961
1224580282646319104
1224602580984193031
1224545389631528961
1224531040275812353
1224502995506720768
1224636535418454016
1224690790166867968
1224659966834819072
1224838808648212481
1224525910063403008
1224587854275178497
1224641307806748675
1224608259392172033
1224630447369523200
1224513626842783745
1224708007726022657
1224759877886795778
1224560280824418309
1224762301703761922
1224812861957996544
1224512391578177537
1224724782765219840
1224751072834662400
1224723003931578368
1224559826157654016
1224507334837383168
1224764101198598144
1224835284375752704
1224524674308231168
1224556118627758080
1224555085700616193
1224629738821443589
1224560724296507393
1224735940502937600
1224602069446819841
1224741029598973958
1224644560720220161
1224755173593055232
1224491860497858560
1224550532468994048
1224842142964703233
1224831647155179520
1224674503654957059
1224734660195946497
1224550763956801538
1224799436770967552
1224513334155890691
1224678628316844032
1224486200087662594
1224584745876688896
1224605575549460480
1224739729247285250
1224674065786572801
1224836768740061184
1224582993668263937
1224808107890503680
1224503418213015552
1224633977975128064
1224676486948540420
1224738945533038593
1224758571432366080
1224579071012528130
1224612039940825088
1224781635423481856
1224546042969870337
1224490227688972288
1224530308269334528
1224552514978074624
1224509549832364032
1224584228286935041
1224635338229837825
1224642953634775040
1224505131833724931
1224710339528417286
1224604892574048256
1224705413968465921
1224825223918313474
1224789315105980418
1224806624604250112
1224805485209178113
1224724654515863553
1224534247114858497
1224827607658778626
1224839343673696256
1224705664376868865
1224830703273218048
1224662991599108096
1224548052385574913
1224657640485269505
1224832865537527810
1224788333446025222
1224583149650247680
1224734533687353344
1224778883301593095
1224633780587003904
1224547814320922624
1224634168430268417
1224530607226740736
1224674264269246464
1224490435667689472
1224831583686840320
1224676321613074433
1224552585077710851
1224740370581340160
1224528807471742984
1224526010655244288
1224529562882625538
1224485417551986690
1224778215610146816
1224679521527271430
1224732887762776065
1224585250052820992
1224644226849243136
1224737580740202496
1224706934311440386
1224560378841006081
1224486331801202693
1224636090109157376
1224738470150770691
1224838984771215360
1224631500253077505
1224780969951055873
1224607215824207873
1224527907680333824
1224835564224110592
1224644754480066561
1224635720804880390
1224793664800485376
1224509153441386498
1224634709797326848
1224812655342444545
1224750832933011456
1224692426851463173
1224584552221302784
1224558525675790339
1224834587597180932
1224709983633334282
1224737669206298624
1224489037701865472
1224609771472355329
1224642457045848066
1224694755725938688
1224776541965627394
1224788163677130752
1224789314602721284
1224577817951625216
1224736746702663680
1224750501344030725
1224511670954758145
1224689155004780550
1224508786481590273
1224525473130020865
1224676507483807749
1224558175602393089
1224837315849179137
1224579007598850048
1224803866220355588
1224805920456265728
1224484309056118789
1224503138268434439
1224758203558322176
1224660818651860992
1224739360861376514
1224588349026889728
1224491342937542656
1224708736561950722
1224828335508856832
1224788043577593856
1224789295090880517
1224704827789402112
1224655733356142592
1224722263670288389
1224758600737812480
1224778699347615745
1224581308510138369
1224559861024706560
1224503215548293121
1224750600799293441
1224583659455422466
1224607423215751168
1224733128943718407
1224526479020773381
1224641263313375232
1224723278700277760
1224491645581721600
1224631051462426625
1224492946701144065
1224581057409740800
1224710709432537091
1224634155906019328
1224525987288772608
1224635335457542144
1224790063889948673
1224807065450881025
1224605209780985856
1224506300865961985
1224556473440620544
1224578377346174976
1224836398768738305
1224737306252169216
1224606117587640321
1224584932758040576
1224546665777881088
1224552324007256064
1224631561573761033
1224490376809078784
1224533869246001153
1224657467319169031
1224605533921071104
1224841569380990976
1224789323247161344
1224633943116271616
1224781585460989953
1224505051458285568
1224738288088432641
1224616553540247553
1224810730110754816
1224691943084580864
1224776473850064896
1224803036276629504
1224657862049325057
1224533345452859393
1224575570966720514
1224736889187508224
1224659891672973313
1224763542911569922
1224722910352461825
1224810870292779013
1224631239228952578
1224740013599969280
1224835240495140868
1224492647085236225
1224782226019299328
1224689269567918080
1224588296153513984
1224763258583699456
1224739977851961353
1224588968186056706
1224782474783469576
1224824136565952512
1224617036388560897
1224677980850589697
1224753659646316545
1224790041798549504
1224504866254524417
1224835929044471809
1224834300228489216
1224657572571029504
1224689511726272515
1224792849440477184
1224506586162327553
1224837116309331969
1224525927159226369
1224553083058806784
1224725161481392128
1224740141954150402
1224491097239490560
1224631372935049217
1224637934470672384
1224792989375123458
1224506631096078338
1224613838168956928
1224634364681580546
1224736024473063426
1224833484960649216
1224526904973316097
1224840464999665665
1224634467391639552
1224533012462866434
1224612639025901568
1224720108083466240
1224705985010458632
1224555403926745100
1224530640009416704
1224825121774260224
1224693085717663745
1224574462147719169
1224662204999331840
1224790467122028545
1224662706608726016
1224607169221484544
1224753027011108865
1224606511458148353
1224709798215720960
1224694866778587137
1224790807565213703
1224752614182739970
1224663378611732481
1224782895765762048
1224695009120702464
1224833659498369024
1224799340700540928
1224705157562347526
1224672419136385025
1224756712944685056
1224512379578396677
1224694220989988864
1224551213653463040
1224840069887950848
1224740202289086465
1224759371219030016
1224834344620969984
1224721794009128961
1224722864475181061
1224739523097255937
1224505866113683456
1224740623707623424
1224576800828772353
1224807323136380930
1224532804446441473
1224825812223954953
1224528069077143553
1224841623684538368
1224752153555652608
1224694613673308163
1224761713691701249
1224657232337362944
1224579409031634945
1224827032728752128
1224531061259956224
1224487412912529409
1224527380036763648
1224694689594593281
1224708226215829504
1224799112178098177
1224530169001431040
1224551327621054465
1224709490307715072
1224760299254878208
1224719754184626176
1224509014333165570
1224754104381079554
1224657265342533637
1224831120417705984
1224694436635893760
1224525697055485952
1224552853819125761
1224561362581512197
1224706755445317637
1224780842674814976
1224735041760190466
1224588963446390784
1224691966295920642
1224676518095396864
1224788666419228675
1224808975008518145
1224492197061545984
1224754375957942272
1224738841363394566
1224641479911411714
1224546151887593477
1224693869956288512
1224590675280220160
1224483740946178048
1224524183343755264
1224840945784492037
1224793562858115074
1224601732266594304
1224835093392265216
1224799480236646404
1224805437494767616
1224678073515364353
1224507083065896960
1224826039286800385
1224546750980952064
1224550338310680577
1224630881102565376
1224608274776915968
1224751368092692480
1224630051087405058
1224490998920699904
1224789420202766336
1224722488430645248
1224694613522309120
1224639342217433089
1224655089119322112
1224842226141933568
1224831066122477569
1224795268110942211
1224492177050546179
1224529150607790081
1224656080246013954
1224794870323171328
1224558758157803520
1224485432882159616
1224548510416146433
1224584395345973249
1224733693010497548
1224507395537133568
1224755095029633025
1224792368181907456
1224524480812322818
1224662240214880256
1224661003348205568
1224758203252199427
1224588173705011200
1224488909930946561
1224524618716704768
1224642798722387974
1224810904329641985
1224806271951540224
1224753346633822210
1224547993279352832
1224811472888434695
1224828517768187905
1224523876127952897
1224733721984753664
1224791267646812160
1224710569372061698
1224838170111594497
1224795713671979008
1224635373655076865
1224642067692957696
1224629903431069696
1224572542293356546
1224487228270764032
1224692746490871808
1224737183011082240
1224706623568072704
1224660010690461697
1224838103350726657
1224556910306680833
1224811928339435520
1224677429085601793
1224791015573213186
1224805448076972034
1224678115122630656
1224787840564977665
1224644218469007362
1224640674521182208
1224506394331832323
1224753097165197317
1224763998333214721
1224791042790027264
1224532740915134464
1224580174903173122
1224589236042522625
1224582488019939329
1224675701573316611
1224504785845379072
1224611030380072961
1224484357127032833
1224585884785205249
1224709974263287815
1224751777993707522
1224680391711182848
1224631412894195712
1224558560715010048
1224549406294171648
1224557800526942208
1224491154168639489
1224796871052406786
1224692162304135169
1224612530871365632
1224555625255817216
1224655074087096320
1224554125750231042
1224660815564935170
1224610117997531136
1224703515194462209
1224740124044484610
1224832874509217794
1224576841387692033
1224831872598990848
1224546076692295681
1224558950537998336
1224559326594945024
1224644112176959488
1224547646238408704
1224642465602232320
1224834178962690048
1224605883822301188
1224709818872668163
1224578330449477632
1224755490581884933
1224840295453483008
1224504098373935108
1224829774650126344
1224561581733736448
1224690849453367296
1224635871778893825
1224824825266524160
1224840815803076611
1224548238599933952
1224533809204531200
1224574195557904384
1224752152268214273
1224801882310434821
1224587281467617282
1224578874668806145
1224582388388261889
1224504036449247234
1224505484217995264
1224680339525832706
1224614584893480960
1224831371895590917
1224641939988811776
1224835160719400960
1224561348056637440
1224795372213633024
1224612644386045953
1224756680187170819
1224490806976712704
1224482912407392258
1224483326091677696
1224826361988009984
1224740170710339586
1224777063065767936
1224680426284802053
1224805903062523910
1224806503602847744
1224640894764077056
1224492382319673344
1224721527343480832
1224636908954890241
1224587270419664896
1224614936938192896
1224638122048098304
1224762398021705730
1224577832157773824
1224794734767624193
1224609636181073921
1224751544656125952
1224750339963797505
1224525546207367168
1224506710028517376
1224826178910818304
1224841753041104896
1224737020188286976
1224705192643481603
1224694065272213504
1224835082042650624
1224710634304155649
1224776577118035968
1224795167611289600
1224584701995888640
1224675455640449025
1224549145492377605
1224656808565968896
1224840736446742528
1224549240636084224
1224580185791639553
1224610892073046016
1224830866242854914
1224579751819374592
1224827270780551173
1224734096045367296
1224803485608103936
1224578944290025473
1224733082563096576
1224559789084114944
1224792611245973505
1224554950681858051
1224506842312654849
1224511258780741637
1224691788830502917
1224674379184988160
1224487196209618945
1224662903967682560
1224549877604065281
1224577360269234177
1224655212830392321
1224758816782327809
1224693780160438273
1224662255947722752
1224587276769882112
1224575664151388160
1224812782010257408
1224735650617819141
1224702598269128706
1224613172688097280
1224831687722504197
1224788145666953216
1224642863058780160
1224548174557134849
1224559791617519618
1224704524125949954
1224606189566267392
1224573120289308672
1224691119533051904
1224760891553566721
1224554762764374016
1224488809812938752
1224484392271089665
1224835555281653760
1224811851353071617
1224511331937603585
1224801176429920257
1224711031416664075
1224552590773571584
1224691314932973570
1224737696335065088
1224548821524455427
1224489251334692864
1224755255587401729
1224660859097698307
1224778469869072385
1224531271742709762
1224782414771257344
1224711315622633474
1224825733916381188
1224842173784322049
1224551348030427137
1224832734310404096
1224615068991549441
1224550730733903874
1224711019223748608
1224663347418877952
1224617037185482753
1224487441991700480
1224688822035865600
1224719981952282627
1224690301572280321
1224678834383081474
1224634523763212288
1224795184904515584
1224778220182085634
1224758278447648769
1224554186672459776
1224739030526390272
1224825640601505793
1224722665333649409
1224575668425576449
1224528073388908544
1224695090549088257
1224673836425191424
1224524718914580481
1224655947248750592
1224704926388977667
1224689344470036481
1224644904401268737
1224677916501532673
1224764150909370369
1224507031962279937
1224732776177360899
1224800017032019971
1224791920204890112
1224661147162300421
1224531160438595584
1224544915801223170
1224734600649433088
1224776458469609472
1224734720103264257
1224741359430488064
1224755735516434432
1224588601264046085
1224720109660491777
1224805243252289540
1224675267479654401
1224825728849461250
1224804042918060032
1224720026495746049
1224812193893371904
1224719251208056832
1224782459885232130
1224794565439213568
1224722506797473797
1224531843648634880
1224693516250386442
1224529687486971904
1224778596948107264
1224673384631398400
1224657594163183616
1224739097089990656
1224710306326368258
1224658548258410497
1224694067595923459
1224602074723299332
1224689476729036800
1224580906444185600
1224523831903023104
1224735459135369216
1224789993161404422
1224675043147468800
1224578972312203264
1224732940212420609
1224551844996714497
1224679009088409600
1224825298644062209
1224507705957568512
1224791665426214913
1224709406367068161
1224755418053926918
1224639154769674240
1224757202868756481
1224659745300074496
1224610783579049984
1224734718538788865
1224527540800241664
1224506673001160705
1224550543273496576
1224675947766407168
1224577487016882176
1224676845343342593
1224688641420808192
1224510877581209600
1224487478746202112
1224694048629256197
1224524610898554880
1224587809043992576
1224841936693080064
1224705380208586753
1224656584904560640
1224509107056467969
1224673395553525760
1224523819697655808
1224780456417202176
1224760034304806919
1224694739573903361
1224635831983448064
1224694861137186816
1224483185783906304
1224777559314923525
1224655850301558784
1224777765188186114
1224787972991655936
1224806732293165057
1224549214404911105
1224531940142796800
1224788740658192384
1224631186661597184
1224802299438039040
1224690275731243008
1224825037389058048
1224782502763618306
1224740184618622976
1224803345744793600
1224663122310361088
1224490174178041856
1224795010811301888
1224657000132497409
1224634405760552961
1224751527757340672
1224676513867534337
1224759624148103169
1224827597160357888
1224799347197595648
1224719545501286400
1224672580717568000
1224508968908677120
1224736346411094016
1224809128813568001
1224842062006124545
1224827757160488961
1224638744856289282
1224732884583366657
1224830954654531585
1224757201979564033
1224708518034493443
1224691482260578305
1224582500753666048
1224824531522670596
1224658144686637056
1224788593434091520
1224486613104775168
1224720867596341248
1224673867840524288
1224637092946276352
1224831656110018560
1224574256572522496
1224832871082283008
1224835843501760512
1224830115512758272
1224612091358859264
1224556312404451328
1224484011432607745
1224674085411663873
1224526589364527104
1224673014417100803
1224575136776380416
1224552903836360707
1224775274795098112
1224547571902943232
1224723756188200961
1224797811671273473
1224558823416811520
1224839479325790213
1224490980675444737
1224641506343964678
1224485243807244288
1224781972041555968
1224574118386790400
1224485944633577474
1224655184611151874
1224828020873142274
1224724903984803840
1224808915256279041
1224812412995424256
1224800802633588743
1224800822745153537
1224674611570364416
1224689479782453248
1224609560255770624
1224659437555724288
1224841346533380096
1224788441977827329
1224655938159828994
1224794805949124608
1224680301147889664
1224707792717651968
1224834290480898048
1224737062169075713
1224789122646233089
1224642434757357568
1224803250819518475
1224841704370593792
1224531706385842176
1224781851199279105
1224640917086195712
1224492973070614530
1224719225610293248
1224759442849325056
1224689884985577472
1224533761359925248
1224733586831630336
1224549964979695616
1224738164381835264
1224734582991249409
1224825762500546562
1224604972316315648
1224533547114876928
1224573047874547712
1224737808432140295
1224485027766923265
1224804580837527553
1224740692674695172
1224534589810429952
1224720240191426561
1224644364485431296
1224544869034545153
1224736362357760004
1224590921024536576
1224510252764233730
1224505347987189760
1224483316885270530
1224676639025586176
1224823953593708544
1224604068351488000
1224678318944862208
1224636105170907136
1224510549528137735
1224610643287977984
1224586729551622146
1224552650068226048
1224524986532220928
1224693944597934080
1224601896939347970
1224738140151144448
1224828831514681345
1224828960225349633
1224638116855717888
1224841375558111235
1224637551157239810
1224486874850435073
1224690933553410048
1224676257306042368
1224672307718701057
1224810532789637120
1224783022223851520
1224824252530089987
1224751976665227265
1224829063115739137
1224735903672913921
1224706178942369792
1224528557696864257
1224760118526562310
1224835391661989891
1224584888403103744
1224679616729829376
1224483737078878208
1224608890517643265
1224577231399219201
1224631601323237376
1224675854170587136
1224658830761414656
1224528685421588480
1224508971160989697
1224823956483514368
1224677084812861442
1224609376578654208
1224725232356876294
1224721604858523649
1224838230325047297
1224707371286585344
1224831673612808193
1224636156194803716
1224756175717179394
1224643161965891584
1224534553420632065
1224583785590722563
1224547333288886273
1224734448379260928
1224586379017031682
1224658119432732675
1224829368335323136
1224808050223144966
1224722934465429506
1224507481990352904
1224556702864789504
1224692747640008705
1224782067206148102
1224642238870765568
1224827942338846720
1224524424218652672
1224839417497575425
1224661001401962496
1224615201292636160
1224781067774832641
1224662342257926146
1224722290744496128
1224617014662238208
1224759265644158976
1224833790545203202
1224602906751578112
1224796770619838468
1224512326197547008
1224839247439548417
1224558278807441408
1224514219279675392
1224645278663368706
1224739011509542912
1224689314279280642
1224678167023058944
1224691409669607424
1224583437555769345
1224800189740961793
1224635651238301696
1224709438025732096
1224759727097249793
1224675375281664001
1224725149464707078
1224546624283664385
1224740138607153152
1224830397114126340
1224808996458180610
1224673666648154113
1224761223658393600
1224840396133535746
1224691645356105729
1224580371330678786
1224582032900206593
1224830777860341760
1224837033182531589
1224791046275641344
1224740009946775552
1224555786229161989
1224559851344363520
1224513215201075200
1224636872682426373
1224655311149117442
1224645277379964928
1224492251759497217
1224491257377980417
1224587440813297666
1224839481531912192
1224533750395985927
1224755113165762562
1224590765285732352
1224645142285389824
1224672340375568385
1224508955214471169
1224753360785379328
1224609578161143808
1224775605524291584
1224677806979764224
1224629249472114688
1224722947203575809
1224492094334676993
1224691315574628352
1224484391424008192
1224706000760033282
1224832571357499393
1224556219299287040
1224776887169376257
1224722610275020800
1224531067635265536
1224827604588486656
1224794080745525253
1224733228084404224
1224611554185764871
1224609996723245059
1224781303121432576
1224524194039267329
1224828642531909639
1224585086785540096
1224603025152598017
1224751261662117889
1224760626481975296
1224799627561467904
1224835542690467842
1224489531706994690
1224532159236472832
1224586785394577411
1224612329192476672
1224575391169253376
1224576611883851776
1224840417394380800
1224644569431789569
1224757541688750081
1224483440734679040
1224808529749577730
1224723129093611520
1224836743129595908
1224614160706621440
1224557576848719872
1224674306438975490
1224739763778801665
1224583380370690049
1224612247525195776
1224692509546336257
1224740626333347841
1224709764179021826
1224799284425609217
1224657086975369222
1224586074049204224
1224811763037810690
1224507505352441856
1224762226432671744
1224557916268589056
1224663664269103105
1224692333670813702
1224484154756214785
1224691124209684480
1224548722278895617
1224760890580332544
1224736396612599819
1224573316838461441
1224553363309641728
1224754248606535680
1224839414301515776
1224572486005583878
1224678412373102593
1224826893960007681
1224551544726536192
1224575310726946822
1224688715987111938
1224488818910343168
1224578664987160577
1224721902964543489
1224530411788828673
1224527205318807553
1224615425129971714
1224503947962068993
1224534282443640833
1224631462885900288
1224678773091528704
1224721572809723905
1224550575691444225
1224753576649674752
1224806788870103040
1224679048233803778
1224644797832536065
1224780894705201152
1224553265913663489
1224602550780870661
1224615757041922048
1224810196872155138
1224790847071363072
1224561681390604288
1224720516759474176
1224663638645936128
1224607103584698368
1224611381858721793
1224636394942926856
1224579204726980608
1224527059071856640
1224830892566286338
1224634423464751104
1224757028775768065
1224657945373396992
1224486983885520897
1224678590911922176
1224662388630327301
1224757918291124229
1224777053725188096
1224546777937743873
1224792826711552000
1224659521265700865
1224548007179214849
1224806508866699265
1224582149698965507
1224673418898898945
1224548178747449344
1224841013723717632
1224615396218720256
1224733303690842112
1224689924475179009
1224691969156427776
1224721232903335937
1224677234516070407
1224675752194519041
1224585280608514048
1224736626515070976
1224512804209577984
