1229803457642684417
1229917325354123264
1229724958777073667
1229565256495718400
1229832408003903493
1229633862063489024
1229595859261636610
1229567840056774656
1229561086040563713
1229715469181030401
1229590834259034122
1229798323344666624
1229688516512243712
1229776692404793351
1229852883245551620
1229729728589942785
1229643087476998144
1229838876484800519
1229820044646985730
1229861649349304321
1229712876392329216
1229805563602722816
1229570009984380930
1229693195501502466
1229688549483532288
1229729903068663808
1229832429579329536
1229667334807343104
1229877268111077376
1229594136673738753
1229885448161497097
1229834799403028480
1229776732825088001
1229559691853934592
1229779153991266305
1229832485497909248
1229803784659968002
1229809910059323392
1229713462663794688
1229562341219536898
1229730294896287744
1229865104969289733
1229606767312556032
1229617992243273731
1229917762031501313
1229675137001230336
1229609246125412353
1229731593469808640
1229881875247718400
1229812279027347457
1229624117428662273
1229726807659663360
1229662099028099072
1229582091081269250
1229664137321623554
1229655182159446016
1229913299078107141
1229914204154417152
1229915730356981760
1229619000184729600
1229855965610233862
1229808414273998849
1229640285107318784
1229870501524385792
1229610672339718145
1229607385200807937
1229612501773541376
1229764061627330560
1229734924879462402
1229817969212944385
1229681164891324417
1229649122044628992
1229811157554343936
1229760559643365376
1229716383849754626
1229853300763365376
1229814393447174144
1229779714471907330
1229649420595220480
1229641927185879040
1229811983404486656
1229563314897731584
1229764185728471042
1229873917101248513
1229848810396016641
1229890086730379265
1229730728105172995
1229877507752701954
1229814387059412994
1229808096974753792
1229668125789966337
1229854001467994112
1229723212147232768
1229777442740613120
1229713044240060418
1229560184894369792
1229631723320692736
1229911343114752000
1229914065801117697
1229857984957865984
1229721020543705089
1229724912190803968
1229844585096122370
1229622330512400385
1229871368373751809
1229628939926110208
1229595840634740736
1229729173272485888
1229642068135305216
1229760747074289665
1229779403766407168
1229916393568555008
1229650667922264067
1229783781441040385
1229762417489580032
1229606949211140096
1229720185864626181
1229806711399157760
1229866787673714688
1229671719297617920
1229718437875920896
1229620527616028672
1229662617989414916
1229886451971551232
1229562334323994624
1229716475851702278
1229748368382971907
1229850274019397633
1229749040645959680
1229688948248567809
1229596885264084992
1229814201289302016
1229810219137454081
1229621849111183360
1229630044537937921
1229640010527199233
1229832661893570560
1229783996470562820
1229751405596102662
1229676174839816193
1229611274490798081
1229814071366692866
1229643279764877313
1229891971222777859
1229755232508370944
1229875199249702914
1229804304573267968
1229885294956154882
1229592087135477761
1229587363648737280
1229644452093988864
1229632160845508613
1229631303055704064
1229786702513729537
1229785020753174528
1229890650927247360
1229885280242556932
1229667908655009792
1229846795867557888
1229784892151480321
1229596648004820992
1229684673368002566
1229708579260846081
1229715581370339329
1229847538791878656
1229730773214867457
1229818214390960128
1229764516155707392
1229819811523387393
1229639273885970432
1229778423104622592
1229808831015915522
1229731912958316544
1229629052316553216
1229651313337585664
1229658481805885440
1229855571567792128
1229655612314644481
1229873577777934336
1229586329333157888
1229658477816999936
1229592351024320513
1229635845340065792
1229863550136594433
1229715804654067713
1229571540456394753
1229626483192107008
1229757660649660417
1229787193608040448
1229762634062282752
1229725288470327296
1229591755768492034
1229654094014365696
1229836651783839744
1229755842905264135
1229815951136178176
1229566696928624640
1229589434510610432
1229833804245819392
1229882794664284160
1229595619464896513
1229762177671815168
1229691905396498432
1229731010633502721
1229836947075452928
1229866437638000647
1229818269458141184
1229574544370757633
1229847432881745922
1229690902949572610
1229622925331849217
1229565894923186176
1229634697761869826
1229632104650043392
1229725315225640961
1229560655994216453
1229589451522920453
1229618312419540992
1229867378453946369
1229670610692739072
1229839938834665472
1229870227351056384
1229559423980302338
1229846367167750145
1229686741151494144
1229816046816813057
1229671966921064449
1229687304475664385
1229842482562727938
1229570380299456513
1229808879950843906
1229723859688886272
1229643457859211264
1229847124793102336
1229847682643968000
1229894180517924864
1229890961595039744
1229612020527439875
1229752009617575936
1229761329856163840
1229819817496109057
1229841665176698880
1229717615679016960
1229733533729595392
1229844314202759168
1229597841980567552
1229764348131889153
1229885895425261569
1229619485012721664
1229848184148676611
1229635045486481415
1229849964152606721
1229585675860750338
1229894062322462723
1229776880582234113
1229638102890766336
1229752292410216448
1229616178483486720
1229751423438639105
1229883673765269504
1229577938019983361
1229614465345187840
1229648321792229376
1229732223059931136
1229680841489436673
1229879757078220806
1229817151986577409
1229811336684679170
1229688203281457153
1229847173212377089
1229717040690151425
1229890462716235778
1229748088971177985
1229805191169478657
1229804881105637376
1229642608848195585
1229648824018382848
1229877334184013826
1229749626430865413
1229752545683345408
1229881027692318722
1229568399191179265
1229577105832202241
1229847390699556864
1229785181101416448
1229568003618099203
1229615502978355201
1229655218608132098
1229889905200893955
1229809021823176706
1229862306382831618
1229721859194851329
1229801237299843078
1229894465885790208
1229578012145922048
1229775588702990337
1229688044200058880
1229805077491118080
1229819584645128193
1229818324818595840
1229600370235760646
1229688086784700417
1229874958412713990
1229861010359672832
1229592270942457857
1229820073063436288
1229868654059302912
1229601399744290818
1229717626344968192
1229684204784381952
1229584067722653696
1229854064718024711
1229732100619681792
1229669634439360512
1229864509982101505
1229655810675920899
1229886306701991936
1229655480819167233
1229709564418936833
1229819211192655878
1229614691590131712
1229870816889839616
1229885620329353216
1229637520415219713
1229684053043032065
1229755448477306880
1229850541498478592
1229875874565984256
1229867544934264833
1229778779947425793
1229731410501455872
1229619429438316545
1229849666348560384
1229888098827407360
1229863796338036746
1229564562245996544
1229881385894260737
1229879371554598912
1229888802505646080
1229669665267429376
1229580010299637765
1229646888376373249
1229656912490369030
1229612564352360449
1229762487525900290
1229649168827707392
1229559437435817984
1229681359171596288
1229720957230563329
1229629530626654210
1229751651864584192
1229877608508280836
1229646293124800512
1229666163740688385
1229780091091267584
1229713072593539079
1229602045939896320
1229562273544450049
1229733486652608513
1229634182709686272
1229878310923984896
1229719204632256512
1229665263060209664
1229730594759663616
1229853103039471617
1229801259692986370
1229871708930179080
1229642452690071552
1229652251876024325
1229580056709623808
1229686087632605189
1229780743162740736
1229756902839590913
1229763577952849920
1229872719249932289
1229811119914545152
1229575027181391872
1229912722831106048
1229855580266758144
1229565134479253505
1229866691611381760
1229752152031141888
1229804192740438017
1229759834406490113
1229749394905452545
1229785179465637888
1229636562452795392
1229604780701409280
1229841660634374148
1229657804463624193
1229832965905141762
1229595725434146817
1229750188664926209
1229621415084806144
1229667472615206912
1229850818846887937
1229643906310197249
1229893307989450757
1229733770829406209
1229787897403969538
1229670595836534784
1229872497589354496
1229820173030289408
1229588995174043648
1229752345426305024
1229811367592570882
1229646994135756800
1229655395070861323
1229843773712195591
1229889034232557568
1229577380806766597
1229640871152361473
1229776638436691968
1229562631423512579
1229833892435308546
1229709564267966464
1229915216265089025
1229671982536544259
1229728069348450304
1229724880175800320
1229662081768706048
1229683736041721856
1229895579758579713
1229777219028783104
1229709858829742080
1229871125359927297
1229868127573413890
1229647247547105283
1229708716355837952
1229819460585832448
1229571038842773504
1229720309751787520
1229850758297899009
1229645586728726528
1229710521781424128
1229578467647291398
1229894175392456704
1229591753352568833
1229722988871704576
1229857676152233987
1229854429928660996
1229676705884889089
1229566571519053824
1229834753198653443
1229777274456555520
1229666499977105409
1229816399738081282
1229656494389497861
1229683348970364928
1229684720369192960
1229568053865676800
1229885004093718535
1229863885165006848
1229916294306312192
1229676467652456449
1229589511580995585
1229863732416798721
1229813859801870339
1229876146545754113
1229912833586089986
1229568270333829126
1229682244798693376
1229832927569219585
1229781502331736064
1229659125728063490
1229819861804564480
1229708904034074624
1229776648523993088
1229842147672616960
1229837779548459010
1229644186019713024
1229715572130074625
1229762373264666625
1229754884548939776
1229734635657027585
1229832558038278145
1229677531588157440
1229881468891082758
1229847187363975171
1229917945985470466
1229916310466973698
1229560538851618816
1229832833734074368
1229716040495456256
1229835070783004673
1229580001051176962
1229799502149640193
1229626951435878400
1229868867570348038
1229870730910687232
1229572356894490625
1229615364364832768
1229623518469423107
1229872470888517633
1229708877433835520
1229807311159324674
1229567649648193536
1229676576565972994
1229727578119905281
1229630887236530176
1229775673943822337
1229676929927782401
1229861308411076610
1229611230257655808
1229808280840441856
1229855226653532163
1229670466039795712
1229780282846244875
1229867530820497410
1229784593189998594
1229783736356524033
1229638344415600640
1229646729479196672
1229761540070375424
1229913753824747521
1229852325981888512
1229621579245608962
1229654323757371392
1229756056504430592
1229613582897147904
1229597308720799745
1229871176740032512
1229727987530158080
1229809592575590400
1229591791948591104
1229879833481687043
1229658053210865664
1229733453840756737
1229807586909646848
1229914942008102914
1229619808947273730
1229811909383376898
1229683421628305410
1229595662221746178
1229732830302785537
1229733223212539904
1229733684858613760
1229873597608579073
1229656283302658051
1229628835366236160
1229787983928160256
1229657899250733056
1229654631862587393
1229854341525385217
1229585122757926913
1229559580599967746
1229645206980628481
1229619628315435010
1229708762891636736
1229625640539672576
1229832817602965505
1229628667162218497
1229872755962712064
1229687239497723904
1229567129596432384
1229728899136999424
1229732928915042304
1229661772652666880
1229561350860496896
1229672498742153216
1229598710335561729
1229684689981435905
1229709622837174274
1229754001345974272
1229833312019066880
1229889753027231744
1229803288800854017
1229625510394834944
1229809125892272128
1229708051365666823
1229914632841723904
1229719339911217153
1229564221832065024
1229729915672649730
1229752297703473152
1229754409137008640
1229576949531652096
1229873991621513216
1229800202967670784
1229751123621236736
1229778531250401282
1229718898917818369
1229715381281050624
1229711402111262720
1229801881485996033
1229752219584647170
1229725388240146432
1229680716742635522
1229803703202394112
1229756268950081536
1229762064496742400
1229626384177254400
1229674339936522242
1229642738561429504
1229582319176081414
1229801167913472002
1229843279849705473
1229752363164094470
1229775354081898496
1229910807053393922
1229757628101861376
1229675419739267072
1229623125983342593
1229726792660942848
1229641602420924416
1229713596982185984
1229781223184068608
1229762141533691905
1229612388887883777
1229763779258224640
1229757263797112837
1229627956311384064
1229683718840733697
1229672534439841792
1229858913543049219
1229751140969000961
1229838496229138436
1229664092568244224
1229641990733582338
1229647117511098369
1229890176127623170
1229639333574934528
1229630593048014850
1229755149473763328
1229720474835251200
1229687009804988416
1229889857935118336
1229728674401980416
1229806609645363201
1229600291294711808
1229635755850506241
1229578320192294912
1229585223693803521
1229782528241885185
1229655379572854784
1229599185693028353
1229805926288281606
1229911471464816645
1229719275067150336
1229915512370606081
1229594266759917569
1229718460952928256
1229775561276510212
1229759367764819972
1229912855765323777
1229669299868045312
1229819972391702529
1229878721894658048
1229833069567381505
1229800231832817667
1229713132928397312
1229799516724961287
1229630800578142208
1229570225630302208
1229659522270187521
1229818578645315584
1229782220925067264
1229581558727602177
1229895932801617921
1229570658742493184
1229751259365855232
1229658952587206657
1229625383366078464
1229657963431780352
1229801281927012354
1229875250793500672
1229912627888914433
1229720701063528449
1229786197787996160
1229780626980532230
1229800478537420800
1229876988376166406
1229594611028348929
1229855515032731648
1229810454408486912
1229840355685650433
1229610898773434368
1229858875827900416
1229659415256731648
1229601011490152449
1229586442059468805
1229585094412730373
1229815275782103042
1229595115808669701
1229844746711027718
1229778956192083970
1229584340389990400
1229713516707434496
1229670007497359360
1229845366243241984
1229756133893660673
1229835043041792002
1229582156290150401
1229749322989871105
1229852371053928450
1229654982158409728
1229680597402050560
1229862292549820416
1229733001103364097
1229583135458779136
1229846508373073921
1229570257129496576
1229857862064623616
1229576038943842306
1229814860797685763
1229561887051800578
1229812197422821376
1229676138613616640
1229845937914306565
1229783887288532992
1229715775327555584
1229845884759879682
1229855673476960256
1229783663635845121
1229635840915062785
1229752754324856838
1229802537580191744
1229689571119714304
1229780808669499397
1229592870056685569
1229615451019206658
1229570016762265601
1229807815482433536
1229754541777858560
1229717089692344320
1229711346629070850
1229729985058881539
1229763568586780672
1229762375672311808
1229892984679718912
1229760289031229444
1229913652062572549
1229874776786841606
1229857542383243269
1229911446869487616
1229803029240500224
1229679281074135040
1229583764378001410
1229666769381593088
1229644745439236096
1229643963415482374
1229862361567154176
1229665522184269824
1229887361485377541
1229732161797881861
1229916459243053056
1229851693518598145
1229834141723697154
1229638401747378179
1229839215111950339
1229818052360859648
1229635526531178497
1229914729826672641
1229624294587584517
1229712042640068608
1229782531643527168
1229617507511742465
1229722582166818816
1229838777121673216
1229763256388067329
1229730479974174720
1229867045723885569
1229688667796434944
1229598286748803074
1229613532099932161
1229860527779741697
1229889185219252224
1229635565642891267
1229841427925999623
1229710438541082625
1229604855095885825
1229563374259724288
1229872177014439936
1229763767585722371
1229649538614472704
1229813924465270785
1229866416863666178
1229814732325937152
1229709617665462274
1229567540139102208
1229850421482704898
1229650935804129280
1229870785809936385
1229615471638519809
1229851000359411712
1229857154103959552
1229715643848630272
1229753668905422848
1229726110838972416
1229762314129133569
1229723558688915457
1229687306736586752
1229691382496972800
1229643571352887296
1229626983044329473
1229808300197175297
1229763717358743554
1229885208180080640
1229838373780627457
1229889483178418189
1229718849957892096
1229649313959010304
1229613491432165376
1229566763630833666
1229644180814802944
1229813636895346688
1229832603404054528
1229584984559755264
1229648232831021056
1229914589975973888
1229873767809196033
1229782509170364416
1229864724210253826
1229686278754578432
1229612658392879104
1229885711098294272
1229761911849287681
1229571073991032832
1229601312699891712
1229629605683847169
1229810118050668548
1229719014844387328
1229682535443107840
1229897032472678400
1229636063913807872
1229716785483501568
1229882194702692352
1229615477288128515
1229686942217850880
1229681196088598529
1229559638888198144
1229616675646996482
1229880138147487750
1229776690340982784
1229628247287009281
1229729528429170688
1229663774854074368
1229570445445189632
1229590644252987392
1229851593740296198
1229917579088728067
1229836931191668737
1229846638430015490
1229754968623611905
1229655605696065537
1229897541950435328
1229571232074432512
1229816163279880192
1229786224564391936
1229842069314772993
1229759826948870149
1229886742666317824
1229730247957811201
1229756925534986243
1229668788217565189
1229637826184015872
1229644900544720896
1229725404207947776
1229610093638930432
1229860715336388608
1229655153252294656
1229838437399891974
1229665914204848130
1229720112590012416
1229883793969942533
1229756825005850626
1229851997677006849
1229726409263894529
1229610114929303552
1229654862591188992
1229709782954598400
1229816882506670080
1229800711497625600
1229866781919109122
1229800942532530177
1229912546464927744
1229592923756531714
1229718625831071744
1229855981234016256
1229562759580278784
1229735618718072832
1229758907360403456
1229891005392080896
1229618710849056768
1229657558358659072
1229605407997485057
1229643940459999232
1229680034580967424
1229586337134563328
1229714402699382784
1229573885768720384
1229811507019624449
1229896611444060160
1229687899760844800
1229819098739150850
1229784633690206216
1229814379945873409
1229802180649025540
1229846817996705792
1229761374638632960
1229880248021520384
1229780028046630912
1229655826329006080
1229716103057858560
1229781503711883266
1229716074473623552
1229783089540288512
1229617459117854721
1229649492514934784
1229709226962030592
1229798886857789445
1229631183899594752
1229648922060230656
1229610806901260303
1229625235172941824
1229567549328642050
1229578576271421440
1229639039210311680
1229758934870716416
1229678697235435520
1229835594504769538
1229569383724388353
1229819290976706561
1229817755454464000
1229662904607268864
1229723141070561281
1229642462764859392
1229570373865181184
1229880568554442752
1229785911195504641
1229852432387231747
1229798539590545409
1229805825759182848
1229714937464807424
1229606969109090304
1229775555148632064
1229846333143617538
1229681261339381761
1229683447343591425
1229653636642263040
1229568786983989248
1229912819757387779
1229750003586846721
1229576010061869056
1229595475679989760
1229785398748028928
1229622720167497729
1229686479254888449
1229837903527915521
1229646472611799040
1229877798405320707
1229735206107721734
1229844223521890305
1229848899495636993
1229845229349543936
1229584655097237509
1229647966333472768
1229687402014203905
1229783021819219968
1229562266896433152
1229916959430578178
1229718998687846401
1229722644917866497
1229753330185801728
1229603261348491266
1229834062610739200
1229754501529243650
1229585462345523200
1229714797291298816
1229845432450330624
1229615423806722048
1229623940806594561
1229632727336402944
1229690527148367877
1229654796178685953
1229642480426995714
1229750897741193217
1229764167369973760
1229589471944941569
1229721853436080128
1229632524508205056
1229910853450776577
1229628833839505408
1229758039860731904
1229575146278735872
1229721928157540353
1229913280937897986
1229582266327650309
1229663834693984256
1229880107579400199
1229680220329955328
1229778102378647552
1229864806884134912
1229787828831297537
1229815750489190400
1229599657929502720
1229808641752039425
1229785865662140416
1229643036298108928
1229880460202926081
1229891281037537287
1229881145271226378
1229726140794839040
1229588269270257666
1229839728788197376
1229776873158316034
1229582578816077824
1229680536312066048
1229560117579915265
1229569058128957440
1229848391896596480
1229602218954952705
1229570931141595140
1229618228369870848
1229835786750697473
1229574962194866176
1229685023806251009
1229590158145703937
1229758829732208641
1229871708234035200
1229728849543516166
1229571230715371521
1229592119389622283
1229637387875241985
1229727812606681088
1229783682036027393
1229567336111333376
1229816827435503616
1229586522627870722
1229862256264892419
1229915644675510272
1229783432693080065
1229713893850779649
1229623984456495107
1229869870541611016
1229756904441704448
1229559482809602048
1229732508717084675
1229581160474431488
1229806992652455949
1229615465737183232
1229916492663312388
1229708273483317248
1229609979650375682
1229563680641122304
1229607934704918528
1229802235699265537
1229885004341227520
1229719298072924161
1229758291087122438
1229782083523903488
1229833230880165889
1229721693981200384
1229845727528071169
1229839205251022848
1229651006515896320
1229730924855611392
1229872712199348226
1229599815413137409
1229647325439692800
1229729312128921601
1229888413735833602
1229798887034101766
1229752403752292352
1229677152750059521
1229569095894306818
1229754147357937669
1229802634703523841
1229584362053799936
1229879489640964098
1229649777937137664
1229651257293279232
1229647665563963393
1229566919159709696
1229860576031100929
1229728943462326272
1229629381351358465
1229817927584669700
1229787032202792960
1229577775050153985
1229872912926199809
