1225821627365064704
1225753234750365696
1225614057006387201
1225930905207889920
1225615110363701249
1225833907075141632
1225643836422049794
1225619942990602240
1225822597125787651
1225700681362722820
1225784222448676865
1225608413536804871
1225648729358655489
1225703262633984001
1225856392302481408
1225810215909707782
1225673488800743424
1225855976538025984
1225614916817522688
1225860563734974464
1225610002326409217
1225672181721395203
1225835449568153600
1225858394285723650
1225585864316801025
1225834162059436033
1225930776295772160
1225861119698513920
1225699483150798850
1225911112052465669
1225811278687399941
1225880551036456960
1225835866083545088
1225926672412745729
1225824094987309057
1225797073230012416
1225583534246522881
1225615609301352448
1225714949437186048
1225658235094306821
1225739642261180417
1225612299483914241
1225807560915046400
1225798093737725953
1225592625425612801
1225793519891165184
1225697634637119488
1225797916356415491
1225849146512465921
1225739147320733696
1225670933790121988
1225903460215902213
1225701201628536832
1225619345008496640
1225612214557650954
1225591595501867008
1225811198903488512
1225809123943571457
1225609018246197248
1225643407160172544
1225810577869692929
1225783018075250700
1225836219843645441
1225797959826067456
1225838289929822210
1225719867912835074
1225677154203029504
1225610485573095424
1225736765274775557
1225767436479152128
1225909762740457472
1225658680923717634
1225751842845409280
1225848967570677761
1225797756285046784
1225610855930376193
1225861847515062272
1225904669349818373
1225769895310372864
1225807521958518785
1225909004536336390
1225612485153017857
1225793909865033728
1225607127261052929
1225849916615950338
1225715117834194945
1225930526902456320
1225864032034357248
1225694841079619585
1225885471772938240
1225784074003980288
1225907741472018433
1225739943135203330
1225755721574342656
1225652373961314305
1225682000859680768
1225768387449520128
1225716976263270400
1225608926420402176
1225608243159846912
1225620923983618048
1225642004320645122
1225834538460299264
1225654648628924417
1225755006680338433
1225860158385000448
1225715585281069056
1225644743922606080
1225672970833543168
1225929219940679681
1225694156669902848
1225860661248323584
1225821441180012550
1225797373076570113
1225721210601975808
1225608449444106240
1225657674131369986
1225778762421350400
1225906474523561984
1225903288677208066
1225882607398768640
1225592547449413632
1225680607562194949
1225733659560415232
1225579833071038465
1225586214561910784
1225736453784653825
1225645454852943872
1225638281489944577
1225736340387483648
1225703938273333248
1225863497126465536
1225749791503605761
1225614444019036162
1225834198818283520
1225701578176204800
1225738511384489985
1225825075934515200
1225671289135697920
1225618022733357056
1225858697974427649
1225679974566219778
1225876903397142530
1225613527404236802
1225780463668781061
1225823629830545415
1225807343323172864
1225718289092923393
1225634706865045504
1225719402999504897
1225700648206794753
1225902635737329670
1225794953525133312
1225837958650982402
1225849024739237889
1225820110994100224
1225835997155463170
1225733386532249600
1225908873116180488
1225879914118672384
1225864049482752001
1225848669519241216
1225926107301441538
1225810079422742529
1225857109885145088
1225833396741574656
1225836276072493057
1225879122414620672
1225715773735202817
1225578221942558720
1225902736564215810
1225793155376828417
1225650353284120577
1225822055167406080
1225910138667704322
1225620458151661569
1225643330723123205
1225783678506348544
1225672262805622789
1225699484367085568
1225587367249141760
1225695252784148481
1225810798640951297
1225753006429364224
1225767360843239427
1225907936263888897
1225769941263093760
1225584208229199873
1225605303661682690
1225911336619524096
1225632641963053058
1225765358105235456
1225637092249616385
1225604219702398977
1225619050232832000
1225715337297113090
1225863308235821058
1225717315938897920
1225724149940674565
1225589314135973888
1225910237695299584
1225618977180864513
1225811272387584000
1225907736166182913
1225607887029825541
1225717484403060736
1225797848127737862
1225680339235786753
1225767258372354048
1225716825419157504
1225736627588386816
1225931077841281024
1225902814368534528
1225794194481897472
1225674544758710272
1225636697121050624
1225631506497884161
1225721161813618689
1225823887939850241
1225810836423233537
1225582006333059073
1225739813900496897
1225637337268310026
1225925460464406529
1225736776787972097
1225883324897472513
1225655337132232710
1225717579961864192
1225701921605877761
1225865953080205312
1225716741038317571
1225768766065111040
1225703216517566469
1225696805200920576
1225882116287844352
1225793774745464832
1225672163920736257
1225580009856761857
1225616840543465472
1225674779975278592
1225681912397590528
1225609883510165504
1225619184643522560
1225819983558692864
1225846997984464896
1225659616643518465
1225737855844024320
1225794660943069184
1225611523265060870
1225792918771859461
1225736602879713280
1225608535259713536
1225637361905631233
1225835265392021505
1225635355119902723
1225833038568800256
1225616263952683009
1225911378961104896
1225579070177644544
1225654414951608320
1225694484974850049
1225736911555383296
1225737338044612609
1225698522726428672
1225810385707532288
1225716652689387520
1225912502434684928
1225905881897996288
1225822335132782592
1225636401992962050
1225606554730352642
1225764899076263936
1225810671683551232
1225717731170955264
1225809027285823491
1225911040434671618
1225824491009388544
1225696331739488257
1225639130106716160
1225877690537869317
1225765565727272965
1225641813702107136
1225882605729374208
1225902162955440130
1225681930437292036
1225784518440820736
1225754244843790336
1225739080371228672
1225784707499134978
1225614039247552513
1225749514968920064
1225720875892084737
1225612834840567808
1225847925655293955
1225735682456313858
1225834961204326400
1225637804475994112
1225588632653688833
1225671135980732416
1225755522948882433
1225864519445966849
1225698292333367297
1225929234629062656
1225837369242288128
1225783819724300288
1225677917801201664
1225856414108782598
1225701696308801536
1225861881757388801
1225612894471180289
1225697301206749184
1225834570899218432
1225614121673953280
1225781441470095360
1225797499581063168
1225809056834568192
1225639827162316801
1225809230567002124
1225632385938657280
1225754363261521921
1225647446660767751
1225648655564038144
1225809403711868939
1225581222333517824
1225585570140737537
1225819333827448832
1225717720177573888
1225858619868090368
1225783926804926466
1225612881019883520
1225695179593535489
1225834165364547585
1225648676376203266
1225587701090574336
1225881762179534848
1225652745786363907
1225681294777966598
1225659509592354817
1225837913994219521
1225914429864398848
1225739652205875200
1225856243253661696
1225657945125351424
1225606752894361607
1225905185710657537
1225783140200767488
1225632182384746496
1225861131799015424
1225647902585786371
1225719725876891648
1225736167796154368
1225912278425296897
1225932195560411136
1225618493640364034
1225859769799454721
1225700262356013056
1225882131668328454
1225698890151682048
1225782258495258625
1225676430089977858
1225833464055975936
1225863262144802816
1225880355409760256
1225903645088272384
1225848929226498050
1225878297080483844
1225908481204424704
1225792536943513602
1225585264740855808
1225735153068146689
1225694327373852673
1225676898807664640
1225651970603507713
1225807120093732865
1225579195302055937
1225931492855074817
1225735554932756481
1225703960788557824
1225639975502245891
1225782858481946624
1225701056312561666
1225925360744828928
1225908803276664833
1225819309622079489
1225914793162366984
1225906986874802183
1225699005188829192
1225911002664972291
1225637438518779904
1225739525055557635
1225912851187032064
1225654704463478787
1225618295216377856
1225795268278276096
1225877584858185728
1225697343560773634
1225765225414217729
1225750572017516544
1225718538004029440
1225640336069820417
1225644849329623042
1225657828309790720
1225696455760863234
1225913486250610688
1225693475955281922
1225809247163695106
1225695938120781825
1225836349145567232
1225877674566070272
1225615064100671491
1225779713857249280
1225846974131449856
1225635931287252997
1225619783422500864
1225780456030953473
1225782328410034182
1225865681268142086
1225806738122657792
1225738418241470464
1225752354936557569
1225656633587458050
1225594259975307264
1225657500264910849
1225697819693993984
1225657438180802560
1225878615360970755
1225807356740689925
1225835382849273858
1225930350410395649
1225810816160518144
1225809274795954176
1225673082599116802
1225587430461300737
1225861014618624001
1225739648120442880
1225640150224424960
1225784165540352000
1225582377134698502
1225847257620209667
1225755234103939077
1225680222596431873
1225682003539849219
1225592261896855554
1225796787124023296
1225589460399620098
1225877445598834688
1225864552337825793
1225617903187181569
1225618064869351425
1225673106309537792
1225590266033131520
1225861278859530240
1225703833231405056
1225779551764144128
1225754100396154892
1225604354658439169
1225701153444225026
1225907587750809600
1225808942003040257
1225631330483896320
1225858318821810176
1225718813485862912
1225580452431437824
1225754021673127937
1225913352632836098
1225694565891366913
1225680520144506885
1225876226306342919
1225822782879080453
1225591673239035907
1225578798256553984
1225642459734003713
1225806379035828225
1225928631718948865
1225931592075444224
1225658642491273216
1225796056983769088
1225720105604014080
1225645951131344896
1225719137596583937
1225929327327531008
1225794711669084160
1225694305534103553
1225654064299405317
1225769758060109824
1225618262903287809
1225590505909768194
1225932103805698055
1225613018278400001
1225755169188483072
1225613649131102208
1225588275890532352
1225764350637551616
1225701736939061248
1225910579329720326
1225880525027467264
1225738027269529600
1225645770210066434
1225722495656849408
1225875629855399941
1225593298397560840
1225680853763649536
1225698676883853312
1225821023918075904
1225808895366639616
1225696397262897152
1225929693637025792
1225587979046907904
1225805851329515525
1225737173963624449
1225806444823535616
1225796620874326016
1225752938183712769
1225930914775097345
1225809304353030145
1225883192080687105
1225797362125361153
1225882166296502272
1225847972379930627
1225836163698700289
1225849396878872579
1225587494802030592
1225717657548148736
1225607707777830912
1225614859896647680
1225671498129522689
1225901746121248773
1225673735220293634
1225796102672265216
1225797011640733698
1225715823265738752
1225805944317235205
1225881972930539520
1225634464018993154
1225737510484996096
1225585872411578368
1225927117453398017
1225765939918053378
1225607504064729088
1225806925406908417
1225700272455876610
1225837982030036993
1225635455757979649
1225929156153745409
1225611604072382465
1225819828977643520
1225640417242124289
1225643855829094400
1225806359255568385
1225883020651106304
1225699920402767873
1225858191503708160
1225834105696219136
1225606112772272134
1225702939844464640
1225738197826703362
1225647783786340355
1225797931749576705
1225904881485017088
1225694996268847104
1225820027359621120
1225607949021859842
1225577825706659844
1225779880299827200
1225695854704525313
1225880955157696513
1225716718414319617
1225876258678018049
1225819121734078470
1225620920728817664
1225694161644351488
1225823705609232384
1225880244009209858
1225577826629238784
1225910157831438349
1225655874489683968
1225779892744155136
1225615471166312448
1225676185603993600
1225584492015833088
1225703482738429952
1225781799957041152
1225765142304043009
1225655864863772672
1225880320936902656
1225672298583117824
1225580042538844161
1225616991047651328
1225739848444792833
1225657503834234880
1225679182601977858
1225901284324237312
1225619669635211264
1225719014732648448
1225697442357628929
1225929594986995712
1225806655100604417
1225848993256804352
1225913125842669568
1225860880132235264
1225929316573360129
1225819097033736192
1225833187064111106
1225782487626010625
1225927993413033984
1225634126138490882
1225658295299362816
1225703644298760192
1225796298571304962
1225909856210751490
1225823922664464387
1225928177110913024
1225680214514028547
1225580381409202177
1225620303797055488
1225834430557827077
1225632507346984960
1225858523873058816
1225766558351400962
1225907981847367680
1225735485122695168
1225583090199908354
1225614152808288257
1225737962090123264
1225592308545945600
1225807700056928257
1225901842716119041
1225723310446694400
1225680760146817025
1225902205821054976
1225860769159557121
1225589446269165570
1225715799832305664
1225913675426521088
1225616463928557570
1225824834267025408
1225929605208592386
1225878690304794639
1225806610129276928
1225633156289552385
1225807324964478976
1225738178964967424
1225808123346268161
1225655956056363008
1225592860520501248
1225908708753989632
1225860063589478400
1225823355397234688
1225609762982764544
1225860299020013568
1225865124851961858
1225680305249370113
1225682093914460162
1225902096760934401
1225913757554987008
1225833830948495361
1225676080175955968
1225677493232779264
1225672869402664960
1225679415239008257
1225862465264799746
1225770351201669122
1225770601823866880
1225610513972940800
1225769326357237760
1225768664680431616
1225847678304694272
1225884359800115207
1225847806147125248
1225926515742978048
1225864007371968520
1225634031036841984
1225698642960379906
1225806875544805376
1225635102949986308
1225864623837941760
1225782723945562114
1225651664503263232
1225910850566991872
1225616957866569728
1225860298680258561
1225906893425606656
1225612204281516037
1225901265470750722
1225578960030814208
1225658491412439040
1225903761975107584
1225858290657050624
1225719993226055680
1225585472597983232
1225809273281818624
1225863170092236801
1225781635259535362
1225931703803400195
1225736040478060544
1225620710640373760
1225718597575684096
1225580886965420032
1225908423650398209
1225913946928013312
1225768620829093891
1225901735937314816
1225703693263097856
1225850167389278208
1225807183494963200
1225904148010266625
1225910588288720896
1225796004982730752
1225880588499943424
1225636425246208002
1225612188980797441
1225699616768659456
1225655452408565765
1225615026058219525
1225927506894696449
1225931647226433538
1225681419944349696
1225848165343154176
1225883324167655425
1225723871975755776
1225652650185674754
1225796549864607744
1225737040450314240
1225634051144351744
1225740230734401537
1225836381286481920
1225820664117985287
1225679480191979520
1225877982784430082
1225697341014867969
1225819971512602624
1225582246922506240
1225672690184290305
1225588871804706816
1225765943151861762
1225904278788886529
1225878207813095431
1225858840270233601
1225651506180788224
1225784205264617472
1225583795501502464
1225719436218228736
1225927512980697088
1225698257252184064
1225779759017340935
1225592873862737926
1225631595991683072
1225590640991334401
1225737865809645569
1225768829336326144
1225736914231119875
1225781940802015232
1225782915130363904
1225640517980917760
1225905408633556992
1225695315442843648
1225847076002652162
1225610757179629568
1225718675581304833
1225766341405290496
1225806722088022016
1225901728328871937
1225769326247956481
1225780796604153858
1225905998860365825
1225884116836474880
1225637706819964940
1225882182541029378
1225656259631710211
1225819223122833410
1225589718496079872
1225740515859193856
1225753990148784132
1225693977380175873
1225926783394091008
1225847756679344129
1225609080061952000
1225716868285112322
1225645402461892609
1225856474762575878
1225913422451290113
1225752434745597953
1225736212746514433
1225912949321039872
1225584654755016706
1225856031542185984
1225901273590964224
1225755349061259264
1225721613913673728
1225701952157179904
1225769784442343427
1225679968941703168
1225755541282181122
1225585451202801664
1225821171670609921
1225856269141073921
1225754601057652737
1225862176029757442
1225644815372582912
1225738877547270145
1225637736465358848
1225860497406382080
1225834680672493568
1225615152566849541
1225808200571617280
1225617423304282112
1225861698638106624
1225805734455205894
1225876763663880193
1225779406536400896
1225910919072567296
1225653254836514818
1225639597075353602
1225875710939549696
1225652701205151746
1225807867166515201
1225808201884397568
1225636974679089155
1225821391225749504
1225859388142948352
1225913003088007168
1225659090916892673
1225764470208843776
1225723452021186561
1225608195172950016
1225858552654372865
1225835155257987073
1225585704878604290
1225781412818604033
1225928930999357440
1225823866930552832
1225640970143690754
1225580466419519488
1225636547921235969
1225860684912713728
1225703848892755968
1225912687743377423
1225755209152028673
1225673890485002240
1225792559458508800
1225927928065576960
1225703969512722432
1225611877620731905
1225846993559355395
1225848188956889088
1225750890159603712
1225578388435488769
1225864310561308673
1225876387367657477
1225881690507108354
1225810412303769600
1225656050314956805
1225638397860962304
1225770612502777867
1225615344355639297
1225795483060162560
1225634131016503297
1225927773396623360
1225637626771722240
1225720820292415498
1225784753216946176
1225859045548052480
1225903614448873472
1225847195301228551
1225863172390670337
1225577896443600896
1225605258740715520
1225582721419882496
1225614789445128192
1225719593936646144
1225782018186915840
1225820681948073989
1225647980838916096
1225859131631972352
1225617936754204672
1225591068973907968
1225654169219956744
1225779607611166720
1225610295437033473
1225806805843841024
1225693656314601473
1225715766168817667
1225733314343886849
1225858375709286403
1225679741098721285
1225822974898507777
1225739545108504576
1225765162700771329
1225885488034140164
1225723796377788416
1225780216657661954
1225911518694445056
1225928557081309184
1225909639633670148
1225807440630947840
1225908701321736193
1225578145874616322
1225907628041293824
1225861106482196487
1225906782113075205
1225735204075163648
1225750222959042561
1225607009132662784
1225695102556766208
1225607198128001024
1225857245927395329
1225926556192690177
1225615368045187072
1225679130491883520
1225617868307517442
1225606373280567296
1225820729637298177
1225781615294464002
1225837356990726144
1225908521167773696
1225819318325215232
1225613719989837824
1225723364972494848
1225797254428139521
1225850088158744576
1225864755644182535
1225584281428230144
1225808209203617798
1225779053895925773
1225740823074988032
1225859597484855298
1225607328487092224
1225910789023948801
1225740686302961665
1225719914956115968
1225617625738289153
1225811204179808256
1225859942164332544
1225644630298882049
1225642056900415489
1225611318721470465
1225723437882040321
1225582210641625089
1225849046725562368
1225750302953033728
1225722443202990080
1225755509128617985
1225768873678589952
1225693938213801984
1225857586450325506
1225764224149991424
1225652849326968832
1225700328084885504
1225636088149995520
1225604528969371648
1225582685608804352
1225739501797949440
1225715990408892416
1225863206939193345
1225766617272979456
1225780361742999552
1225588526760308737
1225765880476270592
1225582953436049408
1225809762887065600
1225911805781905411
1225740056259854337
1225809262225580032
1225695385324113922
1225765644760571904
1225837782435860485
1225612306689806336
1225584970732838912
1225585256712957952
1225654148466524161
1225779425591119873
1225644824163840001
1225656428368519169
1225904335185436672
1225877860071571457
1225613222255816704
1225837373633814529
1225700159499038721
1225819648656052224
1225909388919156738
1225754198014226432
1225587470193971202
1225837246139510786
1225883503088357377
1225735225679872001
1225634271253000195
1225582597939585024
1225696990790475776
1225796946759159809
1225634138704662534
1225716974161932288
1225736456439660544
1225792747828908032
1225590742141296640
1225796261078421504
1225593072630648833
1225910814781120512
1225672720630730752
1225734493534736384
1225863811774566401
1225806644182966272
1225769124384526336
1225901276116013056
1225620578968784896
1225783230349139968
1225702418383425536
1225770363444875265
1225578574972964865
1225750387266740229
1225614408551936000
1225694976849219586
1225697972626681856
1225750749088550912
1225715427524796417
1225611664780754944
1225672257881554947
1225768782125314048
1225825051699793921
1225619019685912576
1225818961297588225
1225810337250803712
1225856542815092737
1225714883401900037
1225905598019129344
1225766468395995136
1225735488641884165
1225858695621312513
1225612566505771008
1225797721203802115
1225715468696055809
1225647341354381313
1225681278034296832
1225864036337754117
