1234211247744266243
1234220210686656512
1234213103639941121
1234216912243978240
1234220060392202245
1234220642259603457
1234212129437290496
1234211881059049473
1234216248633769984
1234212714425151489
1234218433597841410
1234219290649223169
1234221370302750726
1234214423935369216
1234207090622812161
1234215929430581250
1234216370956533762
1234207308894392321
1234208103161303040
1234220710131834885
1234209035374780417
1234209135094267908
1234220757430886400
1234221725484711937
1234215510440415233
1234220404132024320
1234212785237655553
1234211473892634624
1234211817976516610
1234208325283303426
1234214352368041987
1234210306659778560
1234216518076051457
1234216874411470855
1234216360877740034
1234219358156550144
1234216933635035137
1234216597327212544
1234208920123662336
1234212588659101696
1234211659729666049
1234213033465044992
1234212427039936512
1234213967209385985
1234214938090102786
1234211979226578944
1234220760992010241
1234213533836906496
1234213878151598080
1234213825928282112
1234210831187038213
1234218451826135040
1234218940479549441
1234213911165009920
1234208381193334784
1234220365175541765
1234212345456492544
1234207702974418946
1234214990325964802
1234221830606483457
1234207619402944513
1234221637693779969
1234211491299106817
1234209331115184128
1234217387794354185
1234208810979483648
1234214343052365825
1234207998911930370
1234217269733056513
1234213594813943809
1234213942366355456
1234211212528934912
1234213473430667265
1234212768707960833
1234216557301002240
1234213638019387396
1234217831186612224
1234215083468840968
1234212161565544448
1234214185304760321
1234212982399348740
1234219800982937603
1234208009905197060
1234214391752646656
1234208808588775430
1234217950049193986
1234213610940923905
1234209164903272448
1234210048307613702
1234209595385618434
1234211508675960833
1234209025085960192
1234210076531056640
1234215288465428483
1234210342663794688
1234219694195789824
1234210782776381441
1234212781148319745
1234217523840770049
1234213123982270466
1234211695351873537
1234211125400489984
1234208440903442434
1234207052932608000
1234214609730408448
1234212653800644608
1234216726281302017
1234211348860391429
1234217539976065026
1234214178585370624
1234207403249455104
1234213026062053376
1234220372163276805
1234220536311345153
1234216876915535872
1234215166062907392
1234216446944632832
1234207804841320448
1234219469741805569
1234219173108178944
1234208452018352128
1234211982653390849
1234220199005392896
1234216301712723968
1234213448294240257
