1239813705480712193
1239813248410472448
1239819909502246915
1239819728761303040
1239808878252101633
1239820097587421184
1239820210762166273
1239819233648754689
1239814222025916417
1239818838285225984
1239813554636611587
1239813286150971392
1239814511026151425
1239808806495727616
1239820213048225793
1239819229395746816
1239813462672338945
1239819108188749825
1239818877061566464
1239819741289725952
1239819405594226688
1239819061682475008
1239813273475678208
1239813802675363841
1239819799884161025
1239819447868760065
1239814226228715522
1239814271921303557
1239813672140042246
1239819489543368704
1239818936046288896
1239813416489025536
1239819694984400899
1239820169012219905
1239813764339224576
1239819322228445184
