1235726209939435520
1235720585100931073
1235731588001853442
1235720758879375364
1235721407356690432
1235721497294934016
1235731663914663937
1235720993735413760
1235720342296920064
1235721421440995328
1235720887120334848
1235717137752379392
1235726889613959170
1235726294471540736
1235726701923090432
1235720565207511040
1235731582435987456
1235726869212913669
1235727031943467008
1235726811604140033
1235726555332128768
1235726122966487040
1235720586921275393
1235720614431854593
1235726910329466880
1235725918527578112
1235726978663305226
1235721416663797761
1235720221039579140
1235720569342943238
1235720225951076354
1235725973343125506
1235726947973500928
1235725966564982785
1235727174520332288
1235720435871825920
1235727074339536897
1235720075639959555
1235720742219595777
1235720715690823680
