1234976503147847680
1234965843248701441
1234968550810488832
1234969573184552960
1234973693916221441
1234963450419273728
1234975502961496066
1234974854580826112
1234965591175376896
1234975607034765312
1234964571452051458
1234967257652113409
1234963285570572288
1234967464229920768
1234971519211556865
1234975616962744320
1234965682388860928
1234971238549704707
1234969003849809920
1234972049912631297
1234967388677795841
1234961982496935941
1234973865199030273
1234976441760014339
1234972146457169921
1234968250158473217
1234967454675349504
1234968370312876032
1234966555991183361
1234973166834896897
1234961991011356672
1234968516396298245
1234965093818957824
1234965556467552256
1234970561492611073
1234974309325533184
1234966567034740736
1234972914144858112
1234964037785575424
1234969395006337025
1234975219963453441
1234962734975987712
1234971982451503104
1234969057583124481
1234969057205448704
1234969097521098753
1234967073022824448
1234965235175391232
1234966610168832001
1234962262139588608
1234972659139526657
1234962914160738305
1234964994699284482
1234961972661227520
1234970880154820608
1234962832770334723
1234964581161848833
1234969061186002944
1234973801131040768
1234962772670189569
1234975099607900160
1234968691021774848
1234974403147878400
1234976036984512513
1234971293465710592
1234971098342543360
1234972412707393536
1234965153478737925
1234974185023143937
1234964855519617024
1234971337967292417
1234970440772280320
1234962896674869248
1234976509028290560
1234962019872362505
1234963450373255168
1234963309025206273
1234969635444809728
1234971692146950144
1234975062853160960
1234972738411880449
1234975538109771776
1234970708729450496
1234964192370790402
1234975790040698880
1234965759195074560
1234963280902356992
1234964224889147393
1234968336645140480
1234964155205070853
1234974885585145856
1234971013659545600
1234967618584485891
1234963831547260928
1234971849617920000
1234973320463798274
1234967780967043072
1234963044637249536
1234967055171874816
1234975422565105664
1234975423806599168
1234976500035682305
1234966425867034627
1234973526030835712
1234965990116593664
1234967580521177089
1234967271396782085
1234973692771258369
1234974164227776512
1234969007725436930
1234975419922673664
1234975655978139648
1234975052107374592
1234971448155918336
1234965399743102976
1234975566584897536
1234974673701462016
1234965228640702467
1234969451570831360
1234962887770353664
1234966022869831680
1234972153201618944
1234964652863344640
1234973839299248128
1234973013105238016
1234971215476871168
1234962040994877442
1234965603330482182
1234973287060393985
1234965003494621190
1234974409854578688
1234966753064685568
1234973549334392832
1234964790440812551
1234970576189411329
1234973217212661760
1234970753621082112
1234973353389121536
1234967132166873093
1234961952339705856
1234974560664969216
1234974380276346885
1234968433894338561
1234974954887639040
1234970545600393217
1234966712606511104
1234974327822372864
1234966089051836416
1234964953788035074
1234962988043571201
1234971085231284224
1234972852970868736
1234975242612641792
1234975510498660353
1234976803883610113
1234962117805170688
1234969244615479297
1234970650982268929
1234963628509552640
1234967772649574400
1234972244964626433
1234974301134020608
1234962155767836674
1234975005693267969
1234968220647526403
1234961876880109568
1234972998769135616
1234972282075770880
1234971218249273344
1234976498253099009
1234964063953858562
1234973907574149120
1234965010566275074
1234966958006767620
1234971923479576577
1234974161350483968
1234968255728640002
1234965784964689920
1234964265506889736
1234970431733452806
1234963547597107200
1234965050324025344
1234966013239857155
1234975091433197568
1234974515668455424
1234973200145977345
1234967948193914880
1234963422711885831
1234963854163140608
1234969739631394816
1234973668473597953
1234967770196070404
1234967493598425089
1234969146774786049
1234961775763869699
1234970866330431489
1234961822790422533
1234972011740295168
1234963779689033728
1234962652692086790
