1236027156544671744
1236021003974778886
1236020280906207236
1236031937468420102
1236026351435558912
1236020999172349952
1236030631999651842
1236032130527801344
1236019950948581376
1236027348144750593
1236023328676044802
1236020899008086017
1236020004287582210
1236032930809511936
1236025830092009473
1236020615993339904
1236025822106079237
1236026997119254543
1236032058776064002
1236020784784486400
1236026598077407234
1236026498714341376
1236020633978441728
1236020827499433991
1236021153203761152
1236026547104071680
1236025793161162752
1236032559190073344
1236021358770958337
1236020821811965957
1236021119439626241
1236026690045972480
1236020445477888000
1236026887501017088
1236020861402058752
1236026820925014019
1236032657647194113
1236026232594034688
1236020071668912128
1236020978414522368
1236020881337565185
1236032649694711814
1236032353203638272
1236021229565468672
1236026724330221568
1236033090834792450
1236021165447163904
1236026475607883776
1236032365283196928
1236033249236877313
1236021379964620800
1236027159573082113
1236021572915195905
1236032528290439169
1236019482814013444
1236021375548231680
1236024168573022208
1236033035541327873
1236020759987974144
1236020008733396992
1236021015668494336
1236027172848099328
1236032785397231618
1236019982611484673
1236021090067021826
