1240458932000157697
1240469740797059072
1240470155865591808
1240464397459501058
1240458294738604033
1240463671572271105
1240470093357776900
1240469354921308160
1240464728524120064
1240464561074917378
1240463604849270785
1240464020135542786
1240463646586736641
1240458135053221889
1240458772654329857
1240469736577695744
1240464040683585539
1240458433041543170
1240464032353497088
1240470269199880192
1240459057783332864
1240458491585875968
1240464618356723712
1240458609181503489
1240458768560746496
1240464544016850944
1240469904261709825
1240469992149262339
1240469787198676993
1240463776656363527
1240458386870763525
1240463789222432768
1240463533013266432
1240469212335878144
1240470416130314242
1240458470916345856
1240463864669425664
1240469879586783238
1240458533805551616
1240464066079911936
1240464237937528835
1240470063947317248
1240464237832671234
1240469942413053952
1240458160403554304
1240463403325390851
1240464502442864641
