1240699660135575560
1240705087581966342
1240710291798646784
1240711471278899201
1240711253015830528
1240699680507318272
1240699626564407296
1240705137829654528
1240705338753441792
1240705229965922305
1240700138089107459
1240710644707385344
1240705762692935682
1240700184037744640
1240705695449661441
1240710493905604611
1240705473319403529
1240704651256713217
1240699836027899905
1240699756319408128
1240700142459600898
1240704957629771781
1240710250472198145
1240710699304677377
1240710678375170048
1240704689210982400
1240704932006612992
1240705783550996480
1240705343262318592
1240704785512308736
1240704756206587904
1240710665788174344
1240705389261230081
1240710498154315776
1240710929987203072
1240710338552578048
1240704995130920960
1240705532001800192
1240705527916552192
1240710221174943744
1240705104077918208
