1239033938410115073
1239027336609009665
1239027927750258688
1239028011598524416
1239028171460108288
1239027190198566912
1239033716153909249
1239034034715594753
1239027722325803008
1239032931579867136
1239033624097218560
1239034055703683073
1239027097462603777
1239032885497167873
1239034228010033152
1239033804494438411
1239033187441016832
1239028385558528001
1239027940387512321
1239027571804770305
1239028435277791233
1239027370524213248
1239027399456669697
1239033108059602946
1239027793817731074
1239032898583486464
1239028347423744000
1239033275492052992
1239034122661756929
1239032990354685952
1239027789673553921
1239033225542078464
1239027944598560768
1239027428682596352
1239033913248346112
1239028255220314112
