1240960587967811584
1240960130558156803
1240966296067436545
1240959828585074688
1240960638106472448
1240965344023343105
1240965734202662913
1240966266648657921
1240959669260242944
1240971257786634240
1240965847436472321
1240959765502726144
1240960612852621312
1240966283727794176
1240965713197752321
1240966145076756480
1240970855552868354
1240970788142034947
1240965666842112001
1240960877106470913
1240971052798242816
1240966447612002305
1240960428123066368
1240966363440545793
1240965793107640320
1240959643943231492
1240966153469489153
1240966132577820673
1240965172166111237
1240965729853284355
1240965524198240257
1240959727649071105
1240965943611686912
1240965537204559872
1240965595740483586
1240970977183444992
1240965528497332224
1240959749065265158
1240965515721486338
1240960818214289415
