1239307818047549440
1239295893851029509
1239302646294511616
1239296019483017221
1239307096472064001
1239307465776402435
1239296082485506048
1239301438582513666
1239301450947342336
1239301778031751168
1239301900035674112
1239307092177096708
1239296371812753408
1239295876847276033
1239296967240540160
1239295822023581702
1239302663117955073
1239301354243469313
1239307411036311552
1239295595992494081
1239301581021077504
1239296786965168131
1239301296039104513
1239296388778921990
1239302419760082944
1239301363101769738
1239296396848705536
1239307163652239362
1239296686100492288
1239302226981662723
1239302570830639104
1239307331344699393
1239302680171995136
1239296191327809541
1239302164251582465
1239295788682969092
1239302638295973890
1239302579269615616
1239302017434054657
1239307058903691264
1239296304972533765
1239295885365968898
1239307021217943558
1239296426250842113
1239296262605811712
1239302361492881409
