1234865177671106560
1234859246971432960
1234864562824007682
1234864087412203520
1234856101239296000
1234861591998451720
1234865100001021952
1234869864436817922
1234870509550133248
1234862703489036292
1234870361134682113
1234861338163281921
1234857242907828233
1234864880999632896
1234861906021752833
1234868537908453377
1234866898136899584
1234866120881995776
1234868471239974912
1234868427308851200
1234859624127397888
1234857219755253763
1234869604163489794
1234866332832862208
1234863441850007554
1234865594077523968
1234856863885336579
1234868949596229632
1234864467936260096
1234862388224151556
1234863485252710401
1234870937889181696
1234858257434451972
1234865415358156800
1234863224215883777
1234860417089970177
1234861135003889667
1234862535209295873
1234867756924837888
1234865209505914880
1234869043888300038
1234865240963244032
1234868800237002755
1234864048375828482
1234869846149664771
1234859029907804160
1234862956095188997
1234858540780728320
1234856613338632193
1234865408345288705
1234865647697440768
1234867483191934976
1234864403532648454
1234862327897391105
1234870331472523264
1234863837976965120
1234861732159459330
1234869234498301952
1234860930867003392
1234859718369333248
1234869915389177856
1234864526450970627
1234863793642991616
1234859945985806338
1234857507555872769
1234867239301472256
1234865346768666624
1234866926234419200
1234860295597756417
1234868305724354561
1234857802847354883
1234865982495170560
1234863958194098176
1234867960373706753
1234865148407492615
1234858043302727680
1234865899301150720
1234858828270882816
1234863307355496448
1234870773216612354
1234862390098976768
1234859810702667776
1234864112531918849
1234868707257655297
1234859326151569410
1234856072600530953
1234866849751408642
1234864649486716929
1234866646386343936
1234856167068839936
1234865249435537408
1234860332616765453
1234858056179179520
1234867634509950976
1234864423443058690
1234865960357683207
1234865614738673665
1234868228091994112
1234865871186690048
1234864306002386944
1234869184439504896
1234859981649928197
1234862344142041088
1234864721830043654
1234862691778473988
1234862986633842692
1234865108641337347
1234868238418202625
1234865140954095617
1234856145954779136
1234867099413229569
1234859714967691265
1234861130046148610
1234871147298201600
1234860493019516935
1234860305303396352
1234861424100433927
1234862098016034822
1234866715097518080
1234870953479266306
1234866483848785920
1234858740651843585
1234859130164326401
1234860154581127168
1234869068374642695
1234868678702714880
1234859281603866631
1234866957100314625
1234863491787501568
1234861796319731712
1234868061041123329
1234857166659620865
1234866462109708290
1234864775663718400
1234865319547568128
1234871150485950466
1234860290552057857
1234860663362785286
1234862929561968640
1234871124711890945
1234867032740548608
1234860463323783170
1234862137367048192
1234866478467313664
1234864657879486465
1234865401135235072
1234863158633910273
1234859493084758018
1234866147289255938
1234857168446337031
1234859627872956417
1234859519748034567
1234864647397724162
1234859336809185282
1234865225700081665
1234861521370521600
1234860016659763202
1234870705444933633
1234870359473688577
1234857214759882753
1234862603245096963
1234859530682499073
1234865275847217153
1234863225725845504
1234858759962402816
1234867785177518080
1234860391920029702
1234865496538984448
1234864006495645696
1234866638383714304
1234857909378584580
1234869813383770112
1234863774538125318
1234856426348204033
1234865821148753921
1234861776862400519
1234868483340537861
1234860038763827202
1234869726720987136
1234865259141386250
1234858068019679237
1234859407894335489
1234870939042508800
1234860854014816258
1234862128114393094
1234860622497665030
