1240932426878255104
1240926265986580480
1240932427528364032
1240938081139732482
1240937104177336320
1240937930446655489
1240926680207831041
1240937695213314049
1240932259563216896
1240926693885243392
1240926479715794947
1240931932172701696
1240936956952866816
1240937015312625664
1240937946712363009
1240937888189050881
1240937015543074816
1240937116592472065
1240931798147903495
1240938186051706882
1240937271446179840
1240932519282970624
1240926274333413377
1240932544775847938
1240932234493857792
1240932016478027777
1240931639145852928
1240926702257102851
1240926911615897600
1240931953311985664
1240932573804662784
1240931605125959680
1240931776857436160
1240931825163235329
1240932158593785856
1240932318312910848
1240937573842931712
1240926748130152450
1240926441836957696
1240931542035304448
1240937061743542273
1240931206667042816
1240937116755869696
1240932334989234176
