1238759882855088130
1238760021342609411
1238766811748892675
1238760817744474117
1238754073307996161
1238760524453687297
1238766715451908096
1238759982927052800
1238765746710368261
1238766324953694208
1238754429773496320
1238766208259895297
1238754044459581446
1238760960799752192
1238765973072535552
1238754644085669889
1238766556361846784
1238760461497176065
1238761170259058688
1238766694366998528
1238760440496340999
1238760394233167872
1238759844636766210
1238760105363083264
1238760742649614336
1238766690046865408
1238754815662055424
1238766254200152064
1238754492885041152
1238766736448663552
1238754568831258624
1238766572577177601
1238754404595052545
1238760721464213504
1238766295816065025
1238766660481359872
1238765499238027265
1238765591303008256
1238754794711343104
1238766614238990336
1238755177122824194
1238765586898776064
1238755201495916544
1238755289677078529
1238754409237975042
1238760742540591104
1238754987858997248
1238765763206545408
1238766585055150080
1238759756845678592
1238760793036009472
1238765494695383041
