1234444688016297985
1234439246280302592
1234439026238795776
1234445178569543680
1234433421449015296
1234438967011037184
1234439542062534656
1234438568489213952
1234433726689443842
1234439308951474176
1234439629488574465
1234444385280036864
1234444436093972482
1234444993495957512
1234438974661263361
1234444046648500224
1234433802870542336
1234433776916324353
1234438975294771201
1234438943929561089
1234433618472124417
1234438831903997952
1234444062696116224
1234444171164954624
1234433974665195520
1234438614504943616
1234444159353860109
1234438684495224832
1234433868532338694
1234433659987517440
1234438873121296384
1234433715771707402
1234433445717250049
1234438768591069185
1234444564888461312
1234445087024799744
1234444992204042243
1234445085715992576
1234439195768295425
1234444706941038592
