1239521387892674560
1239511053412827137
1239521442447757312
1239510629544796160
1239521387720704000
1239511102989492224
1239516002137890817
1239515834428555265
1239516018952765442
1239521639454236674
1239521412886327302
1239510247422619649
1239516313015537664
1239521660405002241
1239516979549126659
1239521484118392836
1239516430237872129
1239516358657953792
1239510738483494912
1239510889587298304
1239516019284213762
1239510549844512770
1239511211928059904
1239510172051136512
1239516824125005830
1239510797467791361
1239510713976135692
1239516757070614531
1239516816101101569
1239511313165897729
1239516593660530689
1239510461944672257
1239516564526739456
1239510683911405568
1239511363241664513
1239516438420955142
1239521580683792384
1239510696662052864
