1237506364395659264
1237505307456073731
1237505957544046602
1237499725261287425
1237499616284770306
1237506301845889024
1237511171344707584
1237511200948260878
1237505395792302080
1237512622829907968
1237499934682656768
1237499791887736844
1237506268560011264
1237511070765346818
1237506092520755200
1237505894826618880
1237511616221962240
1237500161208782855
1237506515336073221
1237506766952206337
1237511632529633286
1237500446576709636
1237505467326193665
1237506419609477132
1237511930274709505
1237506754403016704
1237505601179189248
1237505173515153408
1237512413580328961
1237500534359113729
1237505647232475136
1237505806955876354
1237500186152370176
1237505894834814977
1237500551438503937
1237505387898843137
1237500135787171840
1237505747816263687
1237499347153104897
1237499880089825282
1237499703991902219
1237500374975746053
1237499854823227392
1237511825966526464
1237500505150062594
1237500001611173888
1237512282696892416
1237506358230073345
1237506176088076292
1237506276302581761
1237511415122014213
1237506503814283264
1237511662028103681
1237512165088690178
1237512173829660672
1237500387508305920
1237499746283147265
1237506511842299909
1237506401897009152
1237499225849593856
