1239284812214648835
1239291208406532096
1239289988132614146
1239290499753803776
1239285365757956096
1239284644731850752
1239290009007554560
1239290046873776133
1239290121977036801
1239284883555565573
1239290634172649473
1239284333715902465
1239290503683887106
1239290583388229633
1239284266850308097
1239290147457445890
1239285508246831107
1239290365607317504
1239291178933256192
1239290185017446405
1239284510333849600
1239291099622989824
1239289963113517056
1239284820456419331
1239284900299071488
1239290692444151808
1239290256647651329
1239291129083895819
1239290818508337153
1239285080570331141
1239291204556259328
1239290768046645248
1239284589882834944
1239285340655009795
