1239016825666654209
1239010760573026305
1239022295307431940
1239011276753457152
1239021749716553728
1239010177883480069
1239016897179348992
1239010823646769154
1239010865397084162
1239016053671419904
1239010576107556865
1239010773554335744
1239021607299035138
1239010005669609474
1239021623983955971
1239010311643910144
1239011170796875777
1239022416640253952
1239016968029646848
1239022320251015168
1239022404330041346
1239010051773337606
1239010026729148423
1239021972320702466
1239021787591122944
1239015789690265600
1239022710119968768
1239022739987423232
1239021699187838976
1239010861164814336
1239016729100992513
1239010311669198848
1239010563415392256
1239011154774700038
1239010478849961985
1239021741416034305
1239022093880221696
1239015650875539456
1239016179630563329
1239011226182545408
1239021938338680832
1239015701802704896
1239010483858018304
1239015831813730304
1239017022974881792
1239010089601728512
1239016100169420801
1239022529915670528
1239010681346822145
1239017047758999552
1239015840189566977
1239016364268032000
1239021590039400458
