1237849584606400514
1237849068618960900
1237854516977864707
1237855188142047236
1237849551051960322
1237860284162666497
1237854886026309636
1237860800242434049
1237848439171383300
1237855313539108864
1237849898843648000
1237849034951258122
1237855121230315520
1237854781340704772
1237849089569476612
1237848795871768578
1237855599452282880
1237854407909240837
1237848846408888321
1237860238113402883
1237860414374936576
1237849723370754053
1237848729148780544
1237855389447675904
1237855695287943176
1237854390909714432
1237854764404051968
1237854521486757891
1237849169143812096
1237860133503250438
1237849203029602305
1237849886130753536
1237849198462005251
1237849563248988163
1237855359827447810
1237855041437851649
1237855544410431491
1237849139880136713
1237855426781147139
1237854781030330368
1237855637062598658
1237860552686395392
1237849928195432452
1237848540354727940
1237849244813258757
1237855850640723971
1237860317918457856
1237855494556930050
