1237405785262641153
1237400039330402306
1237400705943519233
1237401058076438529
1237406401733054466
1237405931811426304
1237394687662514181
1237400177079656449
1237406912980963329
1237406213031288834
1237394989056806913
1237400315936133120
1237406518955384837
1237400030513790976
1237394205279830016
1237400433108357121
1237393990988607489
1237394510784552960
1237401015961468929
1237406565281472513
1237400068736548865
1237406842776510465
1237405620724060161
1237406603491475457
1237406313358987264
1237401057942106113
1237400986823602176
1237399976554225664
1237400378829914112
1237394430811754499
1237394581374693379
1237401137608679425
1237405868968284160
1237406275354406912
1237400769428586496
1237406212599283713
1237401267896487936
1237394405809520640
1237400009454354432
1237401109007908864
1237393978590236676
1237393928115982338
1237399926004383744
1237395265729921024
1237400874227355648
1237406393579143171
1237406569597370370
1237400252765868032
1237405882062794754
1237394767626944514
1237394624395612168
1237400013640216578
1237394979175059457
1237407035441938432
