1239578128206442496
1239577750928674820
1239572214330130432
1239577727130353664
1239571681829515264
1239577398640861185
1239571795042349057
1239577503439581185
1239577851499855884
1239578392623644675
1239572507939700736
1239577569529339908
1239578388236513280
1239571711005204480
1239578233206525955
1239578472063918082
1239578526703144962
1239578241603682312
1239578614850629637
1239578161546960896
1239567319623274497
1239567155898634240
1239571664934965257
1239572012969926657
1239578409191329798
1239572465719881728
1239577549417611264
1239572524578594817
1239572315152801792
1239571740067614722
1239571886994010117
1239578556080041984
1239577352511852545
1239567239755505664
1239572562473938945
1239577373256962048
