1240654164314566657
1240649089366331392
1240643691070599168
1240643603149529090
1240642730574970880
1240643099786981377
1240649151987269637
1240654126515548163
1240648996974137344
1240643666001231873
1240643259103350784
1240653946127073282
1240648351395115011
1240643720548155392
1240643783298936833
1240643015728943104
1240643011899346945
1240643905097515009
1240643208679473153
1240643258990157824
1240648396848988161
1240648712004780035
1240649496071213062
1240653925214232577
1240643221144743936
1240649106118381573
1240648912987250689
1240642730650460162
1240648229492056068
1240643812868972550
1240649420598804480
1240642663675764738
1240643506768617472
1240648938333646854
1240654218794602496
1240642852553510912
1240649206756298753
