1238145286566002690
1238139360287100931
1238139561814962176
1238133752510861313
1238140174833500163
1238139473566859264
1238139477899411457
1238140073620709376
1238146012692135936
1238139481015881733
1238139800898514949
1238139410618765313
1238139977097261059
1238139557603708930
1238134281903337472
1238145014301167629
1238139607910359042
1238134147249508358
1238140430052503553
1238140266218958850
1238139503241564161
1238145706281422848
1238140178281025536
1238140006293635073
1238139779759439874
1238145966450053122
1238133861546106881
1238134578977669128
1238133895054450688
1238139180305301506
1238144959796121602
1238139368537194502
1238144972177588224
1238139834377486337
1238145555307651072
1238133861432918017
1238133843091247104
1238134188903145474
1238139100202283012
1238145219876380672
1238145693870678016
1238139330775916544
1238145119011954688
1238145458922500103
1238145970849886208
1238145186363916289
1238140421152399361
1238144779528990721
1238144997687357440
1238144909145669632
1238140052368248833
1238139486174937089
1238144787972263936
1238139582828380163
