1236218599729025025
1236218444502138880
1236224435545309184
1236218565738414080
1236224466478231552
1236218706017112065
1236229803289739270
1236219448597467140
1236224128077533185
1236219567413829636
1236218439246786560
1236219216988119040
1236224498816266240
1236224359158763521
1236224599135789058
1236225249554939906
1236219422534033409
1236219460115214336
1236229800198574080
1236219126588334080
1236224227956621313
1236224715766853632
1236219400149069824
1236224676143214593
1236224900563709952
1236224610997284869
1236225145154555904
1236218291707883520
1236219052890062848
1236224052362129408
1236220173381767168
1236224691683160065
1236221432062832640
1236219175418224640
1236224706988175361
1236218520855171072
1236218594700083200
1236224373121593344
1236218096056139777
1236229795442298880
1236225194236071938
