1235195675589169152
1235192263422009344
1235198055110111232
1235202283975176192
1235194125466488834
1235197945433198592
1235195480004587521
1235201876565598210
1235192877740937219
1235188593750089728
1235191331279929345
1235193242037235716
1235191069731680256
1235194173667586048
1235198721798766592
1235191724881907712
1235200303395463171
1235201700778119168
1235199248703950848
1235195724406673410
1235189734332342272
1235195173723942913
1235193435176370176
1235203217648226304
1235201531827417088
1235188655263821824
1235190430330793985
1235195671185104897
1235203207388782592
1235195798197088256
1235201565478268929
1235197409539641344
1235199997915918336
1235195046359642113
1235189724995817482
1235190099266031617
1235195673265360898
1235188964690210818
1235197037496299523
1235189229476556803
1235189780935303168
1235200650713030658
1235192605325045765
1235199242710519810
1235191308031012865
1235198474611638273
1235193423478640641
1235200279081037826
1235199548651433984
1235192924679409664
1235199284192169985
1235195098561835009
1235188836663201798
1235197833948606465
1235188299129552897
1235190331080970242
1235199844534362112
1235196904738369538
1235194523317346305
1235192022857846784
1235194606624673792
1235189284266749953
1235203085930291200
1235197404367982593
1235190032274620416
1235194000493158401
1235194746173300736
1235189355045482497
1235194623800336386
1235191899532808194
1235196229228859394
1235195495376711680
1235189052480974848
1235194569785999362
1235192951262703616
1235197262847979521
1235189298426564610
1235194185390514176
1235194325698400256
1235200513467129857
1235201544175288320
1235194519374753793
1235194553352835072
1235200896004509696
1235192091053101061
1235189587548540928
1235200441606012928
1235189392639234049
1235190234180128770
1235200032548294657
1235199626111856645
1235190572530319361
1235200597919494146
1235199026804527105
1235203042099765249
1235188459310133248
1235188923816607744
1235198557151309825
1235193028995731466
1235197885743947776
1235202292044963846
1235195650683195394
1235191372182941698
1235189874006904832
1235193930183929857
1235197040457441280
1235196658998222848
1235195132028297216
1235197238135189504
1235200604068294656
1235195001107345412
1235188330163245056
1235194427066310656
1235192008215588866
1235194636278173696
1235198359993847809
1235194581517561856
1235202452791668736
1235199372087963649
1235189036240834563
1235202096980467715
1235199987736350720
1235199802847055873
1235195791624540160
1235196184765116417
1235192456238559233
1235191204532367360
1235188945610256385
1235196443754983424
1235192496797429765
1235201478907875328
1235201828150747138
1235189967611187200
1235203034516463616
1235198292071518210
1235194556381093893
1235195525873520646
1235198074185748480
1235192899756793856
1235188444575305733
1235200730606100480
1235189344262148096
1235198073598611458
1235188705733861377
1235194286976552962
1235196546905296898
1235189083032477697
1235191313340993539
1235200915239358464
1235198193962496001
1235201321617231872
1235189514693414912
1235189058516680705
1235189167296040965
1235191892972797956
1235191928477626370
1235195371250429952
1235195529514094597
1235194744940224512
1235191011049197570
1235202516847153152
1235200887045357569
1235191133224996864
1235195782770216961
1235200363029905409
1235198448552595463
1235196717189955584
1235199863303917571
1235200630488260608
1235201996170440705
1235196547530444800
1235196941291491330
1235197238286176258
