1238976719585005568
1238964560163475456
1238971007202885633
1238971053193527297
1238964761334857728
1238975797119062023
1238970021457596417
1238964031832154112
1238976593986564096
1238970478657703937
1238964208235982848
1238976421734658048
1238975905789345792
1238964530983718927
1238963994381164544
1238975524220874758
1238969941740716032
1238975822012219395
1238964896169156610
1238965244275326977
1238970113677824000
1238970319286788102
1238970356825718784
1238970314895351808
1238970578998042627
1238971007140016129
1238964090632011777
1238970244099477504
1238964912702947328
1238976061217570816
1238976560314699778
1238965235337265157
1238965198150492160
1238969866339504129
1238970100910297088
1238964954486706179
1238975499067486209
1238971082524090368
1238975771722604545
1238975511558328322
1238965026053959680
1238970474207432704
1238970713089982466
1238975922780475393
1238971049032777730
1238965265192411138
1238969874614976512
1238976253954101250
1238964396732211200
1238976510167482368
1238964665302093827
1238964862350483456
1238975776046886916
