1239350981655244802
1239351753386024961
1239351774391275521
1239340760195117056
1239351337751433217
1239346275566444544
1239351748805918721
1239346246344728583
1239346254636822529
1239351463933075460
1239351342449283073
1239351681701289984
1239345914738810882
1239352038535966722
1239351971376660484
1239345277401628672
1239345738771042305
1239351035845423104
1239340713768148992
1239346086780628993
1239345667467689985
1239351577472839680
1239351061388951553
1239351690689560577
1239351833149276163
1239345927313391618
1239346489257844736
1239351879005421569
1239351430600949761
1239351476570341376
1239346024058990592
1239351371758833664
1239351879148044288
1239351241517551619
1239352105715912704
1239351669676077056
1239351321473368064
