1239181334632779776
1239181577885605888
1239176070835908608
1239181514744659968
1239187533482930185
1239176854956847104
1239182441803321350
1239176016079343617
1239176221889527809
1239176452349755392
1239181804512436224
1239182492256440320
1239176565734473731
1239176498600456193
1239175638445109248
1239182097941749760
1239187735157538818
1239182336962580480
1239176846371164160
1239176737872924673
1239181385207656448
1239182274182217728
1239176725088677889
1239181867414216704
1239182333003120646
1239181481466941440
1239187827667218433
1239188133436104704
1239176322494103552
1239176582024949760
1239176838296920064
1239181452358582272
1239188120916185088
1239182248810672128
1239187449919746048
1239182588843044864
1239187462322376704
1239187341027282944
1239182580504821761
1239187923645476864
1239181481525702656
1239182441790783493
1239176226012569601
1239176611905155072
1239182458802888704
1239176842449432577
1239176708516982785
1239187701527646208
1239187873301217280
1239187999340081152
1239182324283125770
1239181766621085696
