1237588086764134403
1237586867031142401
1237588313269129216
1237575453180751872
1237581921246261253
1237587864000454656
1237587176793096193
1237575730042515457
1237575517093498880
1237576628068212737
1237587814356619267
1237575424349097985
1237582542368149504
1237575994086535168
1237587357542449152
1237587897999478784
1237575486689009666
1237582529458139136
1237586916599427075
1237582595702976513
1237588279077163008
1237576593813331968
1237587507874656256
1237576514788446209
1237587647293304838
1237587198452457477
1237581993056980995
1237576262673035267
1237581750395518979
1237587902193795074
1237576167428747264
1237582533199417345
1237582362122182656
1237587429172768768
1237588037086760966
1237582206530244608
1237588041046212608
1237576191223029760
1237582054776131584
1237582223420706817
1237576631926939650
1237581259179569153
1237576795320274944
1237582060283236352
1237576673685471232
1237587449410289664
1237575776842608641
1237581564168396800
1237588321187926017
1237576581217832960
1237587482956333056
1237581626898395136
1237587726733459456
1237582441625219072
1237587073185411077
