1238729549560442880
1238723601953517568
1238729448893145089
1238734993792303105
1238723459120803840
1238723899627573248
1238724340046278656
1238729612798185472
1238735270108958721
1238729759686713345
1238730157717737475
1238729079488200704
1238729654015602688
1238729776334098432
1238730270611832832
1238723417152671744
1238723937527377920
1238735337305899009
1238724486804848640
1238729654611120128
1238735098280697856
1238724247914196992
1238734880680411137
1238735290786668546
1238724210324729858
1238735065007288320
1238735669138202625
1238723853230235648
1238729754901196801
1238724206486929409
1238724272777908224
1238729888892211200
1238729175881613312
1238730325745758209
1238734713046654976
1238729746881474561
1238730128391168000
1238735953826545664
1238723820371861505
1238724742934388736
1238723790655369217
1238724399357988864
1238723845571280896
1238735962441687040
1238735656907661312
1238735073404469248
1238729486499303424
1238724566798626823
1238735320868253696
1238729692116480000
