1235297541509521413
1235300119714684937
1235308222103408643
1235296153287217156
1235294173743505410
1235308559073673217
1235306369873514498
1235302257291415554
1235294384951824386
1235294264105586692
1235295456609083392
1235300348077789186
1235299715476000768
1235298801960849415
1235294186355777540
1235308583274897408
1235296361710587910
1235307720695320580
1235302146528206855
1235308431969603585
1235306064477855745
1235301267188199424
1235304391776886785
1235295805508071425
1235300721735716864
1235302342024671233
1235301742516068354
1235299590859100163
1235308747569991681
1235302822121439233
1235306952961470466
1235296527872143367
1235308768193368070
1235304637181419521
1235305416885768192
1235305936664879104
1235306935433531399
1235295811073867776
1235301940461961218
1235296972787109890
1235294659515162624
1235305147082911744
1235299208141434880
1235298740048736256
1235297110863605760
1235294514136391682
1235308302797590534
1235308860652560395
1235294196455612417
1235296665315180544
1235301066998239232
1235295652256641025
1235302572715626503
1235295248974262272
1235303496531968000
1235303465729085440
1235297411548971013
1235296162707628033
1235297841763045377
1235302898814287874
1235300013846257666
1235306668713553920
1235304771067797505
1235301670730465280
1235304478254956544
1235295986555244544
1235305941408657411
1235297080337367044
1235298338041405441
1235295411390369800
1235307601468026884
1235303153299599361
1235299709775949826
1235297369387917320
1235302974634831872
1235298641667076096
1235300815444860931
1235300980989755410
1235298510083436544
1235300239101308930
1235295561722531849
1235308563058364430
1235307763028418567
1235295407141462016
1235306072505798656
1235298878678851587
1235296261424676867
1235295733659717635
1235302935451652099
1235299569375891456
1235302955546533888
1235305078078177281
1235301517105795072
1235301250461241347
1235295628600762368
1235299956027727872
1235294406825127938
1235305719748055040
1235305464218505217
1235301858043928577
1235305733215973376
1235305975424454663
1235306612736364544
1235303115198476294
1235303056000024578
1235305806129696770
1235295417769787392
1235304105188487168
1235299368007327744
1235297646371319808
1235298369922314243
1235307113943109632
1235302841226534915
1235298367842004994
1235295035559686144
1235295463261310979
1235299870392668161
1235302013279313921
1235301421026856961
1235306197223452676
1235297722418302977
1235294360809467905
1235294701357584389
1235295560938278926
1235302120380928001
1235301709397790726
1235296487954960388
1235303416529850368
1235295677279809536
1235295064357769220
1235296511971426304
1235296153257861129
1235296150804193281
1235296680062464000
1235294988134739970
1235298054242209792
1235299691685974019
1235299533946597379
1235296595039653889
1235298027759448067
1235301914742599681
1235301966047318018
1235295055562313728
1235295139888861184
1235302975561752577
1235298480169635840
1235305726953902087
1235304161035661314
1235299911958179842
1235306981394698240
1235299549196976128
1235302048301756417
1235302355404546050
1235300462569631746
1235295732711780353
1235303219821191169
1235303224506281984
1235295034284691456
1235301536953241601
1235305097447575554
1235296389938241536
1235296114754101248
1235303671065440263
1235302480021512193
1235299147344941057
1235301265099370498
1235302442063007750
1235298276586516482
1235300828682113024
1235298906424123393
1235295505523056647
1235298808428457984
1235308582511489024
1235303576160923648
