1234505478123794432
1234494103578124288
1234505509039820800
1234500282085756929
1234505847654379521
1234505663448903686
1234506381245456384
1234505927509860352
1234500726619082752
1234499950433538050
1234494578159472642
1234505613637492743
1234505608906321928
1234494779674644481
1234500537812385794
1234505491730116609
1234500022722367488
1234499692257562624
1234494761756774400
1234500239693795328
1234500417519644672
1234494372164575234
1234499628235620352
1234505236569640961
1234505386750771202
1234500424477986817
1234500328386629632
1234505894475464704
1234500606208901122
1234494472563646465
1234499779511619587
1234499598208708609
1234494178824007683
1234506027527217152
1234500047808557057
1234500333381935105
1234494183043403779
1234505621199716352
1234505994077687808
1234499967600992257
1234494577228169216
1234494204342042624
1234499623244509188
1234494632240828416
1234505722379022337
1234505856705683456
1234494335066005506
