1237825350026977280
1237824452605468674
1237825487927496704
1237825341336543232
1237818916040331264
1237830537852657668
1237819305632432129
1237819142062964741
1237825127498371073
1237825677434462209
1237825416834027521
1237824653667811329
1237819636743356417
1237824762874941443
1237819981129277440
1237824691433242624
1237825160771665920
1237825064411770885
1237825512954830849
1237819801017475072
1237819767190405126
1237819334908665857
1237818823157387264
1237818961691099138
1237825068803096576
1237819557450039304
1237825735709962240
1237824758412185601
1237819528299589637
1237830554793508864
1237824976155271169
1237819851038654465
1237824741299404806
1237825945664475137
1237818638733922305
1237818869361803264
1237819947100909570
1237824678443483141
1237819654237761536
1237820035793481729
1237819906063769600
1237825119092985857
1237830400040411137
