1241031777772281856
1241032574501359616
1241038526130589702
1241038375123116037
1241044314207158279
1241038433889312773
1241037880132349954
1241038182113857546
1241043534251057152
1241037813170266115
1241038353992220676
1241044251150090243
1241032054189391873
1241032155037175808
1241044154848808960
1241038672809594882
1241044327041658881
1241043638957805568
1241032138331488256
1241037641161691142
1241032838813753345
1241038068804698113
1241032767175098376
1241038467628281858
1241044033197109248
1241031923314511873
1241044335103291394
1241032553680822272
1241043978767695874
1241043924442968064
1241032960448565249
1241043790254632963
1241043617856098304
1241043567755161602
1241037456583114756
1241037758589591558
1241038362460459011
1241032712854568962
1241037947346059265
1241037527827521536
1241032146489393152
1241038232147693569
1241038215861219334
1241038215747899392
1241032096128339968
1241032494750687233
1241032801274621953
1241032431546830849
1241043479536578560
