1236961417368088576
1236961466651234304
1236956222722580480
1236956055315210240
1236962740650086401
1236962560773107717
1236956001536008193
1236962615315881984
1236961689104527360
1236967631661314048
1236968202187440129
1236956173624053760
1236956786193838081
1236957092981940225
1236967900621221888
1236956944792838144
1236961462171598848
1236968764979195909
1236962931998437376
1236968499748032512
1236956510149922817
1236956320613498880
1236962926587719680
1236956347842904065
1236957096303710209
1236967643615318017
1236962875031171074
1236968365723398144
1236962469786062848
1236962037961351168
1236967648468111362
1236955790822363137
1236967338886352896
1236961482681634816
1236956132351959040
1236955638527188992
1236956759668830208
1236962409711099904
1236962180106317832
1236968750961897473
1236956992511643648
1236956581121658881
1236967996037398528
1236968386149502987
1236962401435574272
1236967921668296704
1236956857127886848
1236955749684781064
1236962322955919367
1236967914034442241
1236967502007197696
1236962459686060033
1236962296045244417
1236967471753486338
1236956577032093698
1236956235506880513
