1240132145684807682
1240127464644493314
1240138097528111106
1240138629890146307
1240138172841033728
1240132937993027586
1240132652717559810
1240137589908217858
1240133051549704194
1240126814447640576
1240132653250158593
1240127443714953224
1240132753624088578
1240126349110632448
1240132875376373768
1240138302717640710
1240127276135612417
1240132649026564100
1240138042368839680
1240132028131049472
1240137593267916801
1240137942133243904
1240126353443258369
1240127099953872899
1240138541864235011
1240132891784425484
1240127326198906883
1240132376249991168
1240126588039168000
1240126839869317122
1240131852003954693
1240126990516195328
1240132107755757574
1240132137162027008
1240137904590147587
1240138286053679107
1240137937800568832
1240132112180744192
1240138109897060352
1240131856147910662
1240137921216348160
1240126365728415745
1240127205239336962
1240126332232744961
1240127279914762242
1240138532943024128
1240138008990531584
1240126882030465024
