1240048163190386690
1240048330605903872
1240037182204600320
1240036695296204800
1240048368350646272
1240042873950744579
1240048758496296960
1240048103971082240
1240042982989901825
1240043091979100162
1240037056459481088
1240037106812059649
1240048096010067968
1240048666368499714
1240042064282296321
1240036997676310530
1240042370772504576
1240037190807302144
1240048183801151488
1240042060377456641
1240042609587802112
1240042370764242944
1240048666162769920
1240036527855423489
1240042592710070274
1240037421137514498
1240037190840836106
1240043146421166090
1240048662153224192
1240036670730354690
1240048490274832384
1240037333472350208
1240042601279078401
1240037744476291073
1240047932184956928
1240036603306926086
1240048343218339840
1240042294914531328
1240047710176239618
1240037341730877440
1240037228417613827
1240037362245275648
1240048385228447745
1240047898768953345
1240037735827746816
