1236390763564601345
1236390752843857921
1236391501736919043
1236385026092208138
1236390834926276608
1236381115449032705
1236385324311277568
1236384901865320449
1236385533623971841
1236391312917770240
1236384766171189248
1236385093528281089
1236385827875414016
1236384443499040768
1236390583029170177
1236390608559902720
1236383562078789634
1236390553635426304
1236391443347972104
1236391271620579329
1236385513302642689
1236384929153347584
1236390537143431174
1236385563768500227
1236384217640005632
1236385021511917568
1236391556292190208
1236384897029132288
1236385760200126465
1236385563969650688
1236384988913963009
1236391283431804928
1236385529677123585
1236384746143453185
1236385278740385795
1236386028170207233
1236391044566171654
1236385164105863169
1236384656632745985
1236390948591898625
