1238868992506429440
1238864454944686082
1238870049886277633
1238857811439702019
1238868989012369409
1238864597509160960
1238857983250989057
1238869051721388032
1238864295439609856
1238864492672491520
1238857907468460035
1238863242702831617
1238869278629085184
1238863687190003712
1238870041979805696
1238870335425925120
1238869454705983488
1238863804810878976
1238869911738421254
1238864027092221952
1238864354478604290
1238869865521246208
1238863540817027072
1238869416487632896
1238869705961738245
1238869936967168004
1238869144000487425
1238863980908724225
1238864148609421312
1238864106775621632
1238863410378539012
1238863213468553217
1238863569980186625
1238869257288548355
1238857525841321984
1238858138280800257
1238863976445943809
1238858410856194049
1238869215508979712
1238858586970673153
1238869819346296834
1238863368578125824
1238857806847115265
1238869223503360000
1238869420623245317
1238858456859381760
1238858498865315840
1238870029195784198
1238863288567566337
1238869676840501250
1238858595544039424
1238857991522340864
