1238537131305447424
1238536930096078848
1238531955479773185
1238531942968164354
1238530663814434818
1238525328756113409
1238526184381652993
1238525340999393284
1238536540055371776
1238531221304508418
1238537420502491136
1238525819200376835
1238525865345953792
1238531217420623872
1238525760513683456
1238537609397383169
1238526091943383041
1238530948796473344
1238537022068985861
1238531838169223169
1238530932165890048
1238536439391870977
1238525374834905090
1238537601021349894
1238525781413953540
1238530596944609289
1238537777173708801
1238530722673000448
1238532001671471105
1238531859296006145
1238531019952787456
1238525668482256896
1238531943182020608
1238530650933772289
1238532001923076098
1238525722676695041
1238531137384800257
1238531267752275968
1238536813020508160
1238531464918171649
1238531909380177921
1238530802050314250
1238525718293884928
1238525710261608448
1238537693405024259
1238525827882659846
