1241009811988205570
1241010030192754689
1241014967077232646
1241015910426697729
1241005072252678144
1241016178702573569
1241010001012879363
1241004242070114304
1241016006891446272
1241015050514636803
1241009987218018304
1241004392922468365
1241015834958540800
1241004376354951173
1241015134585262082
1241010499866824704
1241004225204805634
1241009770229874689
1241005017802424321
1241010353317638144
1241010428374851586
1241010122291322886
1241010340256718848
1241004392997957635
1241016128476000259
1241015029916266497
1241010185344299009
1241004644450607107
1241004535314817025
1241010285743398914
1241016208239013888
1241015675612733440
1241010437040345088
1241015965103452160
1241010428500574209
1241010449719668740
1241009627665510403
1241016011001741313
1241010072207200256
1241010219171205120
1241015742780207104
1241015348591235074
1241005164800012288
1241015075755917315
1241010373995769856
1241010499732602886
