1238276346259877890
1238270621114667010
1238282608380915722
1238271653093601280
1238270952418316289
1238282302003859456
1238282268772163584
1238277159732404225
1238277449483354112
1238276702737850369
1238271594574856193
1238270843563782146
1238276539575414784
1238277088798322689
1238282650328215553
1238271351015817217
1238282608724725760
1238283031586189312
1238282629281177600
1238276673633693713
1238271447300276225
1238270788769173504
1238282839189344257
1238282805509074945
1238282164023840771
1238276212176322560
1238271195675389953
1238271644537368576
1238282855970754561
1238282633634705408
1238282901738778624
1238270268717613066
1238282109229375489
1238277604781608961
1238270453392736257
1238270252070440961
1238282981791367168
1238282889256730626
1238276803376173056
1238271661520171009
1238282956453576704
1238283208082497536
1238277155894611969
1238271241691303936
1238276359065079809
1238271275497381888
1238283271428956161
1238270444916047873
1238270885292843008
1238281874386059266
1238282356949213184
1238281996045938689
