1239124372062900225
1239118965462511616
1239124925371289601
1239124212259799043
1239124883960786945
1239125378121240576
1239118617062649857
1239119665869152259
1239125039254892546
1239119036740513793
1239119405700861952
1239119330538856448
1239119179283906561
1239118776383258626
1239125219064844289
1239125504294256640
1239114200351375361
1239118570522460161
1239124744911421441
1239124749139103744
1239125550771437568
1239119883641573377
1239125449562865664
1239114200854691841
1239119212662177792
1239124900679487494
1239118869303824385
1239125102031261696
1239119254974169089
1239124498055659521
1239119716062580739
1239114200485519360
1239119351493431296
1239119888347590658
1239124891904937985
1239114179463671810
