1240502980887150592
1240497519823589376
1240497326663204864
1240492327313031169
1240503228120412161
1240497292995702785
1240492176456462337
1240491723463233536
1240497729677094913
1240497901836460032
1240503232524423168
1240498119877558272
1240492524218744832
1240497737776238593
1240497385626894337
1240497209726001152
1240491538444099585
1240497037491109888
1240492419428364288
1240498119436955649
1240492276624904192
1240492662664413186
1240492059040997376
1240497507458678784
1240502930668691457
1240497071167344641
1240491790316290055
1240491589191061504
1240503190770114560
1240498115448356864
1240497834215895046
1240497557345685509
1240492641915207680
1240502787655356416
1240497943586770947
1240497448918740992
1240492264691920898
1240492427753984001
1240491676919046145
1240497411023228928
