1241071631814086658
1241066023937363973
1241076832981655553
1241066565216296960
1241077034413174785
1241066011513806855
1241076794670931969
1241076840875397121
1241076987990544386
1241066036583170051
1241071707328110593
1241071493242654722
1241065566850486279
1241066564931198977
1241071577220800513
1241066426863095808
1241076950334091266
1241071380130562051
1241072223261085696
1241066284386828290
1241066233660715008
1241076912522485760
1241071451555475457
1241071350753579008
1241066779046219787
1241066233618989057
1241066518856826882
1241066745345060865
1241071287474302976
1241072000594042880
1241066388854366209
1241066062029959172
1241065659162939397
1241066678315671552
1241066653389119488
1241066258872893445
1241076727943553024
