1238198453953540100
1238196818405703693
1238201503355199491
1238206196697489409
1238193588707553280
1238202807582425089
1238196717373308928
1238194414830395392
1238204485446406145
1238204569223561220
1238197640711540736
1238205298915106816
1238193672287588353
1238204585753395202
1238194376909570048
1238205324152242177
1238200798611492864
1238198474862022657
1238199410514853888
1238200760904663040
1238202346460581888
1238200794320719877
1238205323971788805
1238193601055805440
1238196042195075073
1238202820370685952
1238204514517291009
1238202697687449601
