1235815788344311809
1235809929425895426
1235808802387054594
1235809873369022464
1235808985439023107
1235821192176529412
1235808567510237185
1235813934889746433
1235815466758619137
1235822004898414594
1235808510400585728
1235821500390727680
1235821318261497856
1235821554358865921
1235821051545677825
1235812203694972929
1235815808665673729
1235808885442633733
1235809305959354373
1235809827214901248
1235821031895347201
1235815135458906112
1235822093284995072
1235809279212306444
1235808309879263233
1235815749454721026
1235809233355993088
1235817120434278402
1235815221999980547
1235814591596089345
1235809076799365128
1235808654147735558
1235821746042703872
1235815482235604992
1235809971125665793
1235808490779623424
1235821781815922694
1235815774024949760
1235815927582621701
1235814797607718912
1235820938387546113
1235808727501926400
1235820894959747072
1235821548948180992
1235809889336737792
1235821057379983361
1235815473448505344
1235809595223732225
1235821171431444481
1235822125354610689
1235820573424410629
1235815722640486406
1235814681752682496
1235821887386611714
1235809047548284933
1235808930090987520
1235815795264868353
