1238619142338592768
1238624079688556544
1238624226279485440
1238619411432574977
1238618635134029825
1238624607516667913
1238618534353256448
1238630823710072834
1238625215904501760
1238619583193296897
1238629821288194050
1238625291410554883
1238618337250246656
1238624746226532353
1238619427928592384
1238618190697005056
1238624956096884738
1238630861471281152
1238630035340308482
1238624410468311040
1238630215435329537
1238618484315226113
1238619029146710016
1238625086057242625
1238630458780459008
1238625161324232706
1238630492716621825
1238618647695851520
1238630551269056514
1238618178286215170
1238619646162419712
1238630089962729473
1238624049829470208
1238618698274893824
1238619654140166145
1238630249237286912
1238618899521761283
1238618928596860928
1238619054673256449
1238630492422930438
1238618635167358977
1238625144677052416
1238624259657699328
1238624733534576640
1238618819561582592
1238624566018297857
1238624217693859840
1238625371018461185
1238625207734145024
1238624804862910464
