1240419619099176960
1240419216202874881
1240424580814077953
1240412912256266245
1240412781695950849
1240424530398584834
1240418603985506305
1240425067089137665
1240413994449620993
1240424606248235010
1240424123500617729
1240418390143111168
1240419216269946888
1240423993431261185
1240412945567358976
1240413109384368128
1240413503799754754
1240424333274746880
1240419325225336832
1240413096646258695
1240425168083845125
1240419321093992460
1240418574461743105
1240419166097530880
1240423897134063616
1240424509632647174
1240419581149220864
1240413805663969287
1240413306558480390
1240419036116246529
1240413533025603584
1240412723244081159
1240424530369282052
1240413012776886276
1240413549605740544
1240425008234627073
1240419388412526592
1240413017000546315
1240419379873034241
1240418482187055104
1240419543643652096
1240424958490218497
1240412865925918720
1240418968822853639
1240424689744465921
1240413625220825089
1240413113532334082
1240413650390745090
1240424098288799750
