1239130335876714496
1239130554106347522
1239130939743039489
1239141320741900288
1239136350831546368
1239142571085049856
1239142604219924481
1239136610840649729
1239131112305127426
1239131116029665280
1239141408981815296
1239136879263600640
1239141958670524417
1239141660648497153
1239135590513356801
1239129992392372224
1239130470136365056
1239130470610169856
1239131045028642816
1239136657258844161
1239131166386597888
1239130105353469952
1239136862154956800
1239141564305244161
1239136799378665473
1239130814908002305
1239130239877480449
1239130092690866176
1239136748619173888
1239142562713047040
1239130080456122369
1239130101050040321
1239136379927318529
1239130961314549760
1239141451302203393
1239141853603258368
1239136124251095041
1239130928003203072
1239142365299908614
1239130130636623872
1239130550486675456
1239136619690692608
1239130143429443585
1239142511886520320
1239130369808633857
1239130256507916289
1239141593745108992
1239131292207210496
1239141422122631170
1239135616895500288
1239130797044633600
