1237978756590911488
1237967242727272448
1237967004126056449
1237972468913950721
1237966571596845057
1237978844407238656
1237966769496576001
1237966932793384960
1237972934809079808
1237978098311860224
1237973023023456258
1237978697639940096
1237972976504639488
1237978844130230274
1237973245602729984
1237966777767743489
1237972729556430848
1237977808594337792
1237972490577514496
1237967322771378177
1237967302026579969
1237971869267103747
1237977624833654784
1237978807119773697
1237972083641966594
1237978048345051136
1237967075014033410
1237971990918520832
1237978106402652160
1237972154517504000
1237967318535114754
1237973056414310401
1237978051826388993
1237972922624430080
1237977615971110912
1237978610100776961
1237977787526516739
1237978659991912448
1237978861096312837
1237971940494544896
1237972943486857216
1237977834381074432
1237978224346329088
1237978831853703170
1237973165919195137
1237972813236977666
1237972683037396993
