1235773014911979523
1235773035094978560
1235767468884480001
1235773987218698242
1235772674015670273
1235772570110234625
1235773388561485825
1235773164732518407
1235772792160862208
1235767907499548672
1235766982391328774
1235773752862035968
1235773014706446336
1235767378593669120
1235766602186076160
1235773151033937920
1235772662531710985
1235767226067824640
1235767719250874369
1235767928764669952
1235773105949347840
1235772692818808836
1235767387976327171
1235773892490379265
1235767668642385922
1235767901682008064
1235772531879153667
1235772623356932096
1235773536251392000
1235767545841487878
1235767940089339906
1235767650644635648
1235767858921189376
1235772710254493700
1235766501791145984
1235766636155674624
1235766920026169349
1235773338158534663
1235768003666550789
1235773244441063426
