1238111472539930625
1238104461563871232
1238105009130106880
1238116828498427904
1238116392148271104
1238110495338463233
1238105516380786688
1238110595897085954
1238105273241415685
1238105130899320835
1238104727864426496
1238105504015998977
1238105449305714689
1238116488709468162
1238117273229025282
1238104916708577281
1238116308371116035
1238116929145012224
1238104942113521669
1238111191311900672
1238105751241007104
1238105831222247425
1238116824065150976
1238104862333730816
1238105369735544838
1238116514009698304
1238105382305681409
1238104488935854080
1238105172590702593
1238117302513483776
1238105734056902657
1238110293861060614
1238110905805701120
1238116274808532992
1238111421981999104
1238105860527841281
1238104765684486144
1238116086270263296
1238116979489333250
1238105176692719617
1238104690728087552
1238111623333593089
1238111283846807553
1238104593789267968
1238111053008920576
1238105192060485633
1238110285724073984
1238111258370424832
1238116954327703553
1238110398617980928
1238111162157465601
1238111384380100617
1238116039935885313
1238116354500071426
