1236705655672758273
1236712120093466624
1236711472522080256
1236711884709146629
1236698912590827520
1236704912475643905
1236699855013150721
1236699054685503488
1236712232425267200
1236699847417364480
1236705429339738113
1236711188563668992
1236705094214864899
1236705055241355266
1236706015871000576
1236706305840001026
1236711444575424513
1236705953355096064
1236705579583844355
1236704721450045440
1236710705505722370
1236699024549240837
1236699738147299328
1236705307251916801
1236706109303513088
1236698898279698433
1236704984319885317
1236700283251630081
1236705252809814018
1236699485574742016
1236711162139619329
1236699054324801536
1236700065474936832
1236712181619720193
1236699464254935041
1236711737967116291
1236699627782418432
1236699184125919237
1236699019575021575
1236710974771601409
1236711733823242242
1236705844554801152
1236710688871067648
1236699095907078153
1236705651704946689
1236705696990679040
1236699423075262465
1236706338614513665
1236704937775685632
1236711704651694080
1236706054584651779
1236705407781015552
1236711599341293568
1236705597329981440
1236712064741228545
1236699209547386881
1236705635066150912
1236711686863835136
1236699816719265792
