1238076835738447873
1238081835374129152
1238082074818400260
1238076437485309952
1238076761713397760
1238076395466571781
1238081898729148416
1238081693325688832
1238082867592400897
1238082796158980096
1238081831465082881
1238077041242750976
1238081764125442049
1238077171555610624
1238082351277760513
1238082066228695040
1238076257562243075
1238077104626921472
1238075925889085441
1238082317945417729
1238076445995360257
1238082514885005312
1238082255370756097
1238081785423990785
1238082112454090752
1238076122916675587
1238081826930839553
1238083018574757889
1238075909405421568
1238076307839152129
1238082926300082182
1238082854975725568
1238076009410375686
1238082250975014913
1238081747897577473
1238082410446643200
1238077041569923077
