1235211005099216896
1235213132295000070
1235205260311920642
1235208065106038792
1235212887997767680
1235204674673836033
1235205615141695490
1235210507507970049
1235210152124411905
1235216783646150656
1235213119795933185
1235216529630711808
1235207253646442496
1235207668136017921
1235204036648775680
1235213190360952832
1235204925287694336
1235217830213279744
1235208504081813507
1235210450855514115
1235212316683141120
1235207650490683392
1235209627303849984
1235205331136937984
1235207113024077828
1235210233636696069
1235211916684824576
1235213563658006529
1235209964832030720
1235216171751923712
1235213524609228805
1235215563678535680
1235214976966627332
1235213831460315136
1235212558186893318
1235204846543872003
1235209533615673345
1235216569153859585
1235217221653327875
1235212243903672320
1235218171658768384
1235212669638103042
1235204861341270016
1235217168679268356
1235217676299096066
1235208160564125696
1235208925525544961
1235215795313143809
1235213551876354049
1235217149423046658
1235215760907104256
1235212438947213312
1235203411378872320
1235216570043060224
1235210616153018369
1235203675468918785
1235212721831858176
1235207680643534848
1235206632675643392
1235218166558519296
1235217469935099905
1235212991970320385
1235207119516901391
1235217985977176070
1235214242955104257
1235213384791912448
1235214207668416518
1235208308560023554
1235211929855160322
1235216343248580608
1235206838502723585
1235205182671040512
1235211350919569408
1235215017081016321
1235207625668808709
1235207320155705345
1235209788566294529
1235205490071793664
1235217063532253184
1235214992900861952
1235213984007098369
1235212546799554560
1235204117594664962
1235203623552004096
1235204444318388225
1235203702140669952
1235211066549784576
1235206154306846722
1235208790854729731
1235209948616740867
1235210492999802881
1235208354189979648
1235207560338296834
1235209783264722944
1235212395078758400
1235205998798942209
1235208514408189952
1235207875871592448
1235207867025764353
1235206128436416512
1235218310805049344
1235216012422680577
1235205675736805377
1235204077870555138
1235204958447751168
1235203720604012544
1235203799695974407
1235208790661902336
1235207092870377472
1235212314200039427
1235207247145336833
1235212320256618497
1235212621370007552
1235209988211118080
1235218217477513217
1235211991373025280
1235217155861471232
1235215726035767296
1235215635585564675
1235214419681894400
1235212905815126020
1235212444831748096
1235204918375571456
1235206397941424128
1235207022695632903
1235213550735544320
1235211228580130818
1235208517809733632
1235208823226408960
1235212674948108289
1235213086383955968
1235207656052330496
1235212849351405569
1235217474410475525
1235213231137755137
1235207233232756736
1235218187312123911
1235213345789300736
1235218342287470592
1235213564857610240
1235212835380224002
1235214026633666560
1235208394232995844
1235204737013817344
1235205422954369024
1235213871591251968
1235212904485597184
1235216579882889218
1235217412057948162
1235217627254939649
1235205685220167680
1235207688579158016
1235213929418289152
1235210703331643392
1235216647302123525
1235217893102694401
1235208553624817664
1235206946774323200
1235207068749004800
1235213592858955777
1235211538815832064
1235218373593587712
1235213548894085121
1235215589670449153
1235205953353633794
1235216806559666178
1235212873883881472
1235207319836864515
1235205727695908865
1235206313040216064
1235212648830009345
1235209928798855169
1235218329956052992
1235206684915544064
