1238058486124208129
1238070057529479168
1238071370925383687
1238058443900157953
1238070888089690112
1238064097943523328
1238059068649926658
1238071483835928577
1238070636817166346
1238064743740403718
1238070842195619841
1238071399945768962
1238059119417982976
1238070603275526145
1238064470934597633
1238059500747153408
1238058296981979136
1238070716664369152
1238070418541408257
1238064240361177089
1238070502607982593
1238063988870656001
1238064936644939777
1238059152573960192
1238064094340579328
1238070762222710785
1238070225754640384
1238064475644674048
1238064554803896320
1238059504983367680
1238070196390318080
1238070271723982848
1238071362637434880
1238069952827006978
1238064529432547328
1238069965640564742
1238065003606966273
1238070645315063808
1238059131753230336
1238058305945243649
1238070380943872001
1238071127634837505
1238064122916245504
1238071278403227649
1238058351558352896
1238059161151254528
1238071203102953472
1238064106038603777
1238058334768553985
1238058888466853889
1238071072785928197
1238064626127917056
1238070535868866563
1238064420812718082
1238058687132061696
1238064164683296770
1238058615858225152
