1234786430360133637
1234791432180895747
1234793240697753601
1234790374570446848
1234785870135382016
1234790417469714437
1234784967298666496
1234793307814813696
1234790233843085314
1234786146254761984
1234792517184479234
1234780826581078019
1234790091144548354
1234789809173889024
1234791116916056064
1234785938431066112
1234787778300448774
1234793469371006986
1234785879383781376
1234780951600943105
1234783147520192512
1234786206363406336
1234795426534055936
1234793252324335617
1234791475231240192
1234783040771149825
1234791439210602496
1234791829763231744
1234784253180813312
1234785666346573826
1234785891736072195
1234792487748681728
1234787476281184257
1234788553978208258
1234789261376811008
1234790793388470272
1234788253162598401
1234792470560591872
1234792855903715329
1234782760968941568
1234781154080804865
1234787088446476289
1234791356440039425
1234785533165031424
1234786731817230341
1234795310783717377
1234780965865697281
1234787221875691521
1234783354177888256
1234782865390555142
1234792311265124353
1234788778679599105
1234786583137701888
1234786981697269760
1234787954629005313
1234783910569140224
1234790604015620096
1234792341317152768
1234783489767038977
1234792677188591616
1234791647860400129
1234792149130108928
1234787723002744832
1234788481257394176
1234786386185617408
1234786925246062598
1234782571168440320
1234783331033767939
1234792387190435840
1234781946041044992
1234792090158161921
1234785625309503489
1234786336172843010
1234791151766511616
1234790898879385600
1234788007925841923
1234783003634753536
1234781398139101184
1234786709814075393
1234792452025765889
1234792977458819074
1234785747850297346
1234787235595214850
1234783394720108545
1234780609836306434
1234791390111911937
1234786437259763712
1234781931159588864
1234781225941979140
1234785433474805761
1234791340275359744
1234793003568574464
1234780929077452801
1234792408702951426
1234793587008843776
1234780835468832769
1234781342317056001
1234794139507732481
1234792142792347649
1234786256090873856
1234782334794092545
1234790570771398657
1234786723923742720
1234784434575953920
1234795015274205184
1234780803483172865
1234792486486335488
1234783120056033283
1234789297976467457
1234783081858355200
1234792482778513408
