1233986246508068865
1233992834685919233
1233983379214700545
1233986848214532096
1233980595669127168
1233985365746372608
1233986832477511681
1233988418104778752
1233990486236352512
1233994443868508160
1233984846193496065
1233992017828630528
1233989471030435843
1233990972784013312
1233980860220575745
1233985398017269761
1233989684818317313
1233992584453738496
1233986300555907072
1233986496182587392
1233992502232911872
1233985048224948224
1233983341046779904
1233985513180336128
1233989610205851649
1233991118058074112
1233983865120792576
1233987470397710336
1233992617408397313
1233982308908240896
1233989431930933250
1233993016890863616
1233989893220597762
1233980555366191104
1233981404637093895
1233986409385484291
1233990554033250305
1233995379965865984
1233980362050560000
1233992011553943552
1233986473461977088
1233989426398842880
1233981424002203648
1233988570265903104
1233988304326086657
1233984782331072512
1233986841272963072
1233986244524179457
1233980660240400388
1233984652852858885
1233981578742812672
1233993606651731970
1233983302412820480
1233992521262325761
1233991160315535360
1233983528083300352
1233991631264780288
1233992786900377600
1233992194127794177
1233990468771303424
1233986082347397128
1233980675453140992
1233991157194952704
1233993862026104833
1233989353690386434
1233981166824366080
1233986186533691393
1233995005556977665
1233989787981234176
1233981575324291072
1233994045388574721
1233986988002304001
1233987242948993024
1233991765666992128
1233981102232129537
1233994556988723200
1233988528264052737
1233981055226368000
1233990595699519489
1233992213656297472
1233985141153857538
1233981059991130112
1233985919549444096
1233983976588615680
1233985579005538305
1233995361699737600
1233986300178354177
1233991955165528064
1233983209857277952
1233988384428785664
1233992911945003008
1233981886852206592
1233991677682962434
1233991429216751616
1233990891309846528
1233985987056996352
1233986894595100672
1233980667773370369
1233980548441202688
1233992588895686656
1233994262083260416
1233987088024031232
1233990630415593472
1233984799276249090
1233984976460238849
1233987401820753921
1233980338197745664
1233993185380179968
1233989101080023040
1233986460753092609
1233993203075993600
1233991179101855744
1233980624286830597
1233986801984884738
1233991156360331264
1233988712645697537
1233980470842417152
