1237171927317446656
1237166973840027648
1237171575625056256
1237177527128543232
1237171676246208512
1237178177476165632
1237177833018933248
1237178134719598592
1237178626614779904
1237171718109540352
1237178319709356032
1237172247053234176
1237172041402298368
1237171769083072512
1237177682506506240
1237172896457469952
1237171780479062018
1237166936670298117
1237172384668487681
1237172825238069248
1237166295046426625
1237172810855972870
1237167166799011840
1237171503688450048
1237178390886715393
1237166915115782144
1237167028433289217
1237171776787890176
1237166391578562565
1237172787221016577
1237166509094514695
1237171776720965632
1237171675755659264
1237177455636594690
1237166509207805952
1237166483383431171
1237172506647240704
1237171554401861637
1237172636335169537
1237172640806289408
1237172347418927112
1237177988246056963
1237178046786023425
1237178328823533569
1237178416438358016
1237177862647472130
