1236443948211679233
1236455110240337920
1236449765438742528
1236454862142963712
1236456279209652224
1236444320795971589
1236455406572048385
1236450080430972929
1236455403057303552
1236455860567769088
1236455481729781760
1236449152394883072
1236455716380200965
1236443642212102147
1236455923935252480
1236449059935674369
1236449082299822080
1236455301194428417
1236454877552947201
1236443423478919169
1236456287552110594
1236450230905835521
1236450364892876800
1236455033035583489
1236443923377205248
1236444439867990020
1236449496390864898
1236450331183153152
1236455256155992071
1236450175561990145
1236449547758551040
1236450198550974464
1236444237169737728
1236443792607150080
1236455414537105408
1236444418560782336
1236450378205597701
1236443247691563008
1236449610018607106
1236455223205347328
1236456217544974338
1236449963959365634
1236443204909781000
1236450264133111808
1236450112932433921
1236455323952730112
1236444534353133568
1236444530766823424
1236443650315468801
1236455188199649281
1236443406802595840
1236443410342518785
1236455511882694657
1236449856912269313
1236443592404672516
1236450009190629376
1236448516349644800
1236444224356220929
1236455024340975616
