1233997881092329473
1234004542133399553
1234005680228569088
1233997723453534208
1233998461118246912
1233997979670978561
1234006859956269056
1234007575382908928
1234009957613363200
1233995735164751872
1234010342017118208
1234002252928557058
1233998639938273280
1234000239402659840
1234009579358425091
1233997948628815877
1233999086119841794
1234000972050862081
1234004050040979456
1233998562020605952
1233998830447644675
1234002647088234501
1234006107716112386
1234001378386702336
1233996924619042816
1233999243469156352
1234004397878726656
1233999144018071552
1234001296270618625
1233998874227941376
1234005180590493698
1234005313507872770
1234004217783881728
1234008784730718208
1233996975772774400
1233998043759833088
1234002995228139521
1233996195678179328
1233996257414262785
1234002115300818944
1234000456575221761
1234003889327763458
1234008411307528193
1234002939691143168
1234006685225750530
1234005136248360961
1234004436290158593
1233995658664828928
1234009369240592390
1233997780189732866
1234003910961942528
1234002949853958144
1233998719801905152
1234005358185594881
1234007039195697152
1233998876178169856
1234009488493105155
1234008115579883520
1234001192595992576
1234005753473765378
1234005444751974402
1233998614843789312
1234001079622238209
1234000791972798465
1233998000277450752
1234009806471561216
1234009266064748544
1233999665496051712
1233998714601000960
1234005266989035521
1234001629382246400
1233998967337299975
1234006397978734593
1234008305011310595
1234004091128438784
1234004390052343808
1234007130681700352
1234000024641601536
1234008185645568002
1234004565835436032
1233997991708647427
1234008507227070464
1234008511094243328
1234000190887145472
1234007737995939843
1233998305950040065
1233996965479759873
1234001222824333312
1234009290068774912
1234002723378540545
1234007731838672899
1234004357529526273
1234007460869963776
1234000536409690114
1234007298801975296
1234000439533637633
1233995836595544064
1233999042776064002
1234003842439819264
