1235086391555444736
1235082677881049089
1235084564130697217
1235090068466851841
1235094198929547264
1235088136268435456
1235082753722298368
1235096414692106240
1235083316748935171
1235084635039600640
1235090074770927617
1235092887492153346
1235091993073553409
1235090370586767360
1235096074265563136
1235083467781787648
1235087070571323392
1235090178882056193
1235088602897375232
1235083283412602881
1235089722692628481
1235083667887624192
1235087704057995264
1235096683790254081
1235094800019443712
1235082672403292162
1235096499580592129
1235093670048575489
1235084973893287936
1235094863772704769
1235092932207624193
1235087448473866240
1235087378555047936
1235088114055438336
1235096246315937793
1235088831923142656
1235083595531739136
1235088291386408960
1235085091644166144
1235084082201034753
1235095425071239169
1235089595022245888
1235095760099831809
1235094955753762817
1235096502042677249
1235088312605401088
1235096061766553601
1235088187560611840
1235089513531101184
1235093654139625472
1235088754261364737
1235089884525678592
1235096656963457024
1235097513880772608
1235089797787484160
1235087720797503488
1235084587207774209
1235082782549766145
1235096542257778689
1235094844030062597
1235089907409989632
1235097110246129664
1235088061844709376
1235097579886501888
1235084124689272832
1235095639119159296
1235096446275186688
1235095493094457345
1235095134905065472
1235095494184992769
1235096994617540608
1235092486046924800
1235087459081310209
1235083816500203523
1235091920503758848
1235089203974664193
1235092394095177729
1235091714945118208
1235096600382287872
1235097459753234432
1235096790694649856
1235092229250666496
1235090281206181888
1235094489359716352
1235089590702112770
1235092506548662275
1235092176024915968
1235085401875857408
1235084897556946945
1235083793079267331
1235082566996291585
1235095236470173696
1235095249376043009
1235093606127419392
1235084132763353088
1235089500004446209
1235085429663100928
1235086571373654016
1235094450407272450
1235085173789609985
1235090119540871168
1235094804251328513
1235089358954233857
1235095326052122624
1235095433812135936
1235097214206111745
1235088890161053697
1235094809943007235
1235093939784257536
1235086220532699137
1235095824117334017
1235097255981363203
1235088716034478082
1235088905814151168
1235091042388434949
1235096251588206592
1235094981196394496
1235092233306554371
1235094998984642561
1235087595413147648
1235090773927841793
1235090337724432384
