1240846586885931010
1240847597390135296
1240841167677411335
1240846909365006337
1240836444639223810
1240847719075209216
1240842207319425024
1240841846898728960
1240836146776756225
1240847560002035713
1240842195101347841
1240847366753673217
1240847551236124672
1240841884584431616
1240847694056357888
1240847518130245635
1240835744375005184
1240847404737482756
1240835639450402817
1240841486507356162
1240846896890957824
1240846640749002752
1240846645232713729
1240842027270459392
1240836406693560325
1240846905392934918
1240841851373936640
1240835845042720771
1240836532816293888
1240840978614886402
1240847417274179584
1240847824025051140
1240847446588211201
1240836033878597632
1240841964326510593
1240836624830926848
1240847488241643520
1240846959788711937
1240836310543282176
1240846921947906051
1240841238758043648
1240847656236138496
1240835819646136320
1240841733740670983
1240841796839759873
1240836029508202497
1240841779974246400
