1235427460629458944
1235427118609244160
1235414774046838784
1235427103518015488
1235421141298278405
1235420207507820544
1235421287981277184
1235421552298074114
1235415584617017344
1235426616760832002
1235420967616294913
1235427127329034243
1235426134830878720
1235421364594438145
1235426713787645952
1235415329423097856
1235427152587304962
1235426939944333312
1235415873763991552
1235426415002206210
1235415466040070145
1235414780107603968
1235418734254120967
1235427534558228481
1235426614420353024
1235421433003720704
1235415077228023809
1235414980763078657
1235421099556368384
1235415736710881280
1235427135180787713
1235427146220351488
1235420269470089217
1235414762508427266
1235414992452751360
1235414934625845248
1235421379958394880
1235427034379309057
1235414909502046209
1235415622281920512
1235415211743604736
1235420516158078976
1235415491570618368
1235427467873136640
1235426489572581382
1235426734113095680
1235420876654272513
1235426648553451521
1235420622382977024
1235427308338581505
1235427005501300736
