1238351462607941633
1238356466047868928
1238345191645491200
1238350732555739137
1238356839324176387
1238350501747609600
1238351290226192384
1238356973629911041
1238345783092498434
1238345049374687232
1238357011009622016
1238356377812127745
1238356394841120768
1238345112301830149
1238350917591650304
1238355816027172864
1238350786956070912
1238351122324172801
1238356256232005632
1238344873008181248
1238350514095443968
1238350602809364481
1238344739247681537
1238356378231562240
1238345216777760768
1238350372265013249
1238345661667586050
1238350187057176577
1238350518872870912
1238356889785602049
1238350992887951360
1238350426531127296
1238345216521732096
1238356516442222594
1238356659363360768
1238344768104443910
1238344935902007296
1238345577886334977
1238355858041389056
1238345464153550850
1238350346314903553
1238351038748426240
1238357028155920390
1238356278109523969
1238350237670014976
1238356801323556864
1238350917054787584
1238351370333413377
1238350786783924224
