1239796940734226434
1239797608257740800
1239807691385692193
1239808471073202176
1239802032728539139
1239808118621495297
1239807909011193856
1239808290932117507
1239807691247308806
1239802922243768320
1239807603338813441
1239808130973945856
1239797377105616898
1239807972248702976
1239808374562226178
1239802398211596288
1239808471106805760
1239802024696283136
1239802724717191168
1239796600999944192
1239807695332372485
1239802087505973248
1239803068847468544
1239807779189198851
1239802192107888641
1239802364044836864
1239796416609800198
1239797293647347713
1239796571874590724
1239796332916690944
1239807548695425024
1239797381073227776
1239796374876696576
1239796492090540032
1239797268246663168
1239802255328583681
1239796844739395584
1239796706000154624
1239802229877551104
1239807628034945025
1239796681073291266
1239803182064287745
1239796659866849280
1239796492111687680
1239797008073924608
1239808424881332226
