1237263795489292289
1237268653520728064
1237268372854902784
1237257365822386177
1237268815911608321
1237269039585492999
1237263317359456257
1237262873941946368
1237258028166131712
1237268536302751744
1237262966044512256
1237263661141540864
1237263100803452929
1237269533582184448
1237257357958184961
1237257237061464064
1237263474008494090
1237257010279788544
1237262857412046849
1237268941589950464
1237257941775814659
1237268254059425793
1237258171732750336
1237263329694908416
1237257413012656128
1237263553310138368
1237263364776054784
1237262890350059520
1237263021040381959
1237262983564320768
1237268548961079296
1237256968852537346
1237257894707560454
1237257417311780866
1237257706227916800
1237257547133804547
1237258134646857729
1237269022065823745
1237263132910850048
1237263838426300417
1237262999691374593
1237263661305135104
1237258015578808320
1237256976012169216
1237257550178840576
1237263070948397056
1237257743846670336
1237269479110803456
1237263124643733504
1237263990042091520
