1239617533390598149
1239624894637367299
1239612492072050688
1239624060067287042
1239624714122940419
1239624546740834305
1239624123078168576
1239617198412488705
1239624349746966528
1239617684494381057
1239617818787708929
1239612689195970561
1239617970076135424
1239623959357927436
1239617118573867008
1239612630542802945
1239612596195475457
1239617361839378432
1239624035073511426
1239617504185659405
1239617361855971328
1239624995111927812
1239618162682998787
1239624638864461824
1239625091928838155
1239625024606175232
1239624248815013902
1239624844393807872
1239624781491830796
1239622843631112197
1239617605150953472
1239617014831796229
1239612664298471426
1239612492097171456
1239612442235174912
1239624454197706759
1239624642941370368
1239622931577294853
1239618049629736962
1239618288868614147
