1241088887403032576
1241088799297454083
1241083388586594305
1241089323472244743
1241077281813979137
1241077314718498816
1241082675412135937
1241077340299395073
1241082541391654915
1241077373954658305
1241083065679699972
1241083422291853312
1241077508310614016
1241083183195729926
1241083132608012288
1241077977917554692
1241082851715670016
1241077768110014464
1241088899625222145
1241088493138456577
1241083015289344001
1241077663269347328
1241088413127901184
1241077491466416131
1241088996345663488
1241082729837494273
1241082386101788675
1241088425740165120
1241088257955205120
1241082755087314944
1241083107580706816
1241082629195169792
1241089403327524866
1241077235475415040
1241077172720238595
1241077604565880838
1241082427885465601
1241077927464271873
1241088853949235203
1241077356900515847
1241089206111424518
1241083556362928130
1241088123985068033
1241088199499399168
1241077814088081411
1241077898313961479
1241077688670003200
