1236980278142414851
1236979230119841793
1236980415749128193
1236973634545213440
1236980324636094464
1236979556331872257
1236974497493893120
1236980503720443904
1236979486014332930
1236973953056374784
1236979039325360129
1236979446806020098
1236979912378060800
1236979749370675201
1236974480485908488
1236973948061057025
1236973180553658368
1236973780607610887
1236979547775447041
1236979517874409473
1236974664955637760
1236974010795089921
1236973356500606976
1236979863367475200
1236973201411969024
1236979522207207424
1236979262738948097
1236973558682787841
1236974380988526597
1236979865796128769
1236980186069032961
1236979506490920960
1236973546749825024
1236973840309207040
1236974570004832256
1236980423785414656
1236973369238654976
1236984933287149569
1236974275317260288
1236973469771821056
