1237622954009276417
1237627803727802370
1237627420292911106
1237628143055310848
1237634048408702976
1237621988996284416
1237628364875317249
1237627568141950976
1237633284978479106
1237622744981929984
1237627491600269312
1237621965428580352
1237633397553385473
1237622745065652227
1237633217252872192
1237627614380077056
1237622786736173056
1237627428857679872
1237628192938229761
1237634153270542338
1237622250389397504
1237623016864923648
1237634090196537344
1237622699289174016
1237627706763653120
1237622518460174338
1237621950949687297
1237634357478580224
1237621917588299776
1237627597250584576
1237628457225310208
1237628603577360384
1237622653223133184
1237633917609525248
1237622131518824449
1237627571753439233
1237627806269485056
1237627945537032193
1237634069250347008
1237628670971269120
1237634051898372097
1237622782034243585
1237623071441215489
1237622048647774208
1237633214061174784
1237633545813843969
1237628767805165568
1237622664216207361
1237622438806126593
