1234472105309343746
1234467238821888000
1234466908541476865
1234478423713746944
1234478546808000515
1234466916120571905
1234472267763142656
1234466282944155649
1234466879751643136
1234466706728222720
1234466806942896129
1234466502243504128
1234477834736996353
1234466652382613505
1234471925642121217
1234471896273412097
1234472473229328386
1234471912488620033
1234477439365124100
1234477688452108288
1234478471419777025
1234477708807110657
1234472527826522112
1234478449831616512
1234466967974825984
1234472134434598912
1234477405798109185
1234467146748399623
1234471769332842496
1234472478514253831
1234467419726503938
1234472377943113728
1234472343658881024
1234477814016954368
1234467260301008897
1234472343650684932
1234466254980698112
1234472868181921792
1234466811820871680
1234478145404837891
1234478085614923776
1234471925369405440
1234472146753056770
1234472448910708741
1234471782444412928
1234472897386893314
1234466584732848128
