1240250559220846593
1240251352066002944
1240250966051450881
1240256888131985410
1240256527409254401
1240250919855456256
1240250441763610624
1240250865249923072
1240250991234211840
1240256347381342218
1240256636394012672
1240257219767214082
1240256774982242305
1240251481657237505
1240251062151516160
1240251309812592640
1240256070263738368
1240251381073625088
1240256074596392960
1240251406218670081
1240251515299934208
1240256611433627648
1240250676602691584
1240256842023997440
1240256292679118848
1240256493963771905
1240257001474658305
1240251565925117953
1240251666420641792
1240251058368151553
1240250781330288642
1240251381019070464
1240250852805394433
1240251577098596352
