1235887557201756160
1235893777920753664
1235894415350259712
1235888220455555073
1235895987719282688
1235888586928635904
1235894130670264321
1235888424080400384
1235893600547942400
1235887271703769089
1235883537322012672
1235894028979310592
1235893057096167424
1235893354568679424
1235893055489585152
1235888713760206849
1235894237658583042
1235887761749667840
1235894151864037376
1235893311266623489
1235893263401472001
1235893707309604869
1235887767483068416
1235887648331501570
1235893023914983424
1235893450819735552
1235894610146324482
1235887720859414528
1235894220487110656
1235887263403438081
1235887589829173248
1235888669656895489
1235887659589013505
1235888669355061249
1235894200811638784
1235894275365273600
1235893977733386240
1235894439765307399
1235893638963638272
1235888256140615683
1235893583720390657
