1240799878713769984
1240799387984502784
1240793650084315136
1240799555932823552
1240799438362349568
1240799233093111809
1240799413284593664
1240804798573744130
1240799106949406722
1240793256042139648
1240798771501563904
1240805054719893504
1240799983705653248
1240805071392309250
1240799568553369600
1240800004463362054
1240804458658795520
1240804957969887232
1240799736166301700
1240798721073283072
1240794325744828416
1240804626796097541
1240793993870442496
1240793620740882432
1240804547078938625
1240794408917794818
1240793436246151171
1240798842838122496
1240799258216890368
1240793884898340866
1240804370733768709
1240793285230309377
1240804396096581632
1240793595772309504
1240798943459643393
1240804953863659525
1240793788542529536
1240804559762710537
1240799799164747783
1240794325338009611
1240798926711611392
1240799648266309633
1240793780531404800
1240799148934197248
