1240875275610537984
1240875065832378369
1240869248261488641
1240869324010618880
1240875456208879616
1240869864824172550
1240875200306188288
1240875342899769344
1240874898387382272
1240870200599142401
1240874952615739393
1240870263278825472
1240869538180165638
1240875552279392256
1240880236993994752
1240880418108264448
1240869567322185728
1240869328188129280
1240869256796962816
1240875153757798403
1240869756254765056
1240869042992197634
1240870087407566850
1240870317742067717
1240875540287873024
1240875892563251200
1240869793432920064
1240869503984009219
1240880745461059584
1240880347014926336
1240880430703874048
1240869059773808640
1240869264996761600
1240869223230029824
1240874788941434880
1240869554609217536
1240869567385104384
1240869617259540480
1240869453820289026
