1240385401753346050
1240384822972952577
1240396026101534720
1240395753266253832
1240396067901968384
1240395883541389317
1240385321726095360
1240396541887725570
1240384583721291779
1240385317892435970
1240385041106112513
1240384491341873152
1240396353315975168
1240385611799748609
1240390627965071361
1240384734955438081
1240385804624510977
1240390233230802944
1240385066188058626
1240390560709578752
1240395887488184320
1240396583767810049
1240390375950483462
1240390523010965504
1240391072410370050
1240384541652652036
1240396818502103041
1240385837944242177
1240396520962351111
1240390417906098177
1240396743067537409
1240384659156021249
1240396046951485441
1240384789317738496
1240385099289460736
1240390284107591680
1240395673490673666
1240385242461945857
1240395937790509056
1240390166784520194
1240390946480689155
1240396797564108800
1240390296468414465
1240390309055549440
1240395707158233095
1240396021944987648
1240385288716685312
1240385489741348864
1240396944234684419
