1235875942439870464
1235882614067736576
1235870445422776322
1235876921478545408
1235870032472625154
1235870126768939010
1235871196815777793
1235875988757602304
1235875870881075200
1235870561344974848
1235881925203673091
1235870306771730433
1235870257325019142
1235876953296703488
1235876568565780480
1235876066096529408
1235870535659089926
1235870414338842625
1235869752657981442
1235876768017346560
1235876509216370690
1235882768388808705
1235882632300433409
1235870105520635905
1235871156931948545
1235871041785720835
1235882235171090433
1235870956754780162
1235882313302630400
1235876002817019904
1235870000352653312
1235876227162025984
1235880473852813314
1235882321925922822
1235870784419053569
1235876013936082950
1235881453348511748
1235882285519572993
1235881944388378624
1235875464863838208
1235881992132034561
1235870771001659392
1235869741022973953
1235870931693654016
1235880920831471616
1235873895841796098
1235870404708876288
1235881832819740679
1235875829126594561
1235870482169081857
1235881744403795968
1235875822843703296
1235881760468025344
1235871236107857921
1235875678244855812
1235876390878285824
