1234616820486823936
1234623699359125504
1234623318071771136
1234617140310732800
1234628427027820545
1234623515439116290
1234628964204924929
1234618025015480321
1234622579719143426
1234628674978185217
1234616663309463552
1234629370515533824
1234616863751053313
1234617798539780098
1234628113742516225
1234616679654543360
1234628717357469696
1234623172202266624
1234623447050997765
1234622675546406912
1234617814603964416
1234617504439382021
1234617697494687744
1234617392480677888
1234629333848936454
1234623674952667136
1234617891443490816
1234623741474242561
1234629212214104064
1234628650366111744
1234628161649901569
1234616714559721472
1234622503517118465
1234623176036012033
1234623620720275456
1234623318075965440
1234616598843052032
1234622592633495553
1234623795958292481
1234623409545531394
1234618055545589760
1234623369439514625
1234617706260914176
1234623657286070273
1234623770616303617
1234617606625058816
1234623830083153920
1234616721476136962
1234628711669911554
1234623138626854912
1234629181125865478
1234628757782134784
1234623686835154945
