1237031981260537863
1237044479908962304
1237038544431931394
1237037579918286849
1237037483172466689
1237043456528318464
1237044441359306752
1237031678511480835
1237044148823343105
1237037466265071617
1237038717270773765
1237037458933657602
1237031616255426561
1237032827402825728
1237032068321771521
1237038054017204225
1237037706414305281
1237032623303725061
1237043858279731201
1237038658424688641
1237037638693126144
1237032622439534592
1237037520975794177
1237038049747439618
1237044467711918082
1237031951204265985
1237044512691613697
1237043720140308485
1237043972574285824
1237037567096340481
1237038699700989953
1237038683951370241
1237037974107443200
1237038435862482946
1237037617935298561
1237044139428065281
1237031757750419457
1237031876344381442
1237037944734654464
1237044254112800768
1237038699671666688
1237043300697280517
1237037756129263618
1237032206792634368
1237044084881178624
1237031926239813632
1237032001779220480
1237044613417857024
1237032038848319488
1237038557321183233
1237043758467657728
1237031880408485888
1237033067224666112
1237037727008329728
1237032739578077184
1237033053786001411
