1238771710805057536
1238771316020449281
1238771568270082048
1238777431726620672
1238778127591014400
1238778111279247360
1238776932193333248
1238777830588080128
1238771672720838656
1238772314948468737
1238766853402419200
1238777771121393664
1238777167443636225
1238771559382175744
1238771979085365249
1238771630664568834
1238771614436806657
1238771756518817793
1238778224663920640
1238771949624573952
1238772071221432320
1238777297777446912
1238771223728918536
1238777641085423617
1238778258277031937
1238771957941694464
1238772285034713096
1238771597067956225
1238777896858238976
1238777587066781699
1238777268161388544
1238778001871048706
1238772000086274048
1238772046110351362
1238777234531508224
