1234136561232601088
1234145738503798784
1234143218993856512
1234134214997630976
1234139863659601922
1234137368262737921
1234134104368701445
1234133877117145089
1234133224835563526
1234133074113331200
1234145507343097856
1234143199192588288
1234139866788696066
1234136381422755840
1234132439938797570
1234145718702682112
1234138432227725313
1234143000072245248
1234135442494312448
1234144568272179200
1234134317472919553
1234141853705998337
1234131409389989889
1234143394693361664
1234131334144167936
1234134439292260353
1234139595933126656
1234131775154245634
1234146045736689665
1234132734278283265
1234145994264186881
1234140028646785025
1234135227397812226
1234142826201399296
1234132155363545088
1234134505180413952
1234142716260503554
1234140867696439296
1234131493368324096
1234144604846469120
1234135232451764225
1234146219921788928
1234134394522292224
1234133568965750784
1234146008730406921
1234144096048091136
1234136498657775616
1234131468554850305
1234141385478922241
1234134265106857985
1234143890116161538
1234132054788444160
1234136387391115264
1234133181755985923
1234141851361390597
1234141132793274370
1234144414894841856
1234138074726223872
1234142624195334149
1234141984576692229
1234145959400968192
1234143872722145280
1234132577432276993
1234144506448109568
1234138826282536960
1234139818231238657
1234143985956016128
1234135206640046083
1234140476837638147
1234132631241007106
1234132084156981249
1234145576020668417
1234145318737936390
1234143993539198987
1234132570733862912
1234139718863867904
1234142014314287104
1234131590667632640
1234135545225400326
1234138768539471873
1234138483696046081
1234133315629789185
1234132976558133249
1234131899238494209
1234138667163291649
1234142725001359366
1234146263915991041
1234131413462585344
1234132719547842561
1234139817086156800
1234132060182200321
1234142262361235457
1234141224610627585
1234143902921297926
1234140152626204672
1234131925071167488
1234142777329561600
1234135410638409730
1234145216409559040
1234138507666436097
1234145006254002178
1234137575868305412
1234139986095693824
1234144689969934338
1234135828672237568
1234136802627375105
1234135018345291782
1234141294060015694
1234143307271372802
1234143687455707136
1234135369551089666
1234144828591505408
1234135570269556738
1234141570640662528
1234134686525534209
1234146206705684482
1234138533432037382
1234136496619302912
1234132961974317061
1234146118017024000
1234138474699264002
1234136219090591745
1234139054402342914
1234139309701287936
1234138968964444166
1234140561239617537
1234134787167838213
1234146292567244802
1234137165749157888
1234140597449043974
1234138688990457858
1234140908196696066
1234132001030053890
1234139239606030338
1234139184992002048
1234132497656619008
1234142956363190272
1234138436002557952
1234141290268430337
1234143163683659778
1234141552685060102
1234139642615812097
1234141849008459776
