1239193297043836929
1239204650664054786
1239193137643282434
1239199600675713031
1239198883605032960
1239193561159077894
1239204465938436097
1239193208795480064
1239199319833677824
1239198791200317442
1239193569354756096
1239199726852952064
1239198627634892801
1239199772436824066
1239193686908588033
1239193590514900997
1239192747417800705
1239204399005618177
1239192801935572992
1239193942647689216
1239193883340353537
1239198795293917185
1239193292513968132
1239199575644176387
1239199844150861825
1239198715698610179
1239199684612128769
1239193804118220800
1239192969581862919
1239199588080332800
1239193422616903685
1239199470774095872
1239198723986599937
1239198749311799297
1239199068095565824
1239198959148642310
1239198925493612545
1239198828802293765
1239198602452512771
1239198610786357250
1239198493358596097
