1236397535008260100
1236408694021263360
1236408165920641025
1236396488453808128
1236408049168011264
1236409315973640192
1236408595190894593
1236408799516385281
1236407970365202432
1236397336382840832
1236408350243524610
1236408422171623425
1236403137436672000
1236409399507288064
1236408217552531456
1236396267493826562
1236408280664211456
1236396765517135873
1236408694595878912
1236396837671583744
1236408980647411718
1236403505600102400
1236397310994759680
1236402533146361857
1236397185308254210
1236408271390437377
1236402536996835328
1236408853404712962
1236408976973103104
1236397445585625088
1236408657396600832
1236408707359047680
1236409474476277760
1236396230684676096
1236408501901168640
1236397768278781954
1236409445686693894
1236409086989578240
1236402105994350593
1236402923074093057
1236397509498503169
1236408992873754626
1236409270876491776
1236403492794912768
1236402714956963840
1236409428963807233
1236397152391368710
1236403956823269377
1236402215327354880
1236409383959093249
1236396561527160834
1236408761515991041
1236397319412686848
1236402180300722177
1236403570020417537
1236402761295695872
1236409227113103362
1236409386160934912
1236403508276072448
