1235351286356283392
1235344571938328578
1235343962350718976
1235345003179921411
1235350196646801414
1235343911545167872
1235350250547744769
1235351257197490178
1235344769217368071
1235350380126408705
1235351318954414080
1235351361711198208
1235344890415984640
1235350116048998402
1235344365565988867
1235344077211734017
1235344886825652226
1235343793475538944
1235350916955398144
1235345235498106881
1235344236905721856
1235344737504288768
1235350333200773121
1235350184151977984
1235343967505567745
1235350288862769152
1235350307934261250
1235351247089213440
1235343979245457409
1235350971280175104
1235343921758294016
1235350363252891653
1235350979710799874
1235350548666363912
1235344947320180738
1235344175958315008
1235345389328400385
1235344297794457602
1235350647408455680
1235345087351140355
