1240059479275773955
1240053754113613825
1240059571546271746
1240053334557458432
1240065242194784256
1240059466818695175
1240064872999718916
1240064809967783938
1240053602774908928
1240053502493130752
1240053535997214720
1240065028444885000
1240064889772802054
1240058904832282625
1240064763956064256
1240053837819502593
1240053232434589702
1240059466650877958
1240053775139831818
1240064378294026243
1240059189931753480
1240053862989430785
1240064822923816960
1240058916987338752
1240053380892016640
1240053154013761540
1240053384868028417
1240064982114381824
1240065053287727109
1240059286400557058
1240064734935887872
1240053292803280896
1240053363812601856
1240059416218488832
1240059520954531843
1240059415962714120
1240053049391013888
1240054148172640257
1240064227253129216
1240064466055766016
1240059210811019264
1240058644537823232
1240059118527840256
1240064990754877440
