1236264645767434240
1236264359652982785
1236265060613455874
1236265136211574784
1236270745405308928
1236270877622190080
1236264796753813505
1236270445961199620
1236265194646577153
1236265422015680512
1236270693710528514
1236268525645443074
1236273576182980609
1236271822833946624
1236269955248726016
1236271434642722819
1236264650116825090
1236268217921830914
1236264423121133569
1236269927247511553
1236270630393253888
1236275363082170368
1236270270568169474
1236265318575677440
1236264687601360896
1236264502527578113
1236265137721540608
1236264638125350912
1236270492409004032
1236264990191091717
1236269816673185793
1236265082201530368
1236264022049054721
1236263987626598400
1236270412427710464
1236264229763776512
1236270270358355968
1236270006528364544
1236270496766930945
