1238805470921531394
1238806284222304258
1238811443169984513
1238811330083258368
1238812059724402688
1238811426405441537
1238805428705865728
1238800021820243975
1238805621555822592
1238800726865969153
1238806443438100481
1238800323935952896
1238800164472721409
1238811288303579136
1238811506143375360
1238800487366963200
1238799871123099648
1238800483650637824
1238801075068645377
1238806154026811392
1238811736444153856
1238799992959184896
1238805847809064960
1238800231837454336
1238811367496462339
1238806527366103042
1238811640495255553
1238805718020448256
1238811573122142209
1238799778579914755
1238799841582624770
1238805604795174912
1238799787098505216
1238811858360025089
1238806447926005762
1238811229407203329
1238806346822111232
1238806187459719168
1238799723974230016
1238805403141640194
1238806376585068545
1238800042967924737
1238812063843127297
1238811518621409281
1238811204048601088
1238806368028700673
1238805805887098880
