1236777050935091202
1236776690673745923
1236777890882207744
1236777026402447360
1236776467691905024
1236777635340001280
1236777845319446528
1236777567883051009
1236783418949742592
1236782982679146499
1236776603570454528
1236783065969590272
1236777524803309570
1236777090332139524
1236776506472488960
1236782620576538626
1236788712207417345
1236788384384733184
1236783782650433536
1236777881432403970
1236777130379206656
1236776933582569473
1236777700662132737
1236783191173804032
1236777726041866247
1236782956070539274
1236788514324389888
1236783707995832320
1236777567371382785
1236783301324611584
1236782450405146628
1236782759575719939
1236788505654824967
1236783460003581958
1236782784221511680
1236777208217317377
1236777868962734081
1236788610474500096
1236777261426249728
1236782970163171328
1236782444843589639
1236782403294760961
1236788762279100422
1236777471330193408
1236776979258642432
1236782512153587712
1236783405393731584
