1239641512880812032
1239635175111262209
1239629659442237440
1239635804185661442
1239640837182627841
1239636261435916288
1239630343252201476
1239629579767054336
1239635615169167360
1239636513241137158
1239636177570926593
1239641931925336064
1239641726492516356
1239635229545050114
1239630179808546817
1239629680103260170
1239640929608269824
1239630405877346305
1239635389029236740
1239642188109275138
1239641210320564225
1239630237966700547
1239635338500292609
1239636164862185472
1239641730435203075
1239629642526408704
1239636147216822276
1239630313439072257
1239641261318877190
1239636122726273025
1239635229805023232
1239641650894229504
1239642020030885896
1239635422487011330
1239635401096286208
1239641017835491330
1239629659462983680
1239640820225056778
1239642074590392322
1239635581979811842
1239636420895084546
1239630531903590400
1239641252720607232
1239630267624706049
1239636244646297603
1239642120450867200
1239635774703906819
1239641780955512832
1239635866252980225
1239629777004154888
