1238373012992376837
1238362740550328320
1238367949871673344
1238362502099914757
1238373000111669248
1238367090219855873
1238367496933126144
1238362015304806404
1238372714793930752
1238367949766963200
1238367325310660609
1238361746533998593
1238368348389457920
1238362279164252160
1238373985869541376
1238373843368099841
1238372698167881728
1238362220834291712
1238368286041165824
1238362333744959488
1238361528669048833
1238374006723686400
1238367916472631296
1238368118000451584
1238368302273044480
1238373008491732994
1238373289724129282
1238367606655971328
1238373033389297664
1238368197608214529
1238367786616803328
1238368310682701825
1238367484903735296
1238373893502570496
1238373037973606406
1238367753297440769
1238373431982186496
1238361822261960704
1238367715187777537
1238367245702533120
1238362254447243264
1238368302453448704
1238361428102283264
1238367157596983296
1238362246050467840
1238367278787448833
1238362287729229824
1238361470112608256
1238368180487274496
