1220772701645631489
1220774847141335040
1220780923165257728
1220777328323764227
1220768612534882304
1220778257361932288
1220779111179747328
1220777936514469890
1220772666958864384
1220783200823173121
1220769471838572546
1220777030381338626
1220780632684617733
1220772593604517888
1220769915893739520
1220778868841185280
1220776488850509825
1220778904975052800
1220781674440556544
1220771151934259201
1220775512102129666
1220782040167190535
1220773744852922368
1220770508440002561
1220782536588062721
1220768836712124418
1220777729341054976
1220778554281136129
1220780977913417728
1220774027419013121
1220772990482141184
1220775290542018560
