1221266000974209024
1221254142435450881
1221263579082633217
1221260903766581249
1221260676972212224
1221260036057550848
1221256072758845443
1221257077869314048
1221255948079026176
1221256680341745669
1221258053162455040
1221260712837668865
1221255960527802373
1221252477820911617
1221257772483796992
1221259284903866378
1221255455533674496
1221259469687930888
1221263006857719814
1221265694798553089
1221257578480619520
1221255173885972480
1221253660325416960
1221259837499232257
1221264068155019268
1221264522297495553
1221254449768759296
1221260406330515458
1221253396717400064
1221258367781367809
1221259697065472000
1221261531016392705
1221255469806714880
1221258074112970752
1221260976290353152
1221255480871243778
1221258786964303877
1221257748085559296
1221259066426544131
1221264028963504128
1221256409830100992
1221264576718594048
1221260779304955909
1221265237929791488
1221264762173964288
1221258208632639488
1221260801597677573
1221256137242226688
1221262099311185921
1221255052825772032
1221255390551322629
1221262101236203520
1221258310898388992
1221256096230174720
1221255752637132805
1221256508324773889
