1222534961867247621
1222537487115063296
1222541798192623616
1222546421385256961
1222540721489686533
1222535139516792832
1222539941248409605
1222536741044666368
1222546054375190533
1222540413254471682
1222547115152461825
1222540666405904385
1222541014478524416
1222548489428586496
1222537577892327426
1222548944145780736
1222536645926432768
1222546643154886658
1222535107942199298
1222548225778802688
1222540612240494592
1222537446941847555
1222540205267263489
1222546588989579265
1222548115162587141
1222542336149856257
1222541019398295552
1222537749686820865
1222540923445432320
1222540521396035586
1222544263054970881
1222535551942660097
1222543564548329475
1222541020891508737
1222544604853080064
1222540006452944903
1222547312750317570
1222540089395380225
1222541104135823360
1222545447933353985
1222546988455092226
1222548183525416961
1222538362940248064
1222547051478646784
1222539577669431298
1222534981982937091
1222549421310668801
1222548883991154688
1222542255094935552
1222539511722213377
1222536157780566019
1222548395568484354
1222547807527194624
1222541714537271297
1222536780999811073
1222540683015122944
1222546652680130560
1222545546629525504
1222547017978843143
1222546946373623811
1222549585081454593
1222548872678932481
1222540401820741632
1222547379703779328
1222540785075118080
1222543816705499137
1222534914165243905
1222549774798225408
1222548322243661824
1222549080385024000
1222546761727660032
1222544690827972609
1222536361506299905
1222541163355344898
1222547116649844737
1222546454650032134
1222546457363873795
1222535060978577408
1222546022355701760
1222539785165651968
1222546453236789252
1222549882323578882
1222546021831458817
1222534868913000448
1222544187041681412
1222549137251618816
1222546530864779267
1222544462087245824
1222549460221218817
1222544326678536192
1222546243647229953
1222548112096387072
1222545932824137732
1222545016008007683
1222546059202723840
1222547889668280320
1222541050482511872
1222538498433069064
1222546009865146368
1222540291275706368
