1221921740139499521
1221920312377430017
1221921557481570304
1221928602503008256
1221928888374185984
1221927040967774208
1221922751595696128
1221930185618001923
1221921839166808065
1221930351079149575
1221921948076109826
1221923791829336064
1221926447612227584
1221927007325491200
1221922941522235393
1221917123603304454
1221924134692839425
1221928111455064064
1221921480293797888
1221928471020146688
1221926517099368449
1221921044652609537
1221930114407026688
1221928994783686656
1221927454748692480
1221921380385554434
1221917556337991680
1221924351672340480
1221921554344353795
1221918053316861954
1221927845569515520
