1223218152349274112
1223217467088162816
1223219243111665665
1223215737788977152
1223226513635577856
1223220989120696320
1223218237174951939
1223221413596758017
1223226717382287361
1223214684247031808
1223220353046056965
1223223721206280192
1223215686509461504
1223218136498917376
1223216930628259840
1223217802313715712
1223224164326100998
1223227303351611395
1223217451451633664
1223219446044483584
1223223691724623872
1223222144340905986
1223220156547129344
1223224908408225794
1223221097749000193
1223219107610296323
1223227293247725568
1223225851816267777
1223216511336108032
1223221017855909889
1223223747613687808
1223229392685621248
1223214776605532160
1223223986835861504
1223222712107261952
1223226101293445120
1223218971148603393
1223218800948129794
1223227204248539136
1223228819521208320
1223224182302883851
1223228232180387841
1223219618275135498
1223218794736357377
1223219097288114177
1223218759428706304
1223224052300632066
1223218225707569152
1223218552200626182
1223223552469557248
1223214861619843072
1223228283283619840
1223227534860541953
1223218441403785216
1223227428278951941
1223222225446363136
1223217846123204608
1223227567110545409
1223218489462145025
1223226217475792896
1223224850107392001
1223224800895733762
1223222689642532864
1223219194533220352
1223223495687098369
1223217746495856640
1223215316173348866
1223219082771623936
1223224634121883648
1223221401676668928
1223214787942682627
1223223599936372739
1223220816629755909
1223226801666682881
1223214753402642434
1223216369333751808
1223223594781683713
1223219394651648000
1223220103413686274
1223220883357085696
1223226271334727681
1223215812116348928
1223221689930043394
1223222740557103105
1223224820638183429
1223221086168313857
1223224840703733760
1223224533399658496
