1221175308562370560
1221169083950997510
1221163492452917249
1221170112876535808
1221172031150084098
1221165313070452738
1221172088402272258
1221161318998110208
1221162887139467266
1221167841048698881
1221162808332541952
1221168997737123840
1221169843426164736
1221166390385741824
1221169223701073920
1221172505190260738
1221167642813165568
1221175583771512837
1221167536814817282
1221161099707342848
1221173420827824129
1221171389379428353
1221170415093022726
1221165983483625472
1221168847358554113
1221175731243253760
1221163645301710849
1221168156468629504
1221162701310844928
1221164941027098624
1221172055372189697
