1220733885702713345
1220734299256680448
1220723829733044224
1220730634483785729
1220725527314665480
1220734245871579136
1220737139719188481
1220729430382989316
1220731469812781056
1220737863001743360
1220726653611118594
1220728414346403840
1220736381611323392
1220728743716626440
1220734722629783552
1220737329339387905
1220736741448937478
1220727022978322432
1220723274272985092
1220731332663230464
1220726759085281281
1220734222635130882
1220737935101911041
1220728368301256706
1220732822811545601
1220730638199939073
1220730326844047367
1220736615183802368
1220736929118945280
1220727374272176134
1220733025434161153
1220736827293945860
1220725236712267783
1220726645658615815
1220730149609656321
1220736524859273216
1220725463414382597
1220726801233784832
1220733350643630081
1220733770015240193
1220729829345169408
1220726813548335106
1220732978885578752
1220728373976104960
1220729810021949440
1220732737092493313
1220732708005011456
