1221480788807389189
1221489869173731331
1221489017306472449
1221485370342330368
1221485999265656833
1221480826975727616
1221480416529518594
1221487020545073152
1221488092034371584
1221484946352754690
1221480150379819009
1221488325766324224
1221492483726757893
1221489303722680320
1221486492717068288
1221490592275783680
1221486219202265088
1221482474896797696
1221481079120547840
1221491207433416704
1221478790745878528
1221479834586681347
1221484045915176960
1221484115846926337
1221481369219534848
1221477905479409673
1221479118446792704
1221482936601477121
1221485883171524610
1221488511724867584
1221491004231962624
1221478834781986817
1221488977951252486
1221480758889476097
1221487616975089664
1221487176594030593
1221478065747849216
1221488197403729920
1221481109814501376
1221487906138648578
1221490817925185537
1221479561914994688
1221489238681759746
1221491830447050754
1221486144854118400
1221488887224123395
1221482470719328256
1221487485219270657
1221490409538326528
1221483017543114753
1221482407838150656
1221489178187268105
1221483260104118272
1221484557607804928
1221483431240007685
1221487796763996161
1221480319917883394
1221484682275016705
1221484524216844288
1221490159088128000
1221486177653379072
