1222721795771355136
1222718469281669122
1222728131662008320
1222727491149688835
1222722008837844992
1222719371103129601
1222730142633594882
1222716346162565120
1222728686169837569
1222726283865419776
1222726134707687430
1222720364578557954
1222716592993136640
1222716839647698946
1222730536512184320
1222716385597386754
1222717931563470848
1222729604215066624
1222723606582628353
1222722019482992642
1222729729922473985
1222726799953543169
1222728015903215616
1222718847125467136
1222726892484083715
1222729442767671301
1222719520755929089
1222716516778442752
1222726449171484673
1222716996380516353
1222717637911691264
1222716627256594436
1222728324364914688
1222729891075907585
1222716477729624066
1222716752540225537
1222725275693113345
1222718522297470976
1222726549352247296
1222725988301193216
1222716838305566721
1222722912022671360
1222718565616193536
1222727760734576640
1222716693895680000
1222730629613142016
1222718443910123521
1222717177758978048
1222717083961774081
1222717052286328832
1222716655249190912
1222720361227157505
1222727303790321664
1222719091586338816
1222728976184922113
1222728292198797312
1222726360529022976
1222724250093572096
1222728312377659392
1222724105717284864
1222726941981040640
1222728589281415171
1222725294827720705
1222718720608555013
1222719294536126469
1222730093492985858
1222718019647881221
1222726738213470208
1222728164381609984
1222717628520644608
1222721749856354304
1222726041254473728
1222725845908738048
1222718706821656576
1222717839188144128
1222717565387960321
1222730093937614851
1222720868758913025
