1222486454460280833
1222483146748448769
1222482647571673088
1222486055770841091
1222475534862442498
1222477255747592192
1222486284029001728
1222482894884687872
1222482655406628864
1222483406602133504
1222486007267807233
1222477113883795456
1222484173048279040
1222484595150671872
1222478206814564353
1222485603603927040
1222488052720898049
1222486253310038018
1222474535850647552
1222488388735029250
1222485248702763008
1222488186942894080
1222482204288139264
1222489042614353920
1222485124488421376
1222485003432615936
1222478021975625728
1222488241531539456
1222488858912116738
1222482449739010049
1222489114093723649
1222477466310103040
1222478764908539905
1222474750259150849
1222480542551216128
1222484974038683648
1222485057190928391
1222477235812257794
1222485633064755200
1222479715698499584
1222477700318814213
1222478009128472576
1222477947367575552
1222487805475069955
1222487732179456001
1222476555131056128
1222477928698527745
1222485229035671552
1222485441070485506
1222478864636510209
1222475156573970434
1222486691283271681
1222484793293590528
1222480942121521152
1222477306205093889
1222486256904523776
1222474950344241152
1222484750410977280
1222489456382529536
1222478712718778370
1222484399385710592
1222485406039658496
1222477104186609664
1222488794898681857
1222486111961800705
1222485154783846402
1222484546098040832
1222479165091393538
1222481674006487040
1222478840976396289
1222486895659225090
1222478682272362496
1222475319808008193
1222483744944033793
1222484643644989440
1222477569813110784
