1223364187537268736
1223363761857269761
1223364370907848705
1223354390477713410
1223358948851486721
1223361531515195395
1223359897569583105
1223365144085843968
1223361270524653569
1223361847392264192
1223358767217172481
1223354529443434499
1223362591365500928
1223362070197833728
1223354064127135747
1223363749748166656
1223350309919043597
1223355816562036737
1223364874300010500
1223364741566955520
1223358280740638720
1223352749196222464
1223356275045687296
1223354984240164872
1223354650562375682
1223363849858027521
1223354438405853184
1223361755813904387
1223361546417471488
1223358684429979649
1223362216335986691
1223354356369629185
1223352242012426240
1223356177951621123
1223364301362102272
1223363389407162368
1223355187785498625
1223363319450435586
1223362604766310400
1223354570266628096
1223355473853931521
1223365094123491336
1223363039791144961
1223358401582792706
1223361459213807616
1223356732862357509
1223357198799122432
1223363097680846851
1223356970654146561
1223357823406559233
1223358902311497728
1223354764311834624
1223359477740720129
1223355432783241217
1223355052607385600
1223355448851603458
1223355210573275136
1223357766930182144
1223359537912188930
1223361736977395713
1223361808196603905
1223364962418155522
1223355899848417281
1223356348617961472
1223354597844180992
1223354945677811718
1223362183855296513
1223364158013476871
1223363157210607618
1223350929115832321
1223363301788278784
1223361481514811393
1223353343034216448
1223357211923177473
1223351456218021888
1223363382486740992
1223355089756327936
1223359580324929544
1223355243083202560
1223356309694767107
1223359647740059648
1223365050288803840
1223356171190460416
1223362230588145664
1223363434361868289
1223353684203048960
1223354175066689538
1223350777923674126
1223362198270955520
1223356029204824064
1223360604552953857
1223359021412839424
1223355254550474752
