1222559054821765120
1222560461477908480
1222560200609161217
1222554992420278272
1222557903367888896
1222550501193134083
1222564707321565184
1222555696392065024
1222558071706333185
1222560849509801987
1222562981495615488
1222556396752973824
1222553736674824198
1222550901551841280
1222563512343580675
1222557717405011968
1222564928214663169
1222561045799231488
1222563633261092867
1222552800388775936
1222556901986226179
1222560379647287302
1222550828424167424
1222564868026437637
1222553152077074432
1222550385467981824
1222552509690130432
1222552001625710592
1222564591575523329
1222555282099732485
1222558370542034944
1222563553321705473
1222552337077743617
1222559699880628224
1222558088294780928
1222564617957675009
1222562534634467336
1222564242554904577
1222553786406907906
1222558641099886598
1222553013807546370
1222553213968232448
1222563759237074946
1222552461530976257
1222554355473059840
1222564928353177602
1222551881215627269
1222553125401350150
1222562548093833219
1222554953098465285
1222558425747525632
1222558854895955968
1222558355136372736
1222560139347054592
1222553680035053571
1222552368694218754
1222560627857805314
1222563888216133633
1222565062272901121
1222554198849527809
1222559124761780224
1222557682294497280
1222564855036727296
1222553147236921346
1222554953648001024
1222559018738016257
1222563840484954112
1222564120697831424
1222552065299247105
1222553007965032449
1222558663623299074
1222551589094928384
1222562656831397889
1222558651464003584
1222557869381505025
1222557667312336896
1222563279073107968
1222558839590907905
1222552986049708033
1222554592128520192
1222558689862832130
1222551878443130882
1222553539446104064
1222552296875352064
1222552374025367554
1222564955674890241
1222557583254413312
1222556241676906496
1222551208746868737
1222550933621694464
1222557936653725698
1222564040817479680
1222557808496955392
1222551795936964608
1222552736211881986
1222558479421861888
1222553670891528196
1222564722538577920
1222551294034022401
1222551224592920578
1222553247388319745
1222562238638194688
1222551975339810816
1222551129076137985
1222553105872687105
1222550612547645441
