1221232461994250241
1221234892941529088
1221223262690037761
1221223770003607552
1221232349024636928
1221231291359748096
1221223367539249152
1221228409415561216
1221222284582621190
1221232178492628992
1221226137650528256
1221226785985236992
1221230762931838977
1221226645681397760
1221234864470425600
1221231521010348032
1221225699131834369
1221223640412381184
1221227166488125440
1221222245902753794
1221233789487271936
1221227255717695489
1221224867065806848
1221225272273448960
1221233150292123651
1221234797734842368
1221224677504237574
1221234558517071873
1221228034847625217
1221229229918105600
1221233191530291200
1221236252155904001
1221230790148685824
1221224532033228800
1221222480083410944
1221235179219374080
1221228373885644801
1221224263547379713
1221232844992909313
1221226432359124992
1221227112754970630
1221234593518555137
1221222173131661313
1221227863246024704
1221223249792643075
1221230242301345794
1221235523164835842
1221226219946921984
