1221119316625485824
1221129094667988992
1221117254680465409
1221124635611107328
1221128294365528064
1221126114506088448
1221116232989999104
1221117043035996160
1221127685499310082
1221119209738063872
1221123818204196864
1221116929764544512
1221123776483430401
1221125749953814528
1221117169716494336
1221120576422416384
1221127655715680257
1221129195557834753
1221128531658203137
1221127736766476290
1221127845784649728
1221117468481073152
1221117306127798272
1221121044590841856
1221118970209751040
1221126251148001281
1221121940200407041
1221116620468191232
1221121449408131072
1221118274957529088
1221121296530132994
1221124379590807552
1221123162412204032
1221118298860843008
1221124984879427584
1221120096300490753
1221118138928058369
1221122761562550272
1221128072335740929
1221118595272339456
1221125589219721216
1221129467294371840
1221123586263412737
1221124237508907009
1221124915950227457
1221130320742735872
1221120700603342848
1221117782059814912
1221129567013724160
