1221085912248901632
1221087787446751233
1221088997708988417
1221094258142339074
1221088994286456832
1221095356215283714
1221098784723173377
1221094565924556800
1221089639819177984
1221099543283945473
1221094816005513216
1221085690168893445
1221097293396561922
1221090607516438529
1221097471092199424
1221100195431309312
1221091886942703616
1221087011123027968
1221091720315588609
1221093574462205952
1221087496928251906
1221089831784026112
1221086403234156546
1221091808861536256
1221089933026197504
1221089840621424641
1221092396097662976
1221100412545011714
1221093519395147777
1221096724346728448
1221090933820686336
1221098665273462785
1221093724626673664
1221091868580007936
1221097698339590144
1221091357004972033
1221096950654808065
1221088491016196096
1221089271706267649
1221085815301787652
1221100039214444545
1221092240895938562
1221086674408525825
1221093193107656704
1221099478880411649
1221090499534061568
1221095556174344199
1221093480337829888
1221095207480909827
1221094488044535810
1221097887662256129
1221085780342239232
1221098916097060865
1221088539095396352
1221093579138854912
1221095442336841734
1221094336735170564
1221092908759052289
1221097267467128833
1221095224283258880
1221087154081681408
1221094125086396418
1221089634576293889
1221095003780304896
1221095283746123777
1221093828846858240
1221095447957082112
1221094536375607299
