1221938953982480384
1221942661424259074
1221936445323186182
1221939078939193344
1221933847010578435
1221940373007802371
1221939750501785602
1221945463684788224
1221942513805774848
1221936789474156557
1221942139384401920
1221930886339407874
1221933119273607173
1221939225995595777
1221934253849468928
1221941237831229440
1221935745209860096
1221945792367382529
1221944164146765825
1221933268204806144
1221935774456676354
1221933393882992642
1221932133910032387
1221937427431882752
1221942998805561344
1221940814936305664
1221938699279179776
1221944272032845825
1221936822235824129
1221943770050154498
1221932553164279809
1221944604624392193
1221932723704684544
1221936443079241728
1221936826212069376
