1222807346814103552
1222809661973221376
1222821362697416705
1222809267037597696
1222820965505064960
1222820055961886721
1222811044671868928
1222810543188144128
1222816459639754754
1222818466597609473
1222807547326812160
1222816223160827904
1222817762038419456
1222820486599413760
1222821514845786113
1222812628340199426
1222810371469168640
1222816175337267201
1222818961601056769
1222810227818606593
1222812033281855488
1222810470253355015
1222817654357889024
1222815897682767873
1222808213587779584
1222810192653451264
1222817049396690944
1222816277179166720
1222815593008652288
1222820147854856193
1222807209505017857
1222814174734094338
1222813895108128768
1222814192014508032
1222820045958475776
1222809400135409665
1222816959982518274
1222819994913763328
1222809562992009216
1222811111835127808
1222813355670306823
1222809490707247106
1222811081287979008
1222817007378132992
1222817800223215616
1222810496245460992
1222816036228976641
1222821213585600514
1222810402561712128
1222815458006466561
1222818412679680000
1222821256845758465
1222821221319897089
1222808309117308930
1222821044303486976
1222815776979267586
1222816997404053504
1222809146837229568
1222815056758358016
1222816274058637314
1222812749756948480
1222821671725195265
1222810544693866499
1222808031307730945
1222816297639084034
1222820104636731392
1222815913965166592
1222812537202335744
1222813224451506176
1222811580816973824
1222815827512029184
1222809848930349056
1222812590067208192
1222810205416673281
1222815764605890561
1222808378210013185
1222808153328250881
1222812152131547136
1222816240084738048
1222809647733604352
1222819904493146112
1222807721595957250
1222818314063355904
1222821486450352129
1222807923153178625
1222820985516195840
1222821687139303424
1222809038359953409
1222809310368915461
1222810903399157761
1222806704988934144
1222810499047460865
1222816200377323520
1222812053620109314
1222809753748852736
1222820452298416128
1222812630894514176
1222811685158711296
1222820587979956225
1222816622357798912
1222816217104179200
1222818696889978880
1222813099880779776
1222815870260375552
1222810923020062720
1222816900737990657
