1223021971513933824
1223030661914734592
1223018244195454977
1223020426827370503
1223028842979385345
1223023590284464129
1223029118297657348
1223031756561047553
1223022184165191680
1223021860226363392
1223021926609825794
1223030261090308096
1223023664024522752
1223019146851573761
1223024294424457219
1223021485008310272
1223025661595570177
1223031125183889409
1223025002997415936
1223019245468110851
1223024798231683072
1223032614300160001
1223022799947624448
1223021882506711045
1223030712917299200
1223019329165447168
1223031567196573696
1223018966660059139
1223024913277165569
1223032596382093318
1223018892823535618
1223027015319724039
1223033057126551552
1223030923811348480
1223027573199781888
1223019586758594571
1223021953402818562
1223030718001041410
1223023022774390789
1223026115519885313
1223024961951940609
1223019729289236481
1223031399977893888
1223019402075037697
1223020384754126848
1223024807756869632
1223019848143273985
1223027212481228801
1223032848967446529
1223031146549858304
1223021689623187461
1223030357995544576
1223023006911348736
1223030545841451008
1223024786059800578
1223030257487355911
1223021466418991105
1223021756392194048
1223018485187403776
1223025202298155008
1223022614152527872
1223030586907906050
1223025606561955840
1223028291050840064
1223028636997079051
1223024735468105728
1223030498965897218
1223018164461522946
1223019830816727041
1223026385322639361
1223018955310157824
1223022621438234624
1223018607086592000
1223031070624382976
1223018414412836864
1223020959847682048
1223021286852526086
1223024059006488576
1223027830818099200
1223024800190402565
1223018542406098944
1223030321274347528
1223024537362731008
1223024633869414401
1223019353186062336
1223027844764160001
1223030443844546560
1223031093462536199
1223024027096186880
1223027424960512000
1223025715291082754
1223032474080632833
1223018971776962560
1223025435560144896
1223028141834350592
1223031759941570563
1223031528579457025
1223025354576683010
1223019184277327877
1223025392102952960
1223024895220686849
1223025551511707648
1223025043271245825
1223029392730992640
1223030959324323841
1223019488230215680
1223026188416884737
1223023646442172417
1223025823667625985
1223031198236184576
1223019540403101697
1223023178789933056
