1220942167562051585
1220941396812550144
1220943515691180034
1220942905700802561
1220946436600164355
1220934446884372480
1220942930036133894
1220945811548172288
1220944898238578688
1220935951423160320
1220943582690807809
1220943425425608704
1220938144817844224
1220938837758824450
1220943917366906880
1220937218434318338
1220943938569175040
1220940662473969666
1220936077319471104
1220934549150097409
1220942915054137344
1220939785247707137
1220947228094652416
1220935095101485061
1220937681410101249
1220947883672817667
1220939456514932736
1220941456271192064
1220944986214035456
1220943683907805185
1220945438955565058
1220943496447582208
1220946592506597376
1220943649673867265
1220937273799299072
1220939218555289605
1220946527067103233
1220947216380108801
1220936974715908096
1220943325118644225
1220948502160629760
