1221020844979183616
1221017207112708096
1221017303317458946
1221023673458417666
1221022903824576513
1221019991148912640
1221023338329300993
1221012132864589829
1221010123088453632
1221011370801369088
1221020847936286721
1221016706228813824
1221010171238838273
1221024847242776576
1221021170708836353
1221012954029621248
1221011306972499968
1221015109289402368
1221019142909648896
1221017277581144064
1221019623375691777
1221024485152673792
1221022944668934144
1221024791051653120
1221019052761665536
1221017449748992000
1221015178721935361
1221019520107593728
1221024370962788352
1221016752588558336
1221014093466763264
1221022855900495872
1221016877628936192
1221012041059586048
1221014465816059904
1221021200496775168
1221018892329418752
