1222996352101232653
1222989530896175104
1222996603553951747
1222996566019125255
1223001265279508480
1222994828931321856
1222995301369180160
1222996300267839488
1222994546797219840
1222989542338310145
1222998638206627840
1222990153326657536
1222995613408800789
1222995437629714443
1223001272640589824
1222996593491599360
1222997352245604361
1222988792585318400
1222992564003000321
1222997845609009152
1222990654034173953
1222993656459689984
1222993976329785344
1222999135944695809
1223002793344225281
1223002234360745984
1222996170584154112
1222996114477125632
1222988473470214144
1223001234472423429
1222995849233555456
1222996460901265408
1222989795766538240
1223000854006861824
1222998335868620800
1222988390049746944
1222995742698221589
1222991150535073792
1222997116827471872
1222989666212810752
1223001258669244418
1223000000973680640
1222994987140280321
1222995289193111552
1223001995759554563
1222989732755304448
1222989564299497472
1222997509204627456
1223001146714836993
1222995125250535424
1223001405318762496
1223001899575795719
1222989907565654016
1222990050293477376
1222994664451502086
1223002151422713859
1222995337423609856
1222996031178190853
1223000877662973953
1222995948101668864
1222991678811885569
1222994233780572160
1222996940654358540
1222990097374752786
1222996179979526144
1222999680491147272
1222992127304642579
1222990242950656022
1223000396060295171
1223002181978206214
1222992447741071361
1223002189381226497
1222989549380521984
1222988394361499649
1222994912058257415
1223001702653140992
1222989704758513664
1223002227758915584
1223001756235390979
1223002189909483520
1222995211518955520
1223001224141778944
1222989926142291983
1222988247602810881
1223001600278646785
1222995800629948432
1222995082225365005
1223000967165153281
1222997023311396864
1222991213252530176
1222991855853428736
1222990307102482433
1222995910570827776
1223001416882704384
1223000292129591298
1222989568103866373
1223002350824062981
1222990092391866370
1223002089229553665
1222996368882618376
1222994549724704768
1223000960345264129
1222993584078475264
1222992260779978762
1222997540435644416
1222993814916411408
1222992136435404801
1223000651124207617
1222991417095729173
1222997063157215232
1222994980458774528
1222993999365124117
1223002779540541440
