1223270122619645954
1223271612587229184
1223264204213239810
1223269732960415745
1223273513349451777
1223268690310754304
1223269789113540609
1223268158632415233
1223264171363459073
1223270155305869312
1223268291214364672
1223274250548629504
1223264457209667586
1223266362774167552
1223273783542284291
1223266438850453506
1223266520064720907
1223272634462326789
1223262005420871680
1223268960944238595
1223272633984323584
1223260390936715264
1223263161148760066
1223266495645376514
1223264146340241408
1223264781232009217
1223269835989188608
1223269721845485569
1223269365589504000
1223268277821984769
1223260795644993537
1223260587993567233
1223268757835059200
1223265739596947458
1223266697689300993
1223271885586292736
1223263913279508480
1223270183168442375
1223270897663918080
1223270007422902272
1223259912773480449
1223270956099166208
1223262698323898368
1223270535804653569
1223270965934559233
1223264171413987331
1223259659068248064
1223264871657000961
1223263675584135169
1223264257707515904
1223273921056628736
1223269828879716354
1223272754633412608
1223266901503172608
1223264378499190784
1223271785094959104
1223264082440093702
1223268958872035328
1223269833460080643
1223268884771307520
1223271856448385024
1223274066938941440
1223270694034837510
1223267897486663685
1223269905421783041
1223262968458014721
1223267858408525824
1223265006248087552
1223270142064431105
1223265256660721664
1223274158668292096
1223268752315150339
1223266797866176512
1223263291935469570
1223272844307652609
1223262406673158148
1223270334612344832
1223267999857070081
1223264029960859648
1223267384930250754
1223269663179714560
1223266549638799361
1223269218600345602
1223270839363284993
1223272157712723974
1223265911819460608
1223271014466904064
1223274285655044098
1223270045171642369
1223268870351441922
1223264494144503808
1223274647749193728
