1222075236570451970
1222078536447557633
1222076834218528774
1222079595135922176
1222070233243910144
1222076440725815296
1222074703566774272
1222069229177966592
1222071833043668992
1222079077290369024
1222080087698350080
1222070493047599104
1222072131514617856
1222068614863343617
1222073801552216065
1222079144114171904
1222076783085998081
1222071199536041986
1222070070119190528
1222075288005144576
1222068593182949376
1222069227642871808
1222070622496399360
1222078510065283072
1222068988483600384
1222067421214756865
1222071044023910400
1222071378083368960
1222079058885767168
1222079583467405313
1222073298973941760
1222080154975002625
