1222936029742731265
1222935023462035459
1222942311090229248
1222934913055256576
1222931761614618626
1222940461498863617
1222935977020227584
1222940502842138626
1222929245661429760
1222942098527096832
1222940666495258625
1222930246858571779
1222931834868101121
1222940786460807168
1222940654034092032
1222939992135061504
1222935796845551617
1222938768627458049
1222937433127309313
1222939612429062144
1222936643763671041
1222941296890908677
1222929114618892289
1222931468198072322
1222939287731130369
1222931900760719361
1222931376355389441
1222942275912654848
1222928382167355393
1222935409774166018
1222936986157289472
1222941161054183429
1222929152816353282
1222934574541524992
1222937478836801536
1222929226258698240
1222931238920630273
1222942481475502080
1222927910396399616
1222938779591356416
1222930786623664130
1222932730326872064
1222939688601837569
1222942315137753090
1222937620637941762
1222930385467822080
1222933016374390785
1222928879163248641
1222932325614395392
1222936774739136513
1222927454076989440
1222939746298667009
1222929065990139911
1222929821795340290
1222931882108768256
1222936377349890048
1222928269520982016
1222934190615879680
1222935375506599942
1222940172989403138
1222935569862447104
1222939566438592515
1222940413373235200
1222931698465361921
1222928449049890816
1222936897976250370
1222928507501731840
1222934554547064834
1222933097143910400
1222929364620382209
1222936018309013504
1222937845960073217
1222938778395799553
1222930056323842049
1222941362804461568
1222937903585792000
1222936700063830016
1222928391076077568
1222931309338607616
1222936803608387584
1222937051605143554
1222937281713012736
1222937209017233409
1222935969709678592
1222939899109789697
1222937070101987330
1222930266466877440
1222935759319130115
1222942359731810304
1222930335316500480
1222928198348001280
1222933174675738626
1222936927084535810
1222927594141544448
1222936115864166400
1222934643038728195
