1222306748075257857
1222301722607017984
1222305362520543232
1222304657378246656
1222299682589888512
1222296645091700738
1222294236965543937
1222302791735087104
1222301679183376384
1222302603037429760
1222297910928277504
1222299662067150848
1222299663857963009
1222296716063301634
1222301027338260481
1222297048000749568
1222297061170663424
1222302375005839363
1222304896021491714
1222293790209249281
1222307941010870273
1222301936025772037
1222307306144030720
1222305438059810817
1222300052753911809
1222301503760871424
1222302023120408577
1222304593515696128
1222306453622415361
1222294372709847041
1222297968700731392
1222303076905897984
1222304299121668096
1222300972166406144
1222294969576239105
1222299436187033601
1222301842748477441
1222302666061160454
1222297954217652225
1222300521194614786
1222300266743193602
1222299822419476480
1222300714661224448
1222300772173516807
1222303786447843329
1222298637788540930
1222307461073424390
1222304482517585920
