1220608603532361728
1220613034424467456
1220615160357740545
1220608633899298816
1220606045686550528
1220608829882134529
1220605630437675008
1220612504365092864
1220616569270571008
1220606632285155328
1220606504866385920
1220612823597899776
1220612526368382977
1220608155987525633
1220613490877943808
1220608655969738754
1220603271137525760
1220614362425167872
1220611541554253825
1220603629889036289
1220605377504579584
1220608138283405314
1220602287875166208
1220609298012811265
1220617106334482432
1220611448721690624
1220607450342141953
1220610962652303360
