1221210915539955712
1221218366960128000
1221215705560952838
1221216566735515650
1221209617390350337
1221218272877649920
1221211204279918595
1221220071944740867
1221211868422864896
1221210342069624833
1221208409439186946
1221215574237138945
1221218728886579200
1221216795962617858
1221206903906324482
1221208965058637825
1221214876099579905
1221215804320030722
1221213092672966656
1221210821772173313
1221206206984777728
1221219284224856064
1221209650009382912
1221210001277980672
1221219168168505345
1221212461832892416
1221212875647094784
1221218676671680512
1221217089597386754
1221217340362117120
1221216008184176643
1221214369381376001
1221212491637829636
1221218518433058816
1221209937482637314
1221217697955868673
1221212739936362496
1221206367194664962
1221221129542602758
1221206379681210370
1221212397290967040
1221213656609972224
1221217679383527426
1221216519952056320
1221214916050333698
1221216887536869379
