1222144155192897536
1222156499809685504
1222143137663111169
1222156828252897281
1222148470578073600
1222151201598464003
1222143110454611968
1222150209393889280
1222144957839900673
1222155119699152902
1222145810990714880
1222145360539324416
1222154798709051393
1222146308296921088
1222150888363642880
1222149947333627904
1222145043529699328
1222149340904423425
1222155120852586496
1222146384708755457
1222149242334130177
1222143904109252608
1222156421023719425
1222149673617485825
1222156489848184835
1222150450281140225
1222142409120849920
1222148482913513472
1222143344186294272
1222150166540476417
1222154195542822912
1222156514938372098
1222148321935904768
1222156668898828290
1222149584731824130
1222153206341361664
1222143722684420096
1222156575089004544
1222154072645492736
1222156922289295360
