1222796586738016256
1222792410138214403
1222792775030075392
1222794381385703425
1222805370856525824
1222796356592365569
1222803392101343232
1222791669726285830
1222806155111452673
1222804559011074050
1222792738048884738
1222797980995964929
1222797167808536578
1222795797751709696
1222799577977249792
1222795159915548673
1222798178736467968
1222792815509291008
1222793538393575424
1222801457457483776
1222798054765420546
1222796418068279296
1222797126419152897
1222792193196335104
1222804426290683904
1222792011654160385
1222792461631623169
1222795007217680385
1222804245105336320
1222791960974516224
1222800585226964992
1222798803062755328
1222805743167885312
1222798888995704832
1222798699056844801
1222793754383241222
1222792022660022275
1222804417440649216
1222795868803231745
1222797964189417474
1222792047188275200
1222795524450832385
1222797780290129920
1222793603505770496
1222798921572835328
1222801709392510976
1222806172916310016
1222796603469127680
1222793706639478785
1222796855156699137
1222804604800438273
1222804948422778886
1222799906278010881
1222801904595390465
1222798435251712001
1222791582329593858
1222803329492738048
1222798919819677697
1222802683695968256
1222801211948179463
1222794442974822400
1222791594501451776
1222798228527075328
1222799967510835200
1222799474675912704
1222803621152034822
1222798673932718080
1222798762206121984
1222803055973892096
1222798056506023936
1222798761224744960
1222793317634625536
1222794837864468486
1222804620835078146
1222803121463681029
1222792330194739200
1222804588862038016
1222796577842044928
1222791937356251136
1222795017732800513
1222798342813470720
1222803703515582465
1222806062467731457
1222791770062426112
1222800568990740481
1222804269646172161
1222797084488691712
1222804482704072704
1222804445374758912
1222804951510003713
1222803778006667265
1222794665583206400
1222803307799904257
1222792646604808192
1222806191643869184
1222792015588425728
1222803751406206981
1222798754492776448
1222796742208499712
1222797257638141952
1222804365456629761
1222798652357218304
1222798807852670981
1222792083057954816
1222805279844126720
1222795201497817088
1222804008877772800
1222796517087465472
1222798795332710401
