1221381807603503109
1221385294043176961
1221380447092928513
1221372457661030400
1221376154143117313
1221384074398294017
1221381165657051136
1221373713750396928
1221384030643318785
1221387010159439872
1221379295907545088
1221373218209976320
1221380280742662144
1221376474013405184
1221384899245948928
1221379142442078208
1221383623581949952
1221376611431436288
1221372841309822976
1221374972624375808
1221375146679787520
1221373029311074304
1221382078039654400
1221378649284321281
1221375367065165824
1221386232351068160
1221386054827225090
1221374177350836225
1221380271099936768
1221380148173459456
1221379923593564161
1221379656617730048
1221379335510061056
1221384570802601991
1221380630023299072
1221385511228469249
1221374277376565249
1221373918411313152
1221378003038613505
1221378679495806976
1221380233984532480
1221377908431671297
1221385745992011776
1221381302089240576
1221379053178867712
1221382741788413952
1221384291717795840
1221380626420383744
1221386059105202178
1221377926190387200
1221372665895612416
1221377463395074048
1221386066369765376
