1222097372429205504
1222100505754652673
1222110153786290176
1222099282095788033
1222103897570861056
1222098955808526337
1222111227926593536
1222111632316338176
1222099521540382721
1222104942783188998
1222098228608405505
1222099026948083716
1222099750041899009
1222101966697848833
1222098009300717568
1222110997759979520
1222111313515540481
1222099963871555585
1222104530910732289
1222097061467672577
1222099265847058433
1222107704417648645
1222099864873340928
1222101629257666560
1222107423168532480
1222097591506214913
1222101699705237504
1222098560943943680
1222098902867959808
1222104825254629377
1222104159626743808
1222099845277577222
1222110337295667201
1222100384526659590
1222103150733053954
