1221144828710227968
1221138192440725509
1221143460482338816
1221143653659414529
1221138007287164928
1221138014182703110
1221136660085211137
1221138431268409344
1221140668409577472
1221136117229068289
1221135518110380032
1221138609866080256
1221137931127197696
1221136544376877056
1221133723766329344
1221132266308399104
1221132891377324036
1221132776587612161
1221133044859334656
1221137444797648897
1221140082356301824
1221143594930593792
1221137592319725568
1221131549061668864
1221135864589242368
1221135660087574528
1221135541313380352
1221134319307108353
1221140086449815553
1221143577629204480
1221137002025799680
1221136151152484352
1221141853422092289
1221132976848883712
1221138098261823490
1221137410366459904
1221130676801458176
1221131031891210240
1221133759275094017
1221134699793395716
1221144063686139904
