1222389220884537344
1222397067307421696
1222398917549023235
1222386411141091328
1222395412809580544
1222394192564908033
1222386351280197633
1222397599921012737
1222387235665989632
1222385484644700161
1222389571419131904
1222391547955576833
1222396498970923008
1222390615226404864
1222395720344440833
1222391493949702144
1222387561991045120
1222385035950612481
1222392931073523713
1222392717256212481
1222394996457762816
1222385597551169536
1222394861262753792
1222395888372453378
1222386144010285056
1222389003564961792
1222386277321805824
1222386967893200897
1222388288440324096
1222384236642152448
1222383991027916801
1222398114620825601
1222389940467703808
1222395234707038208
1222388619463118848
1222395756608245760
1222393923982675968
1222398845126160384
1222395279946604544
1222394047379075072
1222397564991025153
1222385754778763264
1222386931771641858
1222395993670316034
1222388130218557440
1222395944550965250
1222387599840555008
1222397267698757632
1222387287071363072
1222387841759502336
1222394759475417090
1222396329701208064
1222395095279919104
1222386641282617344
1222388337404596224
1222395618502406144
1222386288810233857
1222394855898468352
1222396131985907713
1222386603269558272
1222398036871012352
1222396506352676865
1222395078024421377
1222394436270751744
1222393427939090432
1222397468802813952
1222391587914813440
1222398806060359680
1222387684791984129
1222395219045486593
1222389916799291393
1222389514594897921
1222398529617874944
1222396639609946112
1222394277000400902
1222394467405238272
1222391149664645120
1222394118736756736
1222396191385645056
1222397567042039810
1222395188292644864
1222386084673400832
1222385602240241665
1222397647836696577
1222392142204735489
1222396309203714048
1222391815405539330
