1221613922660179969
1221620342269059077
1221623403578159106
1221621919562305538
1221618467658444805
1221628491080142848
1221624548803665920
1221622138802597889
1221622364473036800
1221628766885007360
1221619999401377792
1221622232432005120
1221618663339544577
1221623007094816768
1221624918602702851
1221621314470936577
1221616774933692416
1221624036758839298
1221618224833290240
1221614395626680320
1221618017601114113
1221619704151719937
1221619334583185409
1221621479738994689
1221622963750850560
1221627478768340992
1221620089780342784
1221615205567750144
1221623704553238528
1221614190437289984
1221621024447442944
1221614483031961601
1221627246068191232
1221628028620435456
1221620105135738880
1221622222676250624
1221620923708661762
1221622326971621376
1221622440029122562
1221625644506726400
1221621024682397699
1221628712615104512
1221617687656378368
1221622137997234176
1221626529177899010
1221624478402142208
1221621946946748416
1221628660341329920
1221614494347976704
1221616958489018368
1221620855198732288
