1223101568221732866
1223104095705128963
1223098101373620225
1223104558538223616
1223104998889803776
1223098842456846337
1223097396814442501
1223096039709736961
1223103791022522369
1223101384540581889
1223096843984240642
1223101991787720705
1223107523823067138
1223104889779183616
1223100178896318465
1223098075310280706
1223108371814830080
1223105371515932672
1223108383802183680
1223098825901998080
1223101031015301121
1223096600748158978
1223108007195635718
1223105624189227009
1223107706044567552
1223102321007063040
1223104405404147712
1223101766285180931
1223103974196174848
1223104640914317312
1223106569841201152
1223098151013236736
1223104157998927873
1223102657964859395
1223097304984387584
1223104757411147777
1223098100950036480
1223104945496322049
1223094453985927176
1223102654705831937
1223103831522758656
1223098970504740865
1223103818721742848
1223096740586254342
1223098749011906565
1223099018089127939
1223104514162487296
1223103958379446275
1223105876916989957
1223100758108688384
1223099894707048451
1223104090751696897
1223103337152647169
1223104732593442816
1223099775068725251
1223105879538450433
1223107928212660225
1223104263666012162
1223104901699395585
1223107851570139138
1223093794775674880
1223097442846924800
1223107154346823683
1223099890709889026
1223104444717383680
1223105392848199682
1223103216029552641
1223097875665571842
1223095591619698688
1223095060926910464
1223096521320751105
1223107756929929219
1223104777682214915
1223104021726031878
1223097609067229184
1223108634776719362
1223097909337419777
1223102487978078208
1223097388560109574
1223097429760700416
1223099295437475840
1223103562340634625
1223103334707449857
1223100110822731776
1223107303294959616
