1222470365730889728
1222470846255513600
1222462864742502400
1222466801683980289
1222469747352072192
1222472175749230593
1222466202204852229
1222471254935883776
1222469985009840128
1222460508231675904
1222463063971905537
1222471289476145152
1222469533891350528
1222461314334806017
1222473572876201984
1222468731521191937
1222470715833610240
1222471425694429184
1222471270652174336
1222469216546127872
1222464368396382209
1222470967387049991
1222469622991069184
1222463832460681219
1222470910768107521
1222461821447262212
1222471276037427201
1222462868521488384
1222470003884060672
1222467092974161920
1222461897242443777
1222474270749659136
1222469200918274048
1222473639984943104
1222466480115265536
1222470528717340672
1222467190319800320
1222464130315059201
1222459810618077184
1222462093242380289
1222462357751783427
1222465531527057408
1222471471974322176
1222471485463252993
1222470071554936833
1222464635925721088
1222463222504153089
1222471158702006274
1222473820025520128
1222471563360002054
1222461699959091200
1222470566323449856
1222470021353525248
1222462783914070016
1222466147553071104
1222472485255499776
1222468309335056384
1222472179163353089
1222470930561028098
1222469450827386881
1222462911416684544
1222470784079126528
1222459772219379713
1222461110529548289
1222464103710691328
1222460081339392000
1222469732978192385
1222469736065392642
1222461024667947014
1222463387508133888
1222463292049747970
1222461502839386114
1222465077800062977
1222473604920565760
1222470113225363457
1222472820300689408
1222461146793250817
1222463427681161216
1222463305505263617
1222462066847551488
