1222256725740290048
1222256034858852352
1222255960124723201
1222259683538415616
1222260685146427394
1222248028150603776
1222253076687523840
1222262614643875841
1222251022007050241
1222251476178939904
1222261338799394816
1222256697881899008
1222254982122090496
1222261236349444097
1222251194338480130
1222251386043236352
1222248500739612673
1222247982524858368
1222262587947192322
1222262263433826305
1222251566045908994
1222257025490595840
1222257452189724673
1222259880746213376
1222258906078023682
1222257543101153280
1222251424853188611
1222253504544165890
1222260732714258440
1222263008996491268
1222260098925547521
1222260386617024512
