1220787743095128064
1220784854113181698
1220794552472215558
1220786675347066888
1220787191246278656
1220783870183866373
1220790594492076032
1220797441315868673
1220787074867040261
1220792483845754881
1220796553167765504
1220788143282098176
1220798412800421889
1220797613995257856
1220783656181977088
1220785456486289408
1220792691056730113
1220793495344074753
1220786631436906497
1220798037238267904
1220797818454982656
1220791962753781760
1220790107323523072
1220786478638194689
1220789948544094211
1220791141152387073
1220788897535401984
1220790023735238656
1220789261131296768
1220790067989549056
1220785167243120647
1220790692596920323
