1222355993721495560
1222356939759288320
1222367288956874753
1222368703582334977
1222361443397439491
1222364868948393986
1222359763163459585
1222355876750618624
1222356251494871040
1222355913845035008
1222362060140445696
1222366856280805376
1222361361851854853
1222360746031566848
1222361791398760448
1222363930049142784
1222363855504007169
1222354667037962240
1222356037547642880
1222365743062237189
1222365772871340033
1222361932679778306
1222356608765788162
1222360605027459078
1222355875391836160
1222367674682036224
1222359264489963521
1222355802146537472
1222359931602366465
1222360645691002881
1222359763524247552
1222361417774325763
1222357443780456453
1222368702861017088
1222363645218213888
1222361955127545861
1222367435862376448
1222361591506599937
1222356465135915008
1222361736868532225
1222365565672542209
1222356159706910720
1222356391484186625
1222356393128288256
1222364027935952896
1222359840292581378
1222355704281010176
1222360337833517056
1222366858462027777
1222368207610109952
1222360250495447042
1222368111757709312
1222362834581016576
1222356009663885312
1222360740683812866
1222367485782921222
1222365886285090816
1222354031949033479
1222355125508943873
1222366927194087425
1222357971864293377
1222363030282854400
1222360065044123648
1222368466126213121
1222361575799083008
1222362415787995142
1222358961493630978
1222360581367164928
1222361313881546755
1222363949049364480
1222360790251868161
1222359047875244032
1222360007624339458
1222366563732459520
1222368154715918336
1222368458228281346
1222366310727729152
1222354224232534016
1222355730000314370
1222368018556211200
1222361405682343936
1222356122608136193
1222358749706321921
1222356766567981059
