1221467821156098048
1221469495815852032
1221469638858428422
1221466291015430144
1221467083797487616
1221475489837207553
1221467245987000320
1221474811890683904
1221466294899310595
1221465648687042560
1221465111757512704
1221467337896783873
1221473466164989953
1221469338106060800
1221471333994754050
1221469557233192961
1221469671989268480
1221470848172863493
1221464518154510341
1221472228237303808
1221471750531059714
1221473090607120387
1221474877980282881
1221475443414487040
1221475144897417218
1221464125672284160
1221477661265952768
1221475108218449920
1221476122657017857
1221471615466311682
1221466276670976006
1221464624144404481
1221473161558003713
1221467706752479232
1221469270791483392
1221466704976338949
1221463389030846465
1221463338045071360
1221471943951433728
1221470402867879937
1221467879347908608
1221463355065397248
1221466508993400834
1221471462042652672
1221471121226076161
1221469980987777024
1221465198734630913
1221472058095198208
1221464123084546048
1221475009295802368
1221476967981076482
1221475788651888640
1221464441952145408
1221470495364788225
1221473725112971265
1221466198589628418
1221464017358802945
1221467307932667905
1221476809725759488
1221468442999644163
1221469540980121600
1221474261799329792
1221468630828883969
1221469038330572801
1221466261454053376
1221472848616873991
1221468667403104256
1221469067929767936
1221466829929041926
1221474269550477315
1221468155203080192
1221468396203589632
1221465507603320840
