1221767105483161600
1221772272756756482
1221772661631660033
1221777210329247746
1221778869901910016
1221778178051461121
1221777324728823808
1221765263042994177
1221772757463191554
1221772013515300866
1221765194034155521
1221779291014418432
1221773382351376384
1221773351649038341
1221768815513440256
1221769843604643840
1221769127720902664
1221770314608074752
1221765443959967745
1221777174715424770
1221774927021268992
1221767360677326850
1221772850543112192
1221767298706358272
1221773091191152640
1221768529071890433
1221767933212401669
1221766643413659653
1221775187026333697
1221767052878282753
1221768803643559936
1221777244483227649
1221765890116669442
1221769598543921153
1221770669807099911
1221767394567131138
1221778477319245825
1221777950493667328
1221764999850250242
1221772464297955331
1221769646090547200
1221770325161062401
1221766739102273538
