1222684627690758145
1222674613148143617
1222684815591235584
1222681401235050508
1222673443818074113
1222681288991133696
1222682378776301568
1222677248785993728
1222675814073815040
1222675524474015745
1222672370466463744
1222674003065741313
1222681900914921472
1222674973703180288
1222680541071151104
1222680091873943553
1222674642218967042
1222675272819830784
1222682546280062980
1222681851266990080
1222674891746369536
1222679825602633730
1222678107036893184
1222673555516788736
1222674279596163073
1222677246831480832
1222674328291966977
1222673458926104577
1222680648076464128
1222680220374831104
1222672961833816064
1222683828306632704
1222673798387789824
1222673646008668160
1222676874901389315
1222680385630302209
1222671792340447233
1222681885056405504
1222674185538793474
1222684192590327810
1222676693304799233
1222673476797911040
1222673420212690945
1222678442568630272
1222673175974117378
1222683430456123399
1222674375830192128
1222675009082200064
1222680377032151040
1222675392886190081
1222672806355144704
1222673254206169088
1222673010206732288
1222673294844944386
1222680084571508737
1222685620201349120
1222681862746693632
1222683041207767040
1222682248585142273
1222682829873668098
1222681641669103616
1222674502561099777
1222675031450357762
1222680050153058304
1222674628835008514
1222674109429055488
1222680822215401472
1222681502573416448
1222676853539950596
1222674229390217216
1222671557618733057
1222680285789282304
1222680650966163456
1222681334088454144
1222673931913482240
1222674506621177857
1222673383982133248
1222681612090888192
1222685403234390017
1222673401128595458
1222685313622929408
1222681024687149057
1222682519595900928
1222681103720382465
1222679428855029761
