1221958154851774464
1221955022864494592
1221947642353192966
1221957839431917568
1221946444334190593
1221960529905844224
1221957288384053248
1221956974369214464
1221956672576294912
1221960097364094978
1221956236607991808
1221952222478655489
1221959315881263105
1221948934664413186
1221956115547639808
1221959314132238336
1221960936258297857
1221957634770788352
1221947277075472385
1221955983426998272
1221946265442955264
1221947807961165824
1221960652131930113
1221949404644462593
1221946060274315264
1221953610759778304
1221957457423032323
1221955415304548352
1221954703195541511
1221947391043162116
1221955092321984512
1221950881169539080
1221954953440190465
