1222860018493489152
1222861485442945024
1222853660717150208
1222853391052951552
1222863652316823552
1222862370684297217
1222859209844256768
1222861656683925506
1222853650483040256
1222855645910585344
1222857544005120001
1222862966678122497
1222865508481093634
1222865533281816577
1222860071446515712
1222852729892110336
1222865296014229506
1222857252786147329
1222858114178748416
1222855416184356865
1222854087420432385
1222856662412746752
1222857723110469633
1222852429076582400
1222852838876839940
1222852857910530048
1222852491592646656
1222852505018621952
1222852556944220160
1222864648870989826
1222863822953897985
1222860290099859456
1222852107167916032
1222860903894241281
1222862216950509569
1222858032230457347
1222864821021839360
1222856086870323200
1222852556847665153
1222860844389715969
1222865409474355201
1222857989482262529
1222851955074027520
1222857897757024261
1222866100192309249
1222858446988546050
1222857640121749504
1222858312158453760
1222864146179297280
1222852202362032128
1222866369332404226
1222862948894248960
1222864626452328450
1222853788261847040
1222855450846097408
1222858878779449344
1222865800266178560
1222863130100948993
1222866859227303936
1222858533986717696
1222852466838048773
1222854820547006465
1222864345232596997
1222852160452354057
1222862680987402240
1222859864768118784
1222863223600246784
1222858660386365440
1222854058119024641
1222857407207886854
1222860198949224448
1222861591865110530
1222866522898436098
1222862897879056384
1222858520078348289
1222861589289684994
1222863954457829382
1222861141723926528
1222860822365364228
1222865277987123200
1222852015685980160
1222864577357991936
1222855336660389888
1222861145028976641
1222856652925194242
1222866030474584066
1222856846836301825
1222863779786100736
1222857667158380544
1222863882231984129
1222851984786518016
1222857636556656641
1222852174167699456
1222865922752303105
1222857527999770624
1222854411065745410
1222863504220123136
1222852208242364417
1222864582097588225
1222857046011281408
1222853760780656640
1222858253823905793
1222860439480127493
1222858634784202752
1222865053021503488
1222861652212633600
1222855249758707712
1222861908266582024
1222859389826039809
1222859170807836672
1222851987370319872
1222865136643297280
1222863811666792449
1222859483421896707
1222858156667101186
1222863121460551681
1222864540901109762
