1222745856341946369
1222744307301482497
1222734567934578689
1222733247848878082
1222741962052161537
1222742875412271104
1222739889084456960
1222740351997349888
1222735252377849856
1222737552269987840
1222740020261339138
1222736246293790720
1222734973918162949
1222739468064608256
1222746040140476416
1222746050668171265
1222745423766573061
1222745002633318401
1222734323054448640
1222739595747454976
1222741690189959168
1222736604596490241
1222740706483150848
1222742359005265920
1222737067005874176
1222745322113269760
1222744054598782978
1222745400026599430
1222737311265255424
1222746040283037697
1222735372460773376
1222735458142228480
1222736722317807617
1222743008514150400
1222733158426271744
1222734706858479617
1222734846612557825
1222740829917319168
1222745620105981952
1222742330685308929
1222731427701084161
1222744958140108800
1222745502422192128
1222743387758972929
1222735429465772033
1222737254549876736
1222746181173792768
1222736712524320769
1222745106920431616
1222745976684679170
1222732815000686593
1222734156280553473
1222737456077975552
1222734035379576832
1222745653945593858
1222745783994212352
1222745293600350208
1222737236975710208
1222731960222547970
1222740890881409024
1222737620418981888
1222734775477252096
1222736781965086720
1222737508875681792
1222735772446576641
1222746033232515072
1222745523758649345
1222743865771225088
1222746096675377152
1222734652839870469
1222745889829085187
1222732466919788545
1222746063972356096
1222737955783172096
1222746229869830144
1222737187197870083
