1222233206407065601
1222237092765405188
1222246079380492289
1222247707202457600
1222235516491509761
1222237931445936128
1222246626074353665
1222245856277078018
1222232875627696130
1222235924219793408
1222243608612327424
1222237515605794816
1222242899573837829
1222240620418228224
1222239120895819776
1222233974422097921
1222240682112376833
1222238985457668099
1222240966532308996
1222239780194410496
1222235519100178433
1222239793771237376
1222235973133787138
1222244778953334790
1222233218587512833
1222239569585823745
1222245061292888067
1222247395972538368
1222238439510282242
1222237130816151552
1222244041770795009
1222238007371145224
1222241064234315777
1222241503831101443
1222237356364664833
