1221635322058022912
1221629605620125697
1221631369610063873
1221640445756755970
1221639173028728832
1221640301166649346
1221633505169330178
1221639851071754242
1221632301290754049
1221642652128464897
1221631563214966784
1221641365479550976
1221634985641304064
1221630172928954368
1221638266908299264
1221634341790289922
1221631845424496646
1221636888584261633
1221636986848473088
1221642195918360577
1221632089939943426
1221630068440682503
1221634719093161984
1221642303992930304
1221637315526676480
1221643070455910403
1221639348954615808
1221635972326019078
1221642416584708096
1221633797952720899
1221630041349509121
1221637340571078656
1221642334116302850
1221641420768935937
1221636657058893824
1221643180677840896
1221634963076014080
1221629643087847424
1221642334326018048
1221629998433558528
1221637234434158592
1221641908436590593
1221641004006215680
1221630108110180355
1221637346791231488
1221634170692096000
1221638762482016256
1221633507220283392
1221636036758913025
1221629326883463168
1221630122714902528
1221640840994529280
1221640490153472000
1221633588266971137
1221636378796023808
