1221760860399423489
1221751126820675584
1221757337683128321
1221752812943695877
1221764465420464129
1221750436656320512
1221758106151149573
1221756310133387266
1221752456712880129
1221761362008784897
1221751988213338112
1221761919373266945
1221761003915890688
1221757457594109952
1221755723568336896
1221758733115691008
1221750231689236480
1221759492729208832
1221758965341675523
1221757566792978435
1221758889873428481
1221751113197576194
1221759887660597248
1221763856353107968
1221758619982544899
1221752990555467779
1221760492772974592
1221764734749265920
1221750268989267971
1221753041658863616
1221751953719513088
1221756323735322624
1221752420348264449
1221750693423271936
1221751195674365953
1221754735289651201
1221753606262665216
1221754428748943360
