1221334989452632067
1221328006255267842
1221341036846305281
1221328652471689216
1221331814498762753
1221340185423560704
1221334558823591936
1221334709587759104
1221330810021695488
1221341501302747136
1221341537885413377
1221333909490696192
1221330724977950720
1221329432637472770
1221339750126301184
1221338293238816768
1221334635956883457
1221341655397060608
1221339536942227456
1221336964366065664
1221341138713341952
1221327383246114817
1221331980974837766
1221335257745506304
1221332025921040384
1221330022805491712
1221333630770769920
1221329301745913856
1221333002879324161
1221328974250303490
1221340712953729025
1221329195663491072
1221330130112434176
1221332020569096192
1221339894691221509
1221334284247527424
1221330755407634436
1221340445948751872
1221328718993321984
1221332230372569089
1221341066403598336
1221337711337848832
1221335507038351360
1221341010136981506
1221339453978890240
1221327755477831680
1221333584193081345
1221335291841007616
1221339461172097025
1221339909769711617
1221327359770492934
1221331183495069696
1221329565420683265
1221339637370613761
