1220645725538787328
1220639689146806273
1220636799342542848
1220638882590445568
1220633484307255296
1220646298140856320
1220641137284669442
1220642574739763201
1220637932232462337
1220636514696224769
1220635827069313024
1220642896107327488
1220643649349799936
1220632558410448896
1220635135680372736
1220641535710068736
1220635660563800064
1220647039576330245
1220643604193873921
1220633147471101952
1220636952765976579
1220634905555689472
1220634321750347777
1220645723668144133
1220640256464044032
1220645558639112192
1220641185296859137
