1221356741067034624
1221352911847989248
1221343653173415936
1221351603908816896
1221354558879883264
1221356056636379137
1221356112747933696
1221352944005566464
1221345657262227459
1221354033685749761
1221356366444421121
1221347953371242496
1221347770377764864
1221353257072619520
1221342808939745281
1221351347997609987
1221342640349696000
1221350983076175877
1221356502994178049
1221356095614046209
1221356351231676416
1221356884168298498
1221343821641859072
1221344584019542018
1221350464224055296
1221354043114708992
1221354125536854017
1221355328782114816
1221347994357751808
1221348137882644481
1221355725571575808
1221356222626091008
1221349875889135616
1221352044382035969
1221356398220496896
1221353539609362434
1221356396664348673
1221350878487072768
1221343084316741632
1221345096081084417
1221346827158487046
1221345901450420224
1221346392062427136
1221345869972176896
1221355341599793153
1221352266155864064
1221342939642654722
1221343695330369536
1221351009789730816
1221352720876986368
1221356358332604418
1221351277935726595
1221356894805118978
1221356225570451457
1221347669844475904
1221342661283467265
