1222274269406814210
1222270373435191296
1222276771950796800
1222263091611738115
1222265434805800962
1222276464659369993
1222277700267728897
1222272333508796416
1222266847858495488
1222275681394089984
1222264607634444288
1222267517466480640
1222272651097337856
1222268220045815808
1222272194866286593
1222270033533054977
1222274161374060546
1222276316533121025
1222267033867259904
1222273639627677696
1222271223708704768
1222269946752712704
1222266709354209281
1222264126581477378
1222263089594355715
1222273759651872769
1222273112672292869
1222271529628553217
1222274262615986177
1222265745901359104
1222275289184641025
