1222433253384245248
1222433886422077440
1222439333174677504
1222429977699852289
1222432089758367744
1222435192444538885
1222431192676356096
1222442454592323584
1222432023056388096
1222439415915507712
1222440997038305280
1222443530850713600
1222434022506336259
1222432702017626117
1222442585903337476
1222433988565815297
1222436799861030913
1222430272148267008
1222443424554606593
1222432213117165570
1222434299623833600
1222435621223849985
1222443179670007808
1222440433453654017
1222432611466907648
1222436894279004161
1222442261813911552
1222442781974487040
1222440816796426241
1222443678460833792
1222430657105797121
1222433024089849856
1222433549623554048
1222435917954080768
1222433943447732224
1222442743273644037
1222444228929867777
1222439896142446593
1222431355033866247
1222442054946394115
1222439216585547776
1222433192751161346
1222431584583766017
1222438071666270209
1222434067607625729
1222429750343491584
1222439648032690176
1222443296460591104
1222433380001878016
1222441006001356802
1222433353372033024
1222435600751562753
1222443048648359936
1222433791525998601
1222443668314972161
1222433060479815681
1222442614042976258
1222431346838179840
1222435245602922496
1222442705780801541
1222437975759499265
1222434205671378944
1222437590881554432
1222430745186263043
1222433124052807681
1222433563062210560
1222442153294618624
1222442620976168960
1222434415541751813
1222436006202355717
1222434073643061248
1222432914375241730
1222443036132696064
1222429687986708480
1222444141184835584
1222442391216513025
1222442297394126848
1222442138920783874
