1221272919093010432
1221275165104975873
1221271206655074305
1221273142598889473
1221274057628241920
1221273005642272768
1221280969916764161
1221268228258914306
1221272784686350337
1221277755393757187
1221280844981030913
1221277355533950976
1221279532952539136
1221272850528636928
1221276715173007360
1221270161270816773
1221272802130452481
1221277482768388096
1221281071481921537
1221270502595072000
1221267945826836481
1221267397702606848
1221276608004313090
1221277752591929344
1221280814811320320
1221269947164192768
1221275529333968897
1221269653156069377
1221266849452584960
1221276533119242241
1221269937412616192
1221274459522232320
1221277752373891073
1221273060298366981
1221268121249435649
1221274949312303105
1221271728933851136
1221269101374472192
1221277820510490624
1221270483137486849
1221277602268102662
1221267358456500224
1221276807409872900
1221273814929006592
1221270229675675648
1221271541444435968
1221275871085907968
1221274701458100229
1221267589403312130
1221266929060417536
1221267080483237889
1221277024519458816
1221271102732804099
1221273243090223104
1221268189583200256
1221274686719434752
1221281574408245250
1221278656020058112
1221278639863414785
1221275004181966848
