1220815336934559745
1220821369077714945
1220817654044168193
1220820039630192641
1220827876133687297
1220821739686461442
1220821040001056769
1220815795300646912
1220826661257646086
1220824966993711108
1220821414422491138
1220819719055466496
1220818996909563904
1220824702026952706
1220815906542104576
1220821088571183107
1220818105619943436
1220823788029468675
1220813632273035269
1220813703768993792
1220818553122762752
1220821575982833666
1220818905675063297
1220821225355780097
1220819284923965442
1220824848043315202
1220828389084450816
1220821694471909378
1220816152160501760
1220818915267358720
1220817306974068736
