1221433401011359744
1221432708141727744
1221443315813552129
1221434169244340225
1221441958733844480
1221443262784782336
1221440394400956416
1221447332312436736
1221442449345675265
1221434638813540354
1221436892903686145
1221447180722016259
1221437928028737537
1221437113087844352
1221443001815191554
1221442564219265025
1221443251162484738
1221436572400263168
1221444329350168576
1221441975204761602
1221446487801860099
1221443496306855936
1221435387593351171
1221443285970907137
1221446956381159424
1221433162590347264
1221446684338573313
1221434648409993220
1221441033353023488
1221443608311664643
1221447429678977024
1221437707827793921
1221436921311723520
1221438127698366464
1221433810631315458
1221446864219697152
1221437651640709120
1221444853365477376
1221445773247700992
1221435536105099265
1221444683248762881
1221442029596610560
1221432951881158656
1221432713921458176
1221442247276675075
1221439093357367297
1221444047719452673
1221443987757645824
1221436929151045634
1221434813237907457
1221445529290207233
1221444717927206924
1221439399734448135
1221447252700360706
1221446876098068480
1221447390709809152
1221443761084887040
1221433823432454144
1221438658084995074
1221438298469490688
1221447084022231040
1221438663869026304
1221447084630429696
1221433705702531072
1221442644909285379
1221441777309245441
1221446581318275072
1221445480099377152
1221447292898570240
1221445804004663301
1221436632663875589
1221433930596769793
1221446627543658497
