1220829905744777221
1220835402644426752
1220837648207679488
1220833176744091650
1220837406418460672
1220829775708803072
1220828766827577345
1220842862629158912
1220841478848561153
1220842681422819328
1220831425521311744
1220833756753342466
1220832635997642752
1220830543945719808
1220843666266193920
1220833099031990273
1220838493921927170
1220837033754734592
1220829828854583297
1220830684190666753
1220842500358901761
1220839947516575744
1220832453058691073
1220834973185466370
1220837763215347712
1220829519130648576
1220829789357068288
1220843297989701632
1220842139875037184
1220843220638167040
