1220692897521008641
1220705658825211905
1220707450656935937
1220695534488506368
1220699886141636608
1220696961713491969
1220705733915791360
1220698418819084291
1220699334993498112
1220694295516069888
1220703162266419200
1220699094940672003
1220702789984079873
1220702317198086145
1220707788697100288
1220700664977862657
1220706298934759424
1220703921125187584
1220699620168175616
1220705654781820929
1220704854336843778
1220700732430700545
1220705633239887872
1220707363902185474
1220700929172758528
1220700438497984513
1220707102823309312
1220697882661134342
1220705814714953730
1220699239900119042
1220706390617935874
1220693369833185280
1220697954463313920
1220704016977596417
