1220661287773851648
1220648415605993472
1220659104378769409
1220659238445309952
1220651195879940096
1220653420715085826
1220658517842919424
1220653858826797056
1220661339057684483
1220654703777918978
1220659992447127552
1220657526418571264
1220658606606995456
1220650747034890240
1220655996856668166
1220662291420434434
1220649718642094080
1220659262155714560
1220656598277689345
1220654047234936832
1220651555193487363
1220652449322688515
1220655517283995650
1220650908586926080
1220661314839707653
1220659968292114432
1220653717180993536
1220659848070619137
