1221060095485739009
1221064926409527297
1221059190900379648
1221058336663183360
1221057670989279237
1221069028900257792
1221063417571807235
1221058771373391872
1221062778171068416
1221068552045834241
1221062052791320577
1221066887569666048
1221069776723726337
1221066743633739776
1221067747162873856
1221069551653179393
1221065570164072449
1221061016303226881
1221063984306171905
1221060716569845761
1221064691289509891
1221060513401991168
1221066139603652609
1221061698666160130
1221058776079298560
1221067489343180800
1221063538833117184
1221057203777310720
1221062797896945665
1221066902933528578
1221056232854654976
1221058867208962049
1221057980965310470
1221069938707828736
1221055540509282309
1221063241524224000
1221057846642647041
1221068483196112897
1221066259313246208
1221059501622616065
1221056478842216448
1221056346927202306
1221068745117814784
1221063150973288448
1221055701864386561
1221067461400973315
1221067924586274817
1221064281610838019
1221058129183428608
1221066155609272325
1221067996006899712
1221069240821829632
