1221874196462166016
1221877466291036160
1221872124933091329
1221885456645808129
1221873594403377152
1221881519939125249
1221878610853683200
1221881160759824384
1221881622380695553
1221879154280402944
1221876144758120449
1221882202990030856
1221883338014593024
1221882882861330432
1221875380321042432
1221870843984146432
1221874663028072448
1221875929707769856
1221882497782484992
1221875963216031744
1221881645826854912
1221880948263936000
1221882613566201857
1221872792229957632
1221880792755752960
1221879919686193152
1221870873612902401
1221882521526382597
1221883949187764229
1221882775936077826
1221873397904244736
1221876032237555712
1221884294156705793
1221871130035785729
1221871781515943936
1221876961980510208
1221880441201971200
