1221080067503083522
1221075057180413952
1221083918977269761
1221074561963192323
1221082186599694336
1221070728491098113
1221071887788199938
1221081583697838081
1221082354501832707
1221070675244244994
1221072145939255296
1221079526576459778
1221079853090385921
1221074408518778880
1221082548589223938
1221084081330540545
1221071905064505349
1221074945167331329
1221071008553152513
1221080953579139072
1221074617701257216
1221078393174646785
1221077946980388864
1221074445525307394
1221070220900605952
1221083736151752704
1221079236544471056
1221073243857129473
1221085299997958145
1221083435592060928
1221072553914990592
1221084797117837312
1221079671275687936
1221085116409184257
1221084303313887240
1221072378702319617
1221076772327956483
1221076491963748352
1221071196076179459
1221080970738032641
1221084714980773889
1221078362535297024
1221084472461807617
1221083723870793728
1221073691095683073
1221079844043157504
1221080144095281152
1221077046694240256
1221080162147672064
1221080573726396417
1221084149311627269
1221081780096122881
1221076552416317446
1221074205841616896
1221070891162972160
1221080009021911040
1221072422511661058
1221075061148278786
1221079334414442496
1221078175188258816
1221082430213259270
1221074345637761026
