1221799171482624001
1221800637140045825
1221795132900630528
1221795478876061699
1221805780946558976
1221794992248610816
1221806501192331265
1221804391746850816
1221809292875046913
1221798283053416449
1221797905079640065
1221795715262738433
1221795390443229184
1221802345635274752
1221795937376522240
1221801149314895872
1221804084971307008
1221801201303531522
1221798667721609217
1221797541957685249
1221808029101850624
1221807490871939072
1221809434499805188
1221809468058619906
1221806748878671872
1221797360675672065
1221797782794559490
1221797262126391297
1221809353176444930
1221806746882064384
1221799376491810817
1221795300635021313
1221801958111051778
1221801073272164352
1221807227113103361
1221807583813500929
1221807995727773697
1221808424167436289
1221805933531037697
1221801502114635782
1221809866613968896
1221804559363907584
1221803305082462208
1221799990886129666
1221800301654695938
1221807089711906823
1221805012940136449
1221806685179658242
1221802625336692737
1221809833030176770
