1222888145680764929
1222889261378215936
1222888950068629504
1222883112742309888
1222897044706058245
1222883669066469376
1222884062576050181
1222883900357107712
1222893783383072774
1222893252132519936
1222893731939930117
1222893602927366144
1222894892768038915
1222882269641236480
1222895753112080386
1222884651439554560
1222887294350184451
1222885822900457473
1222895475574992896
1222882772559134720
1222887126305361920
1222883975267594240
1222882745619226624
1222888878266355713
1222882445441359872
1222886036797190144
1222887043484635138
1222893097530445826
1222882714614976514
1222886173632233472
1222893512070332416
1222893317098094596
1222884524562042886
1222895643632422913
1222890526954778624
1222886427253334016
1222893062206058498
1222896085095419909
1222895988987195397
1222884171984592897
1222890771554148353
1222894643894865921
1222886805118365698
1222883974122332162
1222895859056033794
1222886878954672132
1222893567015710720
1222888021533569024
1222891058071252992
1222890302538567681
1222892019095224320
1222892709578330116
1222891424342888448
1222891572372680704
1222895594621980678
1222897084900106250
1222893917344956418
1222893104329441287
1222883314878615560
1222887994715062277
1222887642003431424
1222887270581186565
1222889565402230790
1222891707508973571
1222890906035998722
1222895097991184392
1222887451167002624
1222891738747981826
1222889303744880640
1222887326885371907
1222882943162408960
1222884260194840576
1222894175886069763
1222882878691762176
1222894938255347716
1222882862338174976
1222890052394471426
1222887686668767232
1222892439012356097
1222884928737533954
1222889854804955136
1222892039378960385
1222892524634689536
1222882434263339009
1222885933499977733
1222896843673092098
1222892626380111872
1222884598100529154
1222893242162630657
1222897179280363521
1222885382951444482
1222892381860593671
1222884674655211522
1222882703848034304
1222887723477827584
1222889897553383425
1222895833173000195
1222883065028059136
1222889336536010752
1222896045744476160
1222883650187874304
1222888798918336517
1222888379022565377
1222893758611542019
1222890468251275272
1222892580720934921
1222894503880609793
1222887811281539073
1222890677995888649
1222883281848266752
1222883016579715073
1222891256696623104
1222894256051769348
1222896055651467264
1222888704055730178
1222883987124817925
1222886639891992577
1222884933493911552
