1220800501547175938
1220802572761620487
1220808267573624832
1220799314378797061
1220806429558206464
1220799778499547137
1220800681826770945
1220806030139052037
1220811095067320326
1220802381006307328
1220806229565616129
1220799221260963840
1220813460587417601
1220805231707131906
1220803857858514944
1220812338120380416
1220804063786233856
1220803518552035331
1220809209932988417
1220799730470486017
1220803355473317890
1220798785980268545
1220799463863865346
1220813269209739265
1220800295720177665
1220811827501764610
1220809824671236096
1220802197425938432
