1222654665491247105
1222647315904843776
1222640759670759430
1222652322024570880
1222654129626992640
1222640626354790401
1222647076670124033
1222648443828604928
1222642369813794821
1222655358029701120
1222642481600307212
1222650033838882816
1222651084386328583
1222650481262153728
1222647061868249088
1222650936448966656
1222653545444466689
1222642008910639104
1222652936016277505
1222645870518206465
1222642234992054272
1222641505879261184
1222649983587012608
1222646553619222528
1222642552639303680
1222655178840723457
1222643028013305859
1222653046238470145
1222641834700050434
1222653577056919569
1222649112719450113
1222649093903785985
1222649747321823234
1222648240044113921
1222653819995160577
1222650838604222464
1222651997561638913
1222642422041272321
1222647910942285824
1222641476305219584
1222649747837599744
1222651417766219777
1222641165662654464
1222641299146211328
1222650485523599362
1222648809311887363
1222643127930052611
1222650734371594241
1222642581957419009
1222653666575863808
1222641354779570177
1222649667554545664
1222640679618150400
1222651510749724672
1222641353542205446
1222645715752706048
1222650524979253248
1222650993847894017
1222649181921325056
1222654594368655360
1222651144805081088
1222642406379737089
1222643096246202368
1222646034997735426
1222641621789020160
1222641822704570373
1222648436274749440
1222647267959746567
1222646344491454464
1222641528860037121
1222640736249827333
1222650944070078464
1222641269077368832
1222640591445598209
1222649286304960514
1222640809868169218
1222651145950121988
1222655166459142145
1222651001280311306
1222645317415292929
1222641587693543430
1222649897192738828
1222649731228348416
1222649016271495173
