1223156156471791616
1223167725456855042
1223155268567142401
1223156028465770497
1223156733696102400
1223155114468397062
1223166617527443457
1223166122129854465
1223156050985017344
1223157364544589824
1223158915178696705
1223167650261622784
1223158134279233541
1223157871291944960
1223160068805480448
1223164804568928257
1223160313194803201
1223158481508880385
1223167347306852353
1223167119547723777
1223158964633784321
1223156766013370368
1223166616361488384
1223166180250095616
1223161012699979781
1223156912969129985
1223166737673097216
1223155668640624641
1223156146531459072
1223156668709523457
1223162716610801665
1223168258032984068
1223165517403316224
1223164856787816448
1223155119157465089
1223158039076732928
1223162842347495424
1223168020907884544
1223156239284285440
1223156887681716224
1223167378130784256
1223161090881683456
1223156039912017920
1223164990250614784
1223166949464649728
1223155713456783361
1223158196098875393
1223160702082396160
1223165649515450369
1223165185847726080
1223158653827469312
1223168305583648768
1223163656382435329
1223160179908321281
1223155958555271168
1223166156724297730
1223165938909925376
1223158746731302912
1223166245391912960
1223165616149999623
1223168650884108289
1223155887566536704
1223161410412089344
1223161197068816384
1223165993062670336
1223167487040278528
1223163228504461312
1223165456430837763
1223157628504809472
1223163467743612928
1223164852278923265
1223167308258037762
1223162628513550344
1223162934718656513
1223156737533808640
1223157625799360512
1223165003361996802
1223166016655626240
1223164352556986368
1223164470697979904
1223165866407157760
