1221719096724639744
1221704517592350720
1221717342444388355
1221716940265144321
1221712808892674048
1221712206644969472
1221717268649762816
1221718861231349760
1221709187580821504
1221705976023093248
1221704899567599616
1221709239468453890
1221715670611767299
1221705586275950592
1221711082584072192
1221707697034166272
1221705768077942784
1221711617152319495
1221712064550490112
1221706841186422784
1221704754725883904
1221716117854412800
1221712079385702400
1221716224867958785
1221713585694441472
1221711704448475136
1221716471954280448
1221709176214130688
1221719133198393344
1221704682114031616
1221712163443593217
1221710946353192961
1221705779461255170
1221707338148503552
