1223179894944870400
1223170324717432832
1223181227764568064
1223181086588428288
1223182100741967872
1223181761988874242
1223180428590235649
1223181240947396608
1223175358238740481
1223173829301694466
1223174973218422785
1223175119708643328
1223178859073306624
1223176536674701312
1223174891471548417
1223181839671623682
1223181804246450176
1223177964004638721
1223182129279848449
1223173663786225664
1223183252799860743
1223172264503328771
1223181198106578944
1223180413528506368
1223177271768506368
1223171340439556096
1223174132608765958
1223180679803883521
1223171266347036672
1223172416429412352
1223181022121975808
1223171450917380096
1223181015159623680
1223180967256289281
1223181959959941120
1223179324620263425
1223181860949385223
1223177913551310850
1223182004130177025
1223182980111192065
1223179416756465665
1223180915670769664
1223174174409015296
1223174851180949507
1223177199106318336
1223176515858419712
1223184000338092032
1223176909426765827
1223171796695805953
1223175692071792640
1223181959393939456
1223173952354152449
1223181628123410433
1223171656098537474
1223169226405400576
1223179268147970048
1223174874744492032
1223181255124013057
1223182616314044416
1223183392088285185
1223183874479411201
1223182235437883393
1223176520979505153
1223181909548654592
1223182258951131137
1223177524475240448
1223181381636722689
1223180996301877248
1223173622073683968
1223175033406808064
1223181215856914432
1223175622194876417
1223171334055718914
1223172316001185792
1223175448064151552
1223171424241799170
1223169803336081409
1223174142188347394
1223174604866220032
1223173824985866240
1223176897305014272
