1221604375535091713
1221612295115235328
1221602903330299905
1221606286380240897
1221610992750276608
1221603238501371906
1221603543293005825
1221603143173267459
1221609041777922050
1221600119411433477
1221603264703029249
1221603742182559745
1221598720090750978
1221602920694632448
1221610744166469635
1221613210580611072
1221604309361577985
1221609535468601344
1221609275841220610
1221599389564751872
1221608399000854528
1221611742272188417
1221600967310729216
1221609101022519298
1221606463694688256
1221609645992742914
1221608376779640834
1221605308805472256
1221607164227178496
1221599133791686657
1221602483971088384
1221611310304989186
1221602017170415617
1221609340026511360
1221607080991305728
1221607989376798722
1221612352921133057
1221607938432827400
1221608976812584961
1221611895528050689
1221603753507291137
1221599922727813121
1221604410670739457
1221599429469229056
1221610602185052160
1221601738404184064
1221598917495791616
1221612726587252740
1221600555044204545
