1221323863289556992
1221319503788724224
1221326425317199872
1221313860226949120
1221314200305192961
1221318938392268800
1221315057860018176
1221313837053423616
1221326869011656704
1221315547549224960
1221323547374604288
1221326277501759488
1221313580538236929
1221325690538250241
1221325304355905537
1221315834850603010
1221321428550635520
1221319784890916864
1221315738943639553
1221323917232615424
1221315787933343744
1221325653410103297
1221319551356325888
1221326218513080321
1221318003960082432
1221323773288148993
1221319361970892805
1221314952184487936
1221316634314530816
1221318525236592640
1221325497608441856
1221313741213462528
1221314235440828416
1221326141178314752
1221316410720378880
1221314302596079617
1221323728094519296
1221319787575275523
1221316638168903680
1221325031038320640
1221315633859612672
1221317757255372801
1221312535594319873
1221317845679779840
1221312751806496771
1221314148341956608
1221325848101322757
1221323915445727236
1221318604693504000
1221324240818802688
1221316775238885376
1221317723864457218
1221316761565290496
