1222759759847100416
1222752257881460746
1222752409392418818
1222754961861201920
1222761125235904512
1222755958272806912
1222756656276287488
1222755179105148929
1222755510224588800
1222759152033914886
1222760274228281344
1222754352932089857
1222759583753498624
1222755755167834112
1222757065522700292
1222759275333705730
1222759394003173378
1222748305777557505
1222756470091067392
1222757464476614656
1222760933958803457
1222747264956948480
1222746771325014016
1222757476283514880
1222750691690721281
1222755875460472832
1222753757596770304
1222757574484922368
1222761080906076163
1222754701437030400
1222757822170972160
1222751582636277760
1222757955608559617
1222747578552541185
1222754609346670592
1222748547730178048
1222755565203591169
1222749442442330112
1222747753446547456
1222747758337064960
1222756408707280896
1222747015395860481
1222750607351656448
1222759561284718592
1222755202945703936
1222755903159422976
1222760765171453952
1222756911818268672
1222760774231379968
1222758978876252165
1222761241636212738
1222754710857216002
1222747209487261696
1222757568457641984
1222754346338676738
1222760849695100928
1222758293967265793
1222748201729458176
1222746603607511040
1222756468006371328
1222757132182777856
1222753327802281985
1222755045428596736
1222756581319725056
1222754032487256064
1222747342249414657
1222751719408447488
