1221284224927485952
1221287716559585280
1221291792454152192
1221293741442338816
1221285693000806402
1221282100885647366
1221289647785021445
1221288759053840384
1221283713071243269
1221289192275079169
1221289943135391745
1221295641655201793
1221294399897759744
1221291184917606400
1221291487352123392
1221287981241290753
1221296617061523456
1221289517270749185
1221292641192574976
1221287354582761472
1221290182852263936
1221289736012099584
1221284181847760897
1221291675085082624
1221284701492527104
1221284354715983874
1221285636855828482
1221284321178324992
1221295363706904576
1221291602104074242
1221287571633987590
1221285572557332481
1221285607080710144
1221286966425030656
1221283338444390400
1221293623104270340
1221290964586659840
1221292778962817024
1221281891023753216
1221288429906026496
1221282995576934400
1221287117780709378
1221292136659853312
1221290437631037440
1221286037370155009
1221288247831101440
1221283688983302144
1221292920755511296
1221287164371034114
1221289235065368577
1221292709136093184
1221292453312860160
1221295611300864000
1221282159849197568
1221290118985572352
1221294598900744192
1221288796576047104
1221282695474368517
