1222491904195035137
1222492944155975683
1222492682951356417
1222492286220505088
1222499170818363392
1222494990984798210
1222493660769669121
1222493444788183040
1222502013801549824
1222496875560878086
1222492136010108928
1222492513224876033
1222498774284521472
1222503297086640128
1222503808997187584
1222492000055894023
1222500651852337152
1222498165720379393
1222504303144919040
1222496174357217281
1222495107875651584
1222499199213686785
1222498019091697664
1222496221031518208
1222499965806579714
1222492791361560576
1222499831324848128
1222497923579043840
1222492228079144960
1222497932068319233
1222499722528686080
1222491020425740288
1222501386551623680
1222504376897400834
1222498121105592320
1222496218397343744
1222502659804090371
1222504259540795393
1222491270074884096
1222497498838773760
1222498750670745602
1222491255290187776
1222500875714744323
1222504216960360450
1222491068098154496
1222492151348629511
1222491969936510976
1222491107445157889
1222502624278335490
1222503156053090304
1222498626754285571
1222496606215340034
1222491212139192320
1222498873580539905
1222490623384551424
1222498043628404737
1222502660328361984
1222496753183645696
1222497357926825985
1222498057310228480
1222499331028049921
1222498765791268870
1222497872098148352
1222498225380384770
1222498753992675330
1222495129753333765
1222491872704098304
1222499193425555458
1222492575636115456
1222492668250378240
1222497785179668482
1222498980543848448
1222492556547829760
1222501277189406723
1222497937743323136
1222495923021938690
1222493511175614469
1222498662221152260
1222499332399693825
1222498827204222976
1222496761253650432
1222492562491047936
1222497901609353216
1222491934557724675
1222491745063030784
