1221191574421299200
1221205420141883393
1221196349359697921
1221203275468484611
1221195412922458112
1221198191669809153
1221202694469234688
1221191345877864450
1221197402540929024
1221195945305612288
1221200999051743235
1221202290838667265
1221201980447711232
1221198784979505161
1221202609324863489
1221196193109135360
1221195154620665857
1221202628987834368
1221191205913944064
1221204954544844800
1221205872145133570
1221199516453437440
1221194125048836096
1221196203833970688
1221198355377934338
1221196696962494464
1221198999866052609
1221200325287272448
1221194447087521792
1221199723459239936
1221204942960107520
1221201178152726528
1221202971796672513
1221202938368069632
1221200720097091584
1221195796176990208
