1221410267512229889
1221404405494243328
1221405783017037824
1221415086713008129
1221405584706146305
1221406539191218176
1221413853897969671
1221404722466258944
1221410164193910784
1221412795423444994
1221412216685191168
1221404291346206721
1221403928413245440
1221406192544542720
1221413867529486344
1221414079178399744
1221416131191287808
1221405127384424449
1221411861398052865
1221413005205889024
1221411393116811265
1221415767754723330
1221404697388449793
1221411985142747141
1221415429194711040
1221403241604210693
1221413754069323776
1221410972209795073
1221411808658903044
1221409486813966337
1221405795121881088
1221417103036690433
1221416661162610689
1221415506575577089
1221404690337816577
1221404376469622784
1221416250913492996
1221404665629163521
1221407880026316803
1221415156560740353
1221416472607514630
1221405272423321602
1221417375125229569
1221402441318424577
1221403158720593920
1221406409499324417
1221411609580457985
1221409604992688128
1221414845259513856
1221410727220539393
1221406905559470081
1221410560572608513
1221402914561777665
1221412745486069761
1221410772611301376
1221416143002300417
1221403712331100161
1221410572744314880
1221410579522318336
