1221963825177559040
1221972220588830720
1221974643009040384
1221968350965710848
1221967887285440517
1221973289779761154
1221973361749684224
1221974437496406016
1221974107803144192
1221964457342930945
1221970440681336834
1221963711449047045
1221972722936438784
1221965073398165504
1221970680016592896
1221970182630887424
1221975335933267969
1221967407142424576
1221969628768817152
1221968019964022784
1221961835156582406
1221970870928904192
1221975924335415296
1221972712383381506
1221963630465429504
1221966460639072256
1221961206530891777
1221963177317097474
1221966676775899139
1221970082429050880
1221963003496525825
1221971526343217152
1221967206742810625
1221971677443248128
1221975538668949504
1221964923967639553
1221976076773154817
