1221154174009634816
1221148490799239170
1221151324617748482
1221152978863869952
1221152341807620096
1221153303083540483
1221146857075871744
1221156564536582151
1221156088176758784
1221160124095565824
1221158292925362177
1221160140620959744
1221146177917325313
1221157012165124096
1221149079167741955
1221148021787971584
1221150673556795392
1221160794085371904
1221152875843334145
1221153569954508801
1221153489914601472
1221159748164292609
1221148773612761094
1221152853491965952
1221157229107339266
1221157565729361920
1221150729802407936
1221148701575602181
1221152263374163968
1221146258875854849
1221146560773394432
1221147070221836288
1221156600074735616
1221148815459094528
1221158073646977027
1221159262803513344
