1222046041542782976
1222044067887898625
1222037055661727745
1222050602928132096
1222049497393573888
1222044403008724993
1222041508196438016
1222049526665510912
1222048829245140995
1222050864338092032
1222041520297017344
1222037196720312320
1222051282841677824
1222045984726798336
1222041437941821440
1222050134315241472
1222047246696370177
1222041067194896386
1222040444839677952
1222043426494877696
1222040551828025344
1222037652494524416
1222049166601228288
1222051283277733888
1222038760856092674
1222043686248177664
1222047149925384192
1222042250416246784
1222043673912733697
1222049716046716929
1222050351781515264
1222049624183042053
1222040126785642499
1222041345466028033
