1222452828230377472
1222444337646198784
1222445942378397696
1222453653576925185
1222453324667998209
1222450957377769472
1222458152106569729
1222444483393884160
1222454227164893184
1222445383604940800
1222451344998567936
1222452892390477824
1222450420091457536
1222455726896893952
1222452192805892096
1222451855235612672
1222445491956436992
1222444570455109632
1222444698276593664
1222448861978849280
1222447470686494720
1222452825831043072
1222444988019224577
1222450920639881216
1222445806755762177
1222453100373516289
1222445406275006464
1222453926567370753
1222452228692176898
1222445514257362944
1222455141103755264
1222449392898064384
1222455156685537280
1222453165821440000
1222447294852870144
1222454778283819008
1222452125726212098
1222457456221028353
1222456869077299200
1222454170508197889
1222452910472122370
1222452333587468288
1222446379970318336
1222453281814958081
1222457511325962240
1222444910210498560
1222457991754080257
1222444873212514305
1222448708081651713
1222454192603848705
1222456101305606149
1222455214361456640
1222453211208044544
1222447625804271618
1222453861622829058
1222452148467691521
1222446937124659202
1222453524056821761
1222452390323982338
1222453658102702080
1222448053904216065
1222454400020623360
1222452023943147520
1222445686248984581
1222457009607495682
1222444727364026373
1222452448108929024
1222453317701230593
1222453969210900482
1222454756691587072
1222457996900368385
