1221584598024556544
1221591833203003392
1221598082892169217
1221588348986445824
1221596833253937152
1221587827609219079
1221589156461076480
1221588633586565120
1221593704713949184
1221591587215618049
1221584108653924352
1221589081769021441
1221586241390628864
1221596525001756672
1221590308036608000
1221596888987664385
1221592802431246338
1221585777345228801
1221593146015940608
1221595125358292994
1221584309330440200
1221591426020052992
1221595251888066560
1221586639199195137
1221588732626665473
1221586313352114176
1221584885959352321
1221595798061883394
1221595531920564225
1221587224443179009
1221589364947460096
1221593385473060864
1221591311121170433
1221591202664984578
1221597618754723846
1221597137433133056
1221595470100717568
1221593410693283841
1221587651872075781
1221591671353143296
1221590615441342464
1221584026135339008
1221586606718640128
1221592326834966529
1221592251224055808
1221587155299926016
1221592761482272769
1221589361621336064
1221594924489019397
1221595368263045120
