1221655928925302785
1221650297874976768
1221656438273126401
1221653593037639683
1221645167507079168
1221648022477524992
1221654779497209857
1221650785538166784
1221650442020696066
1221649355284725761
1221649366299107331
1221658472300679169
1221652176331837440
1221645380464439296
1221653086558740480
1221645128424738816
1221656899155832835
1221644594183593985
1221647958220922880
1221652003920609281
1221646213394698240
1221657579421487104
1221651698780819457
1221648027573792769
1221645829452128257
1221655015791611904
1221648377114349568
1221651393716592640
1221644604652519424
1221649199529414656
1221645317835116544
1221647203338461184
1221646242272296960
1221648030434197504
1221651856645996544
1221647175710597123
1221649406195388416
1221652853904809984
1221659042608828417
1221652991804989440
1221653323733970944
1221655866664943619
1221655529757585408
1221653908977786881
1221652536043556864
1221644547387805696
1221659019313463297
1221654779425767424
1221650028176998401
