1221905220109664257
1221914126332715008
1221914974106345472
1221911868593332224
1221905664361893888
1221911079762063360
1221910855173861377
1221906996787580931
1221910895971844096
1221903945335017486
1221902255705620480
1221913451355889664
1221911057133760512
1221906139614535680
1221907223301042176
1221911836955725824
1221910605503836160
1221909438639947777
1221903299613343744
1221908476311621633
1221913846610374661
1221914141817962497
1221903237277736963
1221909759265099776
1221915671287627776
1221910921401880579
1221907584921276423
1221906061180817408
1221909397183528963
1221904704612990977
1221911127258554369
1221909576079106048
1221908867388329984
