1220913327783546881
1220915430031790080
1220912970571579395
1220907309573951488
1220906107322929153
1220915529050812416
1220904462627115008
1220917460024487937
1220915375342120960
1220907308655480834
1220904892618788864
1220907733404323840
1220914475928301568
1220910506296430593
1220918124158930947
1220909136747159552
1220909433909215232
1220912705592332288
1220910449710862336
1220907786143485952
1220907598867644417
1220906165258743809
1220915782298800128
1220906079866933249
1220918611587416064
1220915738631819265
1220910112216207361
1220914786277437446
1220916164580085765
1220908659619745792
1220912326800338944
1220912589502328833
1220918331311607809
1220912134525198336
1220911545619607558
1220919029176520704
1220906781955637249
1220909147916570632
