1222020720516988928
1222013040658268162
1222014513106558976
1222014685655945216
1222014508907913216
1222018302173515776
1222020116566740992
1222013996741513216
1222014181659930624
1222015808982999040
1222009214156996608
1222016648288313346
1222010857447620613
1222013339997335552
1222009735433424901
1222009083127115776
1222021300178358272
1222017094176235521
1222016973904572416
1222015716569649152
1222008344698748930
1222006407068708865
1222008567458357254
1222019808692039680
1222017600655253504
1222008814901198848
1222012024894308353
1222015777605242880
1222020299098472448
1222016183660093440
1222013834786832384
1222016858255003648
1222019852132634625
1222012289550671872
1222008813810855936
1222011407870451712
1222008745615597569
1222020127194898432
1222010678715785216
1222015587909398528
