1222405509535322112
1222405120459182080
1222407298636599296
1222409283373010944
1222404805047439361
1222408274101723136
1222412523778953216
1222413804690120704
1222403072267341824
1222413455661191169
1222407343519850496
1222402820147560450
1222406556471349248
1222413516839247872
1222407617072390144
1222409982458527745
1222409052006887429
1222403802797506560
1222403497158574080
1222405559237910528
1222410250680012800
1222405930769358848
1222409906424369154
1222407429377286147
1222411212832423936
1222406728257540101
1222401195584651264
1222410552699510784
1222405849538105344
1222413809551364096
1222404427996229632
1222413722531950593
1222405018831052800
1222400024400875520
1222399911062360065
1222405145348145152
1222406561215045636
1222413621248086016
1222410992597925888
1222407916516331521
1222411564969492480
1222402869162278914
1222405700967489538
1222409653868347393
1222406510103474176
1222406474061750272
1222408011462787072
1222412470746116096
1222413111740649472
1222412429927182336
1222413575190282241
1222413545188593669
1222407471605485568
1222404455729115137
1222406403995906048
1222406881307553798
1222406112789446657
1222405930404302848
1222406221065408512
1222408541761343489
1222403031242887168
1222403733247512576
1222405616817168384
1222400992999878656
1222403718676500480
1222401932062425088
1222405002787901441
1222405529122885632
1222405525029019651
1222406126161006592
1222399338183303169
1222400208673202176
1222401638595547136
1222400702804160513
