1222508070170976259
1222515897199284225
1222517037932482560
1222518595281833986
1222517625604988928
1222510293420531713
1222514265225138179
1222508735513255937
1222517688926273536
1222516679537840129
1222511758092439557
1222516723565330432
1222514222078103552
1222505055233789953
1222514319788793856
1222516970160967680
1222505419374985218
1222504988963823618
1222510474253754369
1222518379166208000
1222517433233219585
1222505256422137857
1222505518440169473
1222510729774936064
1222511048240046080
1222505039945773056
1222518366465904642
1222514930286415872
1222506432794431488
1222507692939513857
1222518035036004354
1222518485219147776
1222514796660174849
1222517787693928448
1222505442439520256
1222516602874167296
1222507485560369152
1222516415229583361
1222510747621777409
1222512017438736384
1222506772805685253
1222507492057456640
1222516559823814659
1222519181121212418
1222516249151856640
1222511548570185729
1222504978289516546
1222504706586611712
1222511186983313408
1222516524910555136
1222512880454656001
1222516668082966528
1222513220193263617
1222515643007684609
1222511568447033345
1222511428176736256
1222512704067260417
1222517165871419397
1222514238830321665
1222516002170265600
1222510181160038400
1222510869059338241
1222515353554542592
1222506799154245634
1222514809368760320
1222519318535196676
1222511210140139521
1222506342935605248
1222510892073439233
1222519269134565379
1222512610727186432
1222505169524547585
1222519586907619333
1222511237432410112
1222510305340727296
1222508315155955713
1222511603968630785
1222514794550312963
1222516165223821314
1222510010829131778
1222516508410155009
1222516987315679232
1222519752473509889
1222514347718664192
1222509372749860870
1222514458372624384
1222509160908099589
1222516502403977216
1222517046677856257
1222507818307244032
1222517525822394369
