1223061721440342022
1223052953935917056
1223062552319418368
1223050424531505158
1223050334542667782
1223062291995709440
1223062842875662336
1223058792570507269
1223057004949716992
1223057531859165184
1223051370560778241
1223054322759544832
1223049668101173248
1223053864364138497
1223054429013676032
1223054927502696454
1223062189558267905
1223059363658596355
1223053457344606209
1223060153370468352
1223059919965999104
1223049376676962304
1223061380779200513
1223054307001536515
1223049913975443456
1223061001882308608
1223054338592997376
1223057098378006530
1223061673185030144
1223054428946624512
1223060734801637381
1223054353344466949
1223049383156973568
1223055686549983232
1223059856665600000
1223049048967565314
1223056309702008832
1223060530287534082
1223053997831004160
1223054131805347840
1223060624021839872
1223051299064668160
1223051173592068096
1223056203514691584
1223049262235312129
1223049710312685568
1223051230756397057
1223061594013421568
1223059764839534593
1223061355407626240
1223058451049271297
1223060721673502720
1223049752964554752
1223058619010355200
1223062745773305856
1223054945575895041
1223054846888161282
1223061117183787009
1223058226687574016
1223060257653395456
1223049519627194369
1223054687638716416
1223061644630286338
1223048583689060352
1223061036997189636
1223058353133240320
1223051220648185858
1223057477585031171
1223059780866117633
1223059151296712705
1223055739876466689
1223054312290439169
1223055782519795712
1223048661912842240
1223054016491311106
1223055079176990720
1223060602643501057
1223056821050433536
1223048508782985216
1223063274268303362
1223048531432263681
1223061683783884800
1223049056307445760
1223060192809500672
1223050419082952704
1223061696303882240
1223049230102609920
1223049374395240448
1223061064897699840
1223058891975483392
1223061463406759941
1223062792523145218
1223050615812587520
1223056726586314753
1223052472941342720
1223057060658601985
1223050796373286912
1223052454763409408
1223054667242000385
1223049021373087744
1223048670238560259
1223061656986701825
