1223281987785347072
1223281650076962816
1223287701547495435
1223280683327488005
1223284096450867201
1223287570001346560
1223282452594143235
1223278184482738176
1223282242702544897
1223285266925989888
1223279152557461504
1223286755496841216
1223276215882133504
1223279749327478785
1223276522573848576
1223287208775282689
1223279868990971906
1223276343825178624
1223284149009731584
1223286646180917249
1223282325309407232
1223287349628420096
1223287220561489920
1223285562271883264
1223288265308037120
1223282215104073729
1223275854362316801
1223275376882917376
1223280075174555656
1223287778630303746
1223287168464039936
1223282410269200384
1223278213620613120
1223286144500215808
1223286882852843524
1223284079824642048
1223286436780220416
1223287843952517121
1223285127943294976
1223287566926876678
1223283483159732224
1223278892187865088
1223284342832627712
1223274866398330880
1223280591971336192
1223275872754569216
1223279983180861440
1223282181579116544
1223276357569908738
1223281237596557312
1223287175426404352
1223280938387496960
1223288078619545605
1223275732865966080
1223284757678579712
1223287982582652930
1223289518326857729
1223285425982320641
1223289582051119107
1223276403027656704
1223286708570951680
1223286810287144962
1223277528707751936
1223279741924511747
1223282937346445313
1223282099039301634
1223289388370661376
1223283573500805120
1223281346732351490
1223289566003634177
1223288144453304321
1223288834944720896
1223276239139614726
1223277369345167360
1223287353059528704
1223287304170754049
1223277474177417217
1223288584406478855
1223278244490809351
1223281397625970688
1223282346746617857
1223276485903114246
1223289123185680384
1223281817593303040
1223276987818528768
1223280712226349056
1223276735954706434
1223281741835788294
1223276375970181120
1223275851820732417
1223277167230029824
1223276519038111745
1223286915065163782
1223278336886968322
1223276047321440258
1223275736745816064
1223281636466233344
1223275700398043136
1223279903501479936
1223282353793118208
1223285206511042563
