1220877223999299584
1220875536257282048
1220877108878233600
1220887612128288768
1220885527827746817
1220886541771235329
1220886949722050560
1220882174452224000
1220875831720976385
1220883553828782080
1220876184696713216
1220877751105851392
1220884601226199041
1220879749330931714
1220886533235990528
1220876700881321984
1220882094915751937
1220884210082144257
1220882079803740162
1220879123200888832
1220887981147525120
1220875950570819586
1220884710399860736
1220880557749493760
1220875541810569218
1220884444745064448
1220887030202339329
1220881923972591617
1220875066067472384
1220883245144760320
1220882787957444608
1220883465920335873
1220884642045149185
1220886050333188097
1220874383196995584
