1222824884272648192
1222833703702843393
1222827598876684290
1222831020099035136
1222836746376728576
1222836174219137024
1222822097719685120
1222827884068384768
1222823847751290885
1222826398546571264
1222824335632551936
1222827559882088448
1222822518651871232
1222822006095106049
1222831245865844736
1222834822235574272
1222827134441480197
1222834566294933506
1222833941184303105
1222834009471844352
1222833503068246016
1222833525977567235
1222834611203473415
1222830833330839558
1222824961859112960
1222834437320212480
1222829120070926337
1222824149497929729
1222827993086578690
1222824489504788482
1222832826653052928
1222829062978199553
1222832190028795905
1222825604749451273
1222832481000251394
1222823025126457344
1222823112623869952
1222834538402865153
1222830816125956098
1222829634317885441
1222830793426259969
1222834581608357889
1222834409554038784
1222826847731191808
1222831783521075205
1222821935626670082
1222831384793878529
1222821993134690306
1222834837322485760
1222834829902983169
1222822628643213319
1222824418134544384
1222827153550503936
1222823937131728896
1222834843018383361
1222827043835891712
1222829427647664129
1222828463595245570
1222822556341719040
1222827602227990529
1222825429238566912
1222834460418199552
1222828387665727488
1222834942196928513
1222822299671367682
1222828405801943040
1222833873081401344
1222835627940446208
1222822650042556416
1222822887628738561
1222836122687926274
1222834501648371717
1222828684211449857
1222822019055656960
1222825416378875904
1222824562145914887
1222822492688924673
1222828925711044608
1222828305893613569
1222831916656680960
1222825627851476993
1222836753725190144
1222835425594597376
1222832932269608966
1222829838358274049
1222833496357425152
1222833402145116161
1222835854407688192
1222831230460162048
1222823014510813184
1222831364174532609
1222823587771346944
1222823012132696064
1222831604118110209
1222830790519742465
1222821802486878209
1222822366520270848
1222827913159958528
1222827612495581190
1222829295430774784
1222830832945156097
1222833483124338689
1222836197900161024
1222828775068635136
1222836306880811009
1222823550643396608
1222824826504507392
1222823875810975745
1222822103805648897
1222825993775116288
1222828028419440640
1222835382485565440
1222828797059391488
1222833051765313536
1222829510157946880
1222834519008366592
1222827073728851970
1222833971110694915
1222828150951940096
