1222131256613167105
1222127953242288128
1222137438803578880
1222138497663827971
1222134556935053313
1222134420292792320
1222135919399985153
1222136757589889024
1222135274911780865
1222141866415546368
1222129298422845440
1222132082421436416
1222127620764114944
1222132596361981952
1222128049673703424
1222135752038875136
1222134055015079936
1222140015758598145
1222127427826044928
1222128201880621057
1222139679035650048
1222134109608214528
1222130786201165825
1222136695945981952
1222136108818894848
1222135560128483329
1222141977338302465
1222134267771310080
1222132894178496515
1222140304699969536
1222129241430601729
1222127811101712384
1222128726185365511
1222139523640938503
1222136416261394432
1222141334229803019
1222139140671705088
1222137467932958720
