1223188590596784128
1223194195218718721
1223190374748835842
1223194145574936579
1223193638655668224
1223187203087532032
1223188275894136832
1223191904432599047
1223194185265635329
1223194490267193344
1223194800242987008
1223188403941974016
1223192534517678081
1223192300643397633
1223186639687573504
1223188477535145984
1223187268338216960
1223187105238511616
1223193469386096640
1223188699007135747
1223194116617621505
1223193631906877440
1223192753749798912
1223187637218861057
1223184569366536193
1223184437174767619
1223194822682394624
1223187766449754112
1223195232973598720
1223188254951784448
1223187327188492288
1223188385293987840
1223195443460497410
1223189785251966976
1223193542316773376
1223192059647086592
1223187350961868801
1223187115858677763
1223188054162042880
1223188508740747264
1223194521321607168
1223194388383166464
1223187028654936065
1223188013670420481
1223188051930664960
1223194141380751361
1223188038022504448
1223198254965436418
1223191043090341894
1223187864319680512
1223189533136650241
1223195040626855937
1223191824904290305
1223186926569775106
1223194734291824641
1223188609014075392
1223190449864749056
1223197926127755264
1223187649428512768
1223184969188741121
1223188327752445952
1223184376642576385
1223193576437362688
1223199059537747968
1223193584632877056
1223194564846137347
1223199220594872320
1223185221274800130
1223187676318269441
1223195170348371969
1223195799338680320
1223193778149675010
1223188866544406533
1223188179089608709
1223189624190726144
1223187749336838144
1223191171272519681
1223189042780459009
1223196114163290112
1223188571063865344
1223184227581251586
1223187365952413696
1223191289644093440
1223187851459907585
