1221189070921125888
1221190277567741953
1221180811350827009
1221188430190661639
1221183645198602241
1221182370428026880
1221180560774701056
1221189970418917376
1221180517841874944
1221182953717239809
1221183681055772672
1221188214142062592
1221176744717246464
1221184453814505474
1221180083366440960
1221184194161840131
1221181300624613376
1221186653940781057
1221179245357076485
1221187896272547841
1221178303803011072
1221186580871897088
1221181052611330048
1221180348354244608
1221181881271705601
1221181775688302592
1221189599487127552
1221178809862492160
1221180635244584960
1221184709927063552
