1220672527225237507
1220665577217261568
1220672527502073856
1220676705703976960
1220665190586281985
1220671793985277952
1220667634414510080
1220671505475850240
1220665275416076288
1220674474694955009
1220669473599868938
1220675832894623747
1220664051568480262
1220667614801747968
1220673426261602304
1220669154396688384
1220667360496930816
1220673376806690816
1220674140195016706
1220666602850410499
1220670009032114176
1220672527225081856
1220666942610202624
1220663246014697478
1220669273246457857
1220674710100500480
1220674808549011457
1220667122830868486
1220676853913882624
1220674492864688128
