1221856972200456198
1221858843006648320
1221870356329308160
1221863876356165633
1221857515991977985
1221858099415461889
1221862922562961408
1221867037611479040
1221855567456743428
1221865757652463616
1221860203861118976
1221869715838177281
1221865658230534145
1221856681228791809
1221857516952252416
1221862684733444097
1221860190741508099
1221856721146142721
1221868285026807808
1221861721935110145
1221868348360794112
1221866166626316290
1221859335002681350
1221863052863328256
1221858442048167946
1221863608776261633
1221860552621920256
1221866760141447170
1221867854296825857
1221857457678553088
1221866054030364675
1221870247965126657
1221858362326827009
1221861106320175104
1221857792572583936
1221860675514818560
1221864767041757185
1221865940029042690
1221856965501939718
1221862222076547073
