1221454630921625605
1221450609360035840
1221451998148431873
1221459534314557441
1221453358042476544
1221461835293085698
1221453311401836544
1221460839787573248
1221447862636011520
1221449414029430787
1221456182142832641
1221453177725210630
1221448263678644228
1221453869424603136
1221454767852941312
1221459493919371264
1221449831257989121
1221450264848109568
1221456983276036096
1221456602349350913
1221451761002504198
1221462161685348352
1221460959006314497
1221449229924585472
1221460462107275265
1221451003804835841
1221455165846196224
1221451712533336064
1221455409644371970
1221454319523966976
1221454235973214209
1221453374828113923
1221458608975687680
1221453584392343552
1221460337498775553
1221453978375819264
1221454385710010370
1221459384934551554
1221462689781694470
1221458309779218432
1221452910300557313
1221453620786405378
1221451409310339074
1221461337449959424
1221454558477586432
1221449431242944512
1221454537615007745
1221453690503979008
1221459636097732609
1221452169037131777
1221449525841149953
1221462562241253376
1221450968866398213
1221454343767052291
1221458600213741574
1221454188548382721
1221455997241135104
1221459544674467843
1221455898117148672
1221449793546878977
1221453514511130629
1221461407448936449
1221457818588516352
1221448290895458304
1221456904381059078
1221452729995812866
1221451913763475457
1221457435325534208
1221457478447173632
1221452437627772928
1221453042177851392
1221452221415677952
1221451895220232195
1221457169301639168
1221456604756881408
1221449508095086592
1221453576712515584
