1220590260037525504
1220599791031214080
1220588321149243393
1220589569373921280
1220589297503326208
1220598159740506112
1220599296560492544
1220593984214487041
1220601852867284992
1220598653833773058
1220596462435758080
1220600771152175104
1220590866391339008
1220587574231584769
1220589431708667905
1220587081442836480
1220596947263873024
1220594876544376832
1220600882661707776
1220594390269214721
1220601543868719104
1220597731325952000
1220591659206840321
1220589748453904384
1220594601196752896
1220596142448111617
