1222708457981145089
1222701433239158786
1222708981774405634
1222707220082651136
1222714255599902725
1222706852468793346
1222709395693305857
1222711061348077573
1222714879116746753
1222707775274274817
1222713075670966272
1222709462257094659
1222715209086750721
1222713857623244801
1222709857414860805
1222708250673631232
1222708247456444417
1222706658398429190
1222708934521380864
1222710517942358017
1222701381800333313
1222709697096093698
1222710329404059648
1222714488454909953
1222705733386612740
1222715102488485888
1222708415425847296
1222709307982196737
1222713440332144640
1222705425038159873
1222701153084956674
1222715138693664768
1222709734303600640
1222705864118804480
1222708707554988033
1222708148370317312
1222711674320441346
1222709237404405761
1222713768771235840
1222711292131020800
1222710203218649089
1222709758878273536
1222703069248528387
1222703463294889985
1222708417598410752
1222710564025257993
1222714674535419904
1222701588696821760
1222705273925619712
1222701707831808000
1222703618207469568
1222706962011312129
1222705160260128769
1222701999340130304
1222705150013399041
1222710459859529729
1222709646760251392
1222711234753187841
1222707712405929985
1222706490156507144
1222705164890460160
1222710351789199360
1222713253026910208
1222705342141825024
1222710031813992449
1222709732315500544
1222708935813160960
1222708908726407169
