1222963548579663878
1222966225019588609
1222965206223069185
1222972361517019136
1222962544861536257
1222958194458288131
1222971174230953984
1222971675958005763
1222960176430485504
1222970534222163969
1222969780191121408
1222964824365129728
1222963177098485767
1222971772934467585
1222963629835853825
1222972206663307266
1222965332635201536
1222966356989095938
1222963950343655426
1222958150376181762
1222969241659416576
1222965044562026498
1222958811042009089
1222964325423484929
1222967766824603649
1222965952024891392
1222965777894117377
1222972480899309568
1222971672657043459
1222964612108296192
1222972660025643008
1222970476760391680
1222972069765242880
1222971799606087686
1222958931624022016
1222961687931883520
1222971202995490817
1222965700001615872
1222965959033597953
1222963957889150977
1222966441277714437
1222971904560001024
1222962064127168512
1222972223125893122
1222969588238807040
1222972569718001670
1222964946524393477
1222967935536443398
1222964034787520518
1222959689518014465
1222970819506319366
1222961881674997760
1222971877817225217
1222971302383886337
1222957839125229568
1222964841213595648
1222968961446313984
1222958456845393920
1222968215057457153
1222966122963595265
1222964119487139840
1222969669629423619
1222962383531855873
1222965144852082689
1222970556661714944
1222971247300096002
1222959055620202497
1222970320472170497
1222971287540248580
1222965290218278917
1222964133949108225
1222970121163022337
1222961607879188480
1222964647772467200
1222963891388518401
1222966435389091842
1222959937053167617
1222957810247503872
1222962243161202688
1222969806535757832
1222959604155535360
1222972443389833216
1222958500583813123
1222969797312503811
1222970656863571969
1222964137275191296
1222972272773824512
1222966534403956741
1222962812521025536
1222969591648935937
1222963810081751041
1222960365664899074
1222957933434220544
1222960781362253824
1222970135457210378
1222958359348989952
1222970768591671297
1222972164833529856
1222964498329473024
1222958308815929344
1222970431512240139
1222966458248024064
1222966635872440320
1222971231311282176
1222958049049989127
1222970590711074816
