1223332753795702787
1223332870665564161
1223326798827663361
1223325587692978177
1223326857673625600
1223330819537801216
1223334923232301056
1223330767549485057
1223326396644253701
1223334191527448576
1223325020341993472
1223330971635855361
1223332260025393154
1223326927412482048
1223328030115999747
1223323269308108800
1223325680110309376
1223334725504393218
1223331459190206464
1223328696066543616
1223332789963182080
1223321565045174272
1223324558314348546
1223326906315001856
1223334208560664577
1223325982708445186
1223326249176616960
1223325889825595395
1223328756779098112
1223326123066458112
1223325843667259397
1223332436739870720
1223335024545714178
1223329050933878786
1223321159837442048
1223332577148391430
1223328075942789121
1223324537762148352
1223328296236130304
1223321923272179712
1223330722854899713
1223330004970373126
1223330566281580544
1223334437636792322
1223326549300195328
1223326995297243136
1223321416499466240
1223321594711486466
1223334082907660288
1223331058529247241
1223323368910413824
1223325953050533890
1223333970395516929
1223329815144648711
1223328955312353280
1223332958112755712
1223333032905494528
1223333868830326784
1223327671272144896
1223325319613964288
1223325482667724800
1223329793078370304
1223326720029331462
1223330291173023749
1223333950107668483
1223327001768906752
1223320935899574272
1223328251436851200
1223326553544757248
1223333613476835328
1223327894287421440
1223327161135718401
1223331381465341952
1223325780064657408
1223332916245225472
1223323659579863040
1223331273743257601
1223326851952603136
1223331690959065089
1223325700704239616
1223332383455424512
