1223312768847306753
1223311749954383877
1223307099045691392
1223313295547027459
1223305689948413952
1223305804197003264
1223314334299967489
1223306082887462912
1223312478651604992
1223310767082045446
1223305469034254336
1223318673319964673
1223314565225680896
1223308270930026497
1223312551812968451
1223318888865259520
1223308915187699712
1223313423741718529
1223313042806472704
1223318765380734976
1223312078062149633
1223305029991510017
1223318537281908737
1223317606674903042
1223313945852706822
1223312915853271040
1223317979322032131
1223304989096861697
1223319685883625472
1223312028674265089
1223308757758894082
1223317924435226624
1223319377342345221
1223311994775916545
1223306888256851969
1223312536881246208
1223319300259246080
1223312449450860544
1223305917988360192
1223306003824959488
1223312797636997121
1223307503460585472
1223314136743866368
1223316285632716801
1223305170890756096
1223312855023284224
1223311007151509506
1223319119098937345
1223315639571492864
1223313972818075648
1223308150851428352
1223307901541867520
1223319629608574976
1223315334800777216
1223312072718585857
1223318921517813760
1223314750609809408
1223308979016593413
1223305598512631809
1223317248800108544
1223314412754391040
1223305521790377984
1223319150946344960
1223315611146690560
1223316362161844224
1223312848891400193
1223311496517689345
1223305670457548800
1223310015823433728
1223305828448591872
1223306289457106944
1223319926032781315
1223305587070586880
1223319077067902977
1223305866754977792
1223319205480714246
1223305836040056832
1223318186449424384
1223312800921112577
1223312357801086976
1223315711273111552
1223311759605366784
1223317905259016192
1223311600100282368
1223313420507918337
1223312840158674944
1223306139216924672
1223312490110636032
1223309356097163264
1223312362280771585
1223312133854765057
1223314611300159488
