1222342785732370437
1222345502668271617
1222350324414869504
1222353382901460992
1222352268717985792
1222348723533045760
1222348289908961280
1222349170343907328
1222340180960411648
1222341167297302529
1222338579608883202
1222341485414109185
1222343934145265666
1222349141868785671
1222351007855849474
1222345562806083584
1222348596953190400
1222349419338780673
1222341620223352834
1222350107053625344
1222345674936635392
1222348899660099592
1222341985475944450
1222351499931475968
1222352311256670208
1222341942576480256
1222342325327843328
1222340742800011264
1222343580502523904
1222351786616541184
1222342246701223936
1222350786681663488
1222342957308829699
1222348354551566336
1222341432616218626
1222340802744995841
1222344473277014018
1222345483810721794
1222347352381501441
1222352263269756928
1222338764690751488
1222352147397824512
1222339344033181696
1222341003262058496
1222350127215644672
1222353570206449665
1222347095643803648
1222342891332415489
1222340635551657984
1222349719827025920
1222343710542680064
1222348841673875456
1222349836084625408
1222349352368250880
1222343136271200258
1222342402754609153
1222350386847088640
1222349895572557824
1222348845004152832
1222349615544045568
1222349186588454914
1222341595602857985
1222343060316729344
1222349991391268864
1222342358827589632
1222343333374300162
1222348212427743232
1222342878392963073
1222345392370700288
1222341753761562626
1222353182644482048
1222340228473483264
1222348523867340800
1222349692530393088
1222345412083732480
1222341437049790464
1222339789455646720
1222347018854653954
1222347456370790402
1222342008150294530
1222342940774805504
1222349810788896769
1222347235876200448
