1223042501910593537
1223046543751643136
1223043596175101952
1223036897364103168
1223036518517788673
1223043127101022208
1223035958855176193
1223040386937114624
1223040143168278528
1223044746836246528
1223047994817372160
1223045333422239744
1223043171569033216
1223041855928979457
1223043055227260928
1223034606787747851
1223037847877218305
1223036577590452224
1223045886017769472
1223040112411336704
1223037124263514112
1223035203796504576
1223036963751481345
1223043440763531266
1223042699680370688
1223042975544094722
1223037069037133826
1223046713067343872
1223043707550588929
1223047580310855680
1223045591896182785
1223037297790267393
1223042570097438720
1223043828904423424
1223042476207853569
1223036636537114625
1223048226862796800
1223043181522182144
1223039812313088002
1223037003928952833
1223034258953924608
1223041639653965824
1223044718004707331
1223042679384104961
1223033398626791425
1223036841718358018
1223042999761784833
1223047472584568832
1223048150547648512
1223037780537696257
1223043414553505792
1223047763459313664
1223037934124711936
1223047964714655744
1223037539017056256
1223047402820710401
1223042536798855169
1223035712892784642
1223034038706769925
1223033819017568256
1223036608074698754
1223040720635711489
1223042182719905793
1223040961367834624
1223043961545248768
1223039477490208768
1223043516357472257
1223045500502511617
1223041418022621184
1223043726534217729
1223034547312496640
1223039398591324160
1223043847770361861
1223036185372766208
1223045779599708160
1223043297653846017
1223040672363474944
1223044233730383872
1223039198602547200
1223033250215596033
1223033908310052866
1223046585027846144
1223048238623793153
1223043362200203264
1223036561887047680
1223036889843818496
1223044728020787201
1223034164057866240
1223037780718014464
1223046273084735488
1223043465107238912
1223042879389495296
1223045732061589506
1223036535282585601
1223035305709588480
