1220863866457989120
1220863447094546432
1220859381241139202
1220866195722649600
1220863282610876416
1220866267491385344
1220862488029409281
1220871058628067329
1220873424928747521
1220867965949661184
1220860355766902786
1220867765269078016
1220866449662713859
1220871427160596480
1220873235543126016
1220870018197409792
1220864688172331008
1220859838839783424
1220860945204944896
1220861008467484672
1220859805310447616
1220867195410042880
1220868378480349184
1220860676551278592
1220863418665721856
1220861213162254336
1220868910611824646
1220863888389836800
1220863862494285825
1220867588382527488
1220868580461305856
1220865877689520129
1220866878752591874
