1221847960977207298
1221849716922769408
1221854886096142338
1221850732749520896
1221852837958864898
1221852116118933505
1221851096093773829
1221851949752078337
1221842371446562817
1221844642972360705
1221840556881432577
1221842707074576397
1221852148310237185
1221851730301710339
1221852778277949440
1221845051334066177
1221847476220649473
1221848361520771073
1221848547999518722
1221845699987476480
1221842385606283264
1221844357722116107
1221842435170623488
1221847438656491521
1221852169017548801
1221845819848085504
1221852607716773891
1221845844065947654
1221852234549317638
1221847898020884482
1221853821586092032
1221852646023270400
1221854273081733123
1221847203251204096
1221840422181294080
1221846514839908365
1221851686576312320
1221849438379040774
1221840402786873349
1221855021819551744
1221845102848544768
1221846600085123072
1221852467152945153
1221845501613502479
1221853583982911489
1221843125800488960
