1222371182273429504
1222377135718817792
1222373774995021825
1222371475757268992
1222379599637745664
1222377716478926850
1222371426142830595
1222370069943971841
1222373738122969088
1222375978808119298
1222381718985940993
1222376774471946241
1222378934550970374
1222380780447502338
1222377945735421952
1222371964599328768
1222381600991674369
1222376921750630400
1222370326631387141
1222372016868560898
1222378734029639680
1222380076127354885
1222378613435092992
1222372780131278849
1222370814957240320
1222380618312384512
1222378809657217024
1222376296107454464
1222375861283721216
1222374217884135427
1222375048717250560
1222370118933479425
1222368799682248704
1222378131052429313
1222369938251239426
1222368896574877696
1222375751057432577
1222375955999678465
1222370237267337216
1222374301929746438
1222378417724653569
1222371720658468865
1222382529207992321
1222378464428249088
1222376973600808965
1222375979139530754
1222373666022924288
1222375378808786946
1222373569562202112
1222370862352830465
1222370194326081538
1222368871509843968
1222369549284184065
1222383429561593856
1222377786423287813
1222370111685890048
1222376208496766977
1222369390529781761
1222381062052958208
1222376936048971777
1222381247499923458
1222378318906916864
1222377605443309568
1222380961809043456
1222369504015069185
1222378847632412672
1222373319522938880
1222373407989338113
1222376911600525312
1222371644582199296
1222374083247190016
1222375329676910594
1222369532309688322
1222376266755502080
1222383467620552706
1222369074925035520
1222370046351003648
