1223075360222236673
1223070516384337920
1223074926674030595
1223072017873883137
1223075968211832832
1223071687052161024
1223069957354741760
1223077035683110912
1223067494170185728
1223073144996417536
1223073448571756544
1223077236040818688
1223068086472859649
1223071075518615552
1223072550764216320
1223068998771904515
1223075280513839105
1223077962200834048
1223077980877910017
1223067344932466689
1223065976528343045
1223068026846744576
1223077847230746624
1223073268959043584
1223077488278102018
1223066687177551873
1223077591961128960
1223077942990794752
1223067335944101888
1223072562890117120
1223074269145391104
1223070891120087040
1223077014816665600
1223065310300762112
1223074795572617217
1223072613137698816
1223066724624293889
1223071753926131713
1223077960577478656
1223072070080163845
1223066632119033856
1223072615083933697
1223072822156840960
1223076119525543943
1223072219158343680
1223071675899621376
1223072205983997953
1223067985293856768
1223065089806233600
1223065575926222848
1223069950862090240
1223076457007722498
1223073658186285058
1223068078008872968
1223069462271647744
1223069321695571968
1223066601152376832
1223069034385555456
1223068099756412928
1223072488311013376
1223063560567316481
1223064433620135936
1223078170410156038
1223068493295296513
1223077350205796353
1223068350907023360
1223077161159913473
1223063442808037376
1223066465273671680
1223070695401259008
1223072732755021824
1223076028022689792
1223068273375207426
1223068000460230657
1223074877948624896
1223064444303036416
1223074820306427904
1223078202257571841
1223070312037699584
1223077201517498368
1223068672618459136
1223074019290701826
1223072936124284928
1223067039155310593
1223073931520892928
1223064970172215296
1223071944154574849
1223067362364153856
1223075502526730241
1223063384121176064
1223070551381438464
1223074746562011137
1223067743001378816
1223072215668789249
1223072076753444867
1223070654947217408
1223072813084332032
1223075505676652544
1223069057974505474
