1241229929477550080
1241169460112785409
1241180419653074946
1241250200766648324
1241214838367375360
1241252817802653697
1241169770516492288
1241210153283641344
1241223919039905792
1241240574121979905
1241214909532291072
1241185234416107520
1241180067084021762
1241229786762051586
1241241610504957952
1241164200195563521
1241210148783378432
1241229787110060032
1241185406411997185
1241175243990982657
1241213806514253825
1241175382444908546
1241180646107746306
1241211969002070016
1241228897062195200
1241163302606118915
1241233762869886976
1241221616064811009
1241191878235697152
1241229841455693824
1241211977587965952
1241256265147392000
1241163235425947649
1241157376041861120
1241250951119298560
1241209150480117760
1241209226183290881
1241245746097082368
1241210954177744896
1241206457544126466
1241185867839897600
1241164208588324871
1241221506794803202
1241221557399085058
1241185461554511878
1241180675698356224
1241209184412209152
1241169716141412352
1241252003784708096
1241257288968450049
1241223902325395456
1241163952924626986
1241197234890432514
1241243715777318914
1241158332594954246
1241237248575549441
1241157631907110912
1241185599589093378
1241185792367656965
1241225990640041985
1241241597880172546
1241205551658422273
1241228092225404929
1241233897293107201
1241185989604675585
1241157258727370753
1241162992219238407
1241242629611958272
1241257271851732993
1241249382051147776
1241228092367974400
1241163424018485250
1241234908242227200
1241216192980766721
1241213726394658821
1241210220271022080
1241246672904007680
1241202834273681410
1241157971754835968
1241186039894597633
1241157522821693443
1241244659579408385
1241228168020647937
1241232206808231937
1241185897464369152
1241185830502313987
1241158206505746433
1241206516352520193
1241174488752029697
1241233897272164352
1241250971994345472
1241221665901682688
1241216280767545345
1241174681643819010
1241250225274134529
1241174820328366081
1241195670062710791
1241213692747771905
1241210195100856322
1241163256648978432
1241157938359816203
1241225005221818369
1241221540747694083
1241164086848770049
1241198275031519232
1241239429345312773
1241242545977425920
1241229883646210053
1241255435182559232
1241242520320978944
1241163512426135552
1241202762932781060
1241238435228090369
1241190682850545664
1241251899241873408
1241157195561160706
1241202708087857163
1241241510030397440
1241175189079146498
1241216188803215361
1241179765333274625
1241252826300297216
1241169761800802312
1241202796298244096
1241179840792928257
1241206462489063424
1241191878193807365
1241180717440208902
1241191614137032704
1241158005380571142
1241248560831762432
1241220555241553920
1241246656571400192
1241185180015923200
1241201873715003393
1241224887621914624
1241226984908189699
1241169841408618499
1241233766791516162
1241217099126542336
1241217086053113856
1241255493332418560
1241157208148250633
1241194957232205825
1241185863754608640
1241230784893255681
1241185687581470729
1241230835535114241
1241180524368011264
1241169388708999169
1241180637962203142
1241200082395041792
1241250930516992000
1241175214534393857
1241169262817009665
1241168809572040708
1241191521644359682
1241245733115723776
1241221544690339841
1241204465958412288
1241238314180460551
1241168801158307845
1241158453877301249
1241174509807427584
1241257221478105088
1241175273070084097
1241250976050352130
1241244722468970496
1241163306951376897
1241186002288414722
1241185511462453249
1241185951789076485
1241209251185319936
1241157388641722377
1241158063958130690
1241163302832689152
1241198203296305152
1241180738705334272
1241174534822166531
1241163344624734208
1241205479671390208
1241168830652542976
1241185620422057984
1241185213717385217
1241186127815507970
1241157304914976768
1241255405692563457
1241214884261568517
1241224958677848064
1241191669124530176
1241199998521364487
1241257339270729733
1241244689124253696
1241248549125447680
1241180067285393414
1241205585464496128
1241186178507956227
1241169447290900481
1241180750713585664
1241180210122436608
1241214880323002368
1241168818480742401
1241225927855611904
1241169954944081920
1241206462141120518
1241157020499292162
1241169367213035521
1241174417377353728
1241237277306753025
1241235520497291266
1241190716539383809
1241220462396375042
1241174731862261760
1241250905099386881
1241191781976477697
1241180176278487041
1241251899514339329
