1237558035142209536
1237843095485419520
1237708945227223041
1237784316966559746
1237610265769676801
1237760778603765762
1237879225354342401
1237553043056422917
1237594180978761729
1237669052971180032
1237761173292015618
1237627857372876801
1237686581328134144
1237529924107243520
1237610556523048960
1237685800747167749
1237686732155486208
1237674779467042817
1237783788391981056
1237628172600070145
1237639743573086208
1237646082256957445
1237842986613932041
1237697545423347712
1237830575551131648
1237657468894732288
1237761881911296000
1237872908812161024
1237547389461778432
1237784954160939009
1237604729175166979
1237861001313144837
1237669028157628416
1237633339659411458
1237575444792086529
1237873508492820482
1237796560072777729
1237785180577898498
1237796262566662147
1237702905337196544
1237692067452723200
1237830752190029827
1237547159177662466
1237662418316210176
1237749319417159687
1237878919237263360
1237719896638668800
1237529081630998528
1237535193142923264
1237605297155239941
1237807842830278656
1237617451682000896
1237732428858482688
1237756042911649792
1237593548448358400
1237553403472928768
1237564196864159745
1237785214274932737
1237784266294956032
1237610867320999937
1237559415122747392
1237884011227140099
1237818907223683073
1237581254029000704
1237878700558782465
1237721112999428098
1237889866706251776
1237570202713260033
1237547608484151296
1237546659225063427
1237622711796416512
1237819259872366593
1237564955613782018
1237546533886652417
1237553005819334658
1237535124687736832
1237737218988482560
1237546541679665155
1237617114929905664
1237750078934323201
1237767821217521665
1237563852683767813
1237772623569960960
1237698052846059520
1237662368471158784
1237802218537041920
1237667959142633472
1237802100844670976
1237575868186103808
1237564405514002432
1237767698924232704
1237779296304926720
1237540749505228800
1237576762197856256
1237634476022403072
1237529748869230592
1237848766503247874
1237813303373631490
1237772497233248258
1237842185325645825
1237760874980560896
1237842554768347138
1237529974870921217
1237547573742723072
1237767719803641869
1237836477146501122
1237873336975163393
1237801878471262210
1237732094018826240
1237599545019658241
1237611026717102080
1237552586095390723
1237559112906362880
1237878659668570112
1237611498819563520
1237645285486219270
1237668319282499584
1237540984205930496
1237657687468507136
1237772162263584769
1237599759688331264
1237808316832776197
1237565215971000326
1237854642362388480
1237819150594191361
1237755133137760261
1237657402524274696
1237766793445269504
1237668499910164480
1237673906187784192
1237890403656818689
1237878999725965314
1237778163985534976
1237651286742274048
1237552879340142599
1237668076243451904
1237697855856373761
1237622291644559362
1237709410446659584
1237767418216415234
1237662569743224832
1237674308937437184
1237657779285958657
1237621943479738368
1237720853036576771
1237593233955246083
1237836548994928640
1237536144847331328
1237587004147118080
1237879536093499392
1237720203561250816
1237784396381503490
1237848707984289792
1237702628630544385
1237674846206607360
1237749366108102657
1237651802788511744
1237582595916836864
1237663042499829760
1237854944721383430
1237663195067748352
1237593628337262592
1237645843186024449
1237721083723145218
1237668860272062464
1237824909377785856
1237854516919144450
1237581953777328128
1237541575493742593
1237837677015293953
1237767627692552192
1237831192243777536
1237575650128453633
1237708501025202180
1237779397127491584
1237650670884474880
1237731691378003968
1237692298617483264
1237575520952266754
1237749730853216256
1237779417780367367
1237604637496098816
1237651332221337602
1237697842786881536
1237790939508285442
1237674938800070657
1237837031016988674
1237808417223241729
1237783909976477697
1237685838995169281
1237703694549827591
1237611264597098497
1237646174322135041
1237611566976995328
1237860833935249408
1237890773049151489
1237674162660966405
1237669266872127488
1237802503795814400
1237785239658721281
1237873290586161153
1237884921244352512
1237541345247375361
1237761378284236800
1237541870248456199
1237872011172442119
1237639231427817473
1237703215916953600
1237789475729784838
1237732806400315392
1237819440085045248
1237779174472863744
1237662606543835136
1237732017963511809
1237570814087557120
1237726435789475841
1237686397164806146
1237639371605622784
1237697823002558464
1237558652069765120
1237570726338543621
1237825491987562496
1237709292880289793
1237802385730306048
1237772899823517696
1237558340168736769
1237634640313298946
1237748955179450374
1237854399277326343
1237559473746530310
1237715349677588480
1237872351200436229
1237778189025452033
1237825387654234112
1237552544613720064
1237604907382759430
1237778851591335936
1237824909923024898
1237570332677918721
1237570856542294016
1237622132164579328
1237843317959745537
1237680655414071297
1237790465778503683
1237587188834906114
1237547493837033473
1237622593924018176
1237702826404519936
1237738305665589248
1237726540936470531
1237807770730147840
1237691882823716867
1237657230104653824
1237884371878785025
1237872312939982854
1237883982441631746
1237581342864367620
1237610942982017026
1237575637428129792
1237866365425311745
1237663412680708098
1237593901113806850
1237708437720424449
1237755930307158018
1237616087979700225
1237842567284191233
1237767111843299329
1237861571444932609
1237616385829765120
1237812829543108608
1237861605657972736
1237878705260597249
1237796786686898178
1237547645691781121
1237639868924276736
1237807092112732160
1237546559278944263
1237890839164014594
1237686019178344448
1237831061964546049
1237813475738558464
1237890122168684545
1237872455634440198
1237657355254407169
1237530427482443777
1237558257452871681
1237837345518309376
1237762053252751364
1237795494736216065
1237849882276192256
1237709663283576832
1237651542452379654
1237807700303663106
1237731471617667073
1237890516689154048
1237761483234332673
1237529765130559488
1237639248293044225
1237575352219660288
1237708694445490179
1237802193006329861
1237825295584985088
1237855422465200128
1237761239792496647
1237849571713093632
1237731460322336768
1237535305407725568
1237621863280447489
1237801462912221186
1237743099364782081
1237785034184175619
1237767753513091074
1237749969987256323
1237802134365593600
1237872510705627139
1237634199336738816
1237605329770139648
1237628403630641153
1237731892654411778
1237813421523062784
1237737395317018625
1237726074693398528
1237552837099270145
1237801542788567040
1237766562255380483
1237605333175959554
1237727009968664577
1237696908727955457
1237779337979535360
1237790209980477440
1237668164546301952
1237818928082104328
1237581581272768513
1237778343921156097
1237836795724869636
1237621813703839745
1237738573970821120
1237737483200274433
1237860942722949122
1237889925170597889
1237714880083492864
1237651836359720966
1237825933102514176
1237617132441042949
1237831175944704000
1237593154368327680
1237714876446806020
1237872510302949378
1237616818577190912
1237790139000160257
1237588242251124737
1237627832676659200
1237634178797187074
1237681049531904000
1237796610316349446
1237547221156950024
1237542037634707457
1237702603259158528
1237743107392679941
1237767782978158592
1237553395453407233
1237784497141231616
1237535406251376640
1237656617644163074
1237657364624482304
1237686040187424773
1237820106790457344
1237709582971154432
1237588246634233856
1237824833574109187
1237627898422390784
1237737735261237253
1237878986723618817
1237651390769426433
1237633662532780033
1237570113395539970
1237529928460976128
1237685880753717248
1237633925780058112
1237873043449327620
1237830596916740096
1237825048112742401
1237581232952631296
1237743036571910144
1237628284604755968
1237773047173693446
1237738238531579905
1237796535200604160
1237743809980698624
1237731644162727937
1237715208228999168
1237754977898115073
1237861584799535104
1237802121883340800
1237872522810408962
1237691950125461505
1237715157071155202
1237801165460365314
1237784652393439241
1237587754722050053
1237813068706582529
1237755493663342593
1237878746880737282
1237616537210519553
1237813421258633216
1237890478688747525
1237837337066758144
1237668525751197696
1237866001053687808
1237546751633973250
1237553064942268419
1237854906570002434
1237731725117194241
1237582059175964672
1237634107363823616
1237738322128261120
1237849706828402688
1237657762055647232
1237639471987736581
1237627513406455808
1237594046912065539
1237790415153225730
1237842919165276161
1237651084824494081
1237616561957015552
1237616491920384001
1237530166953259008
1237621897560494081
1237576404973150209
1237536157233119232
1237692306796371968
1237755808055799809
1237738384673705993
1237622506443374592
1237756135278592001
1237807104137674752
1237651724141088769
1237762104439894017
1237749340770201600
1237581648809451521
1237708542372646915
1237860808211587083
1237697275897491456
1237796161471352838
1237622131678154752
1237749600708157440
1237879288415674368
1237674854591021057
1237812771078787074
1237854525282631681
1237842684888268806
1237570067505631233
1237680047390986241
1237824511010959360
1237879653236260864
1237731708692291585
1237564065829937152
1237575356606898176
1237807607903125507
1237854714374414336
1237541810697719810
1237703367578849285
1237743946538913792
1237634089269641216
1237656643531345920
1237674326322819072
1237709377882091520
1237867158614523904
1237669372963020800
1237726637124435968
1237714255107035137
1237593610033352704
1237784870224646147
1237843448335491078
1237691337962655744
1237812854562131968
1237754977864605696
1237872107821780992
1237726049494073345
1237530108992172034
1237569643776114688
1237529513451335680
1237767514916036608
1237558709477191681
1237529450201272321
1237842198072381440
1237559259090444288
1237547435276132352
1237565261936357376
1237750028283908096
1237709235083005952
1237872711600181249
1237784983709810690
1237890340868124673
1237878625669709824
1237702834633592832
1237873282474364928
1237831225764655106
1237569782188146688
1237553031069089793
1237830572040425472
1237824447886831617
1237808202496053251
1237743702946263041
1237778319061536773
1237668399272034305
1237634137109991425
1237744135261401088
1237785167923732480
1237813479865823232
1237564011673083904
1237731741378502660
1237628225632813056
1237714477698686979
1237720449913630720
1237743506535395328
1237685826018050048
1237651340559556608
1237582077282795521
1237749747475197953
1237766893852938241
1237860993226559488
1237703539146633217
1237617477250580481
1237766772360691712
1237749818543439873
1237772899995521026
1237842709605277699
1237611186113269766
1237616893759873024
1237565224200200193
1237807322606514177
1237587672350093312
1237813115108155392
1237668650351390720
1237546512273436672
1237646135604346880
1237559158179692545
1237541853018251273
1237819440064061442
1237785222885675008
1237825999708053512
1237721393720164360
1237878567272189954
1237885043390861319
1237616267919532033
1237855636743843842
1237773206276186112
1237553186128269312
1237605300607172608
1237657577850273792
1237668403843866625
1237854676353085442
1237819888279961600
1237755468426035201
1237640457594814465
1237599092181590020
1237754973624172549
1237662464667455489
1237651638212575233
1237559406104961024
1237646328492154880
1237662435152142336
1237575822484967425
1237570932702470144
1237594161571721222
1237720052008235008
1237623016550514688
1237541663586672640
1237581313307062273
1237825845160370176
1237890336631869440
1237825526171144194
1237640071400042496
1237692444839489536
1237674854524035072
1237861332386377729
1237825177540493313
1237581686092652544
1237657548557344768
1237738096021602305
1237878458123866112
1237784962541256704
1237680790298714112
1237795969002950656
1237725688926367746
1237576654173569024
1237721104715841538
1237825215276687360
1237732471145410560
1237825563718373377
1237890408094392322
1237610475556200448
1237861508396109824
1237691543470788610
1237813739681792000
1237795372921171971
1237836363870896128
1237686409688788993
1237849593246670848
1237766687971323906
1237812989107060741
1237536295351537665
1237558680578437123
1237541135309914113
1237656776335556609
1237569862865530881
1237616147438190592
1237575998930948097
1237879217167060994
1237645674973286400
1237528900420288512
1237731728925454337
1237569934177079296
1237814272501088270
1237547556751544324
1237737811077406720
1237616703967813633
1237610996971081731
1237744424408489985
1237576610879963136
1237534903069077504
1237616674708258816
1237697205806362624
1237639407575973890
1237657648868265984
1237843536474603522
1237818651560103938
1237731644942905346
1237651986394353665
1237593305224888322
1237819083611148289
1237528938093535234
1237610203790491648
1237616314103083008
1237546814229766145
1237801840277938178
1237807821812531202
1237824779115204608
1237813282720841733
1237674900099399680
1237855137529335809
1237808236922839040
1237680818744512512
1237541261155782657
1237766881148370944
1237617073943187456
1237813857080524801
1237564381228978176
1237885139633319936
1237743654997016576
1237778293761298432
1237640242976509954
1237627865115414528
1237663526090498049
1237610400465555457
1237529035258781696
1237860233621446656
1237813014138675205
1237732291104948224
1237737760477323264
1237778570560311297
1237697381468078080
1237854907215925249
1237663030357475329
1237586954448855043
1237570810941857792
1237749986349256705
1237855242760237056
1237849424920903681
1237640012650471424
1237622295063134208
1237605102824779776
1237552221379629058
1237529559961972736
1237885231937384449
1237848762984222720
1237581434589605891
1237836666049626119
1237783721434058753
1237668994745880577
1237610471856820224
1237605023644712960
1237541885909954561
1237691065035038725
1237685524921384961
1237784278865412098
1237686086240878593
1237837547016982538
1237884779074211842
1237535275825291264
1237873105571201026
1237697021055623168
1237855138049646592
1237593429724413956
1237610527032934402
1237761169168822272
1237674833216827393
1237819661821116416
1237831272451334144
1237617031744229376
1237854340968153088
1237679646902071297
1237697646095151104
1237540686368407552
1237627995902201857
1237576809014648834
1237732114352746499
1237640248034811904
1237890424288600066
1237843796596932610
1237686183137890304
1237685960466366466
1237889962898419712
1237633359624404992
1237674821380722689
1237778038412079104
1237696891791564800
1237680562501906433
1237790436300750849
1237535939213197314
1237552527228329987
1237627726959280128
1237570730931281920
1237813362676961281
1237867095343284225
1237732727643951105
1237879250419478528
1237535334688153600
1237657503158030336
1237594181658275840
1237843246799192065
1237570667437887488
1237541538445406209
1237640331811749888
1237634681388118016
1237709134604066817
1237627433886638080
1237761063808045057
1237737391504396288
1237697499533631488
1237720437758410752
1237812876057903105
1237656877917515776
1237890650575519746
1237762053831622663
1237848464047747078
1237779225022734341
1237662254281027584
1237650897083211777
1237639692780285957
1237679715063926784
1237570852020875265
1237879263266652160
1237598635417690112
1237738448053620738
1237842357531242498
1237605107610468353
1237866130644983808
1237576808750387200
1237697218372657152
1237598576626110465
1237616599323914245
1237749382126198784
1237848577600131079
1237744185924558848
1237708484470280193
1237680424710782976
1237541827470700547
1237685885283569664
1237813354258980864
1237808174247358465
1237570541894000641
1237720634446274562
1237640158931017729
1237813005544538113
1237813479702253569
1237884636329422850
1237866739192328192
1237598892268474371
1237680956615675904
1237766503560347650
1237587218199220229
1237831783674269698
1237825752176918529
1237656526178922496
1237715560437178368
1237865958854754304
1237855846169604104
1237867132945195011
1237564259048902657
1237657900937551873
1237779094864941056
1237767459870068739
1237697880401620994
1237622652103245824
1237860808291311617
1237784812058030081
1237576825653481472
1237581258533646336
1237849768727990277
1237796023013011456
1237796774082777088
1237842533754867714
1237872644768157697
1237576502780157954
1237755744705019905
1237830491887349761
1237546664249839617
1237860132828020738
1237848896467918850
1237698086824263680
1237761491589357569
1237529702396342274
1237789450954051585
1237837466893254656
1237720383752568832
1237703484423593985
1237732173643300864
1237854357325934592
1237743459982770176
1237622644209373185
1237633813502705664
1237854621890048000
1237761689044557824
1237703618863804417
1237872656998789127
1237760807783587840
1237784694214873088
1237867590245969920
1237750196156739586
1237842450305044482
1237628553933586433
1237541039029673985
1237708635779690497
1237692217944420353
1237873517388894209
1237651181100363776
1237570893800329218
1237558806877335552
1237529064115539968
1237691204038352902
1237861172939874304
1237889916949786625
1237872455986761728
1237849600934834176
1237879435577049089
1237622661125222400
1237784924926558208
1237767720281595904
1237605162161557507
1237669162257768450
1237766541443301377
1237795733996257285
1237801773777080320
1237806941155610624
1237696849764548613
1237575721607819264
1237667980428881920
1237761440544632833
1237558861659136004
1237867389963751426
1237558525032714240
1237807713045712897
1237842592684859397
1237587798120521730
1237860355285700613
1237772883482509313
1237576791037902848
1237819616128368641
1237552699681337345
1237627832521687040
1237564757705502723
1237726372438716421
1237634383663763461
1237581295997222917
1237547268300914689
1237789609934950402
1237686128687353857
1237755988310208512
1237726784315154432
1237790398233354242
1237772539407065090
1237605250061586434
1237535788243419136
1237843536461975552
1237622253887643649
1237814222391775233
1237623093318651904
1237813576309628929
1237559180032000001
1237720316119523329
1237633607189004288
1237825685076484096
1237621906179682305
1237814230553952256
1237633960643112960
1237878089318715394
1237675088956268545
1237651932346531841
1237778390557405184
1237855153576759298
1237604335338446848
1237640607629053952
1237662535412617217
1237754592215085056
1237576406004985856
1237831301182390273
1237702670984466432
1237587167875981312
1237848829656850433
1237645879491932161
1237778084385849344
1237889833332170756
1237872682277818371
1237762121024364544
1237662526713692160
1237628142635933697
1237732261379932161
1237807473786044416
1237837298403880961
1237674455461253120
1237743279652900865
1237698254613221376
1237843582590914571
1237890860496248838
1237542104781303814
1237575898057981954
1237604881327779841
1237633414490136576
1237668319836192768
1237669112467337217
1237640573550571520
1237581329094463488
1237709810117881856
1237565093950316544
1237709562242838528
1237732559645261826
1237795834609242112
1237662283322363904
1237696798988386304
1237708568146718721
1237848787478953985
1237784929137819649
1237760807972360194
1237587679283302400
1237726431066480642
1237802226405584902
1237575889946214402
1237605102849908736
1237796635675148288
1237604355613683712
1237819330928263170
1237837819894214658
1237679632452857856
1237610166201147394
1237849428850925573
1237866487739584512
1237714859254480896
1237731552542539777
1237546676413272066
1237569916619784192
1237541563963551744
1237714208801816579
1237789895084498944
1237843087910531074
1237553325358198787
1237872430753804288
1237802486968147973
1237819972404924416
1237830378473181184
1237738377497247746
1237860384658210822
1237831611477000193
1237570764255068162
1237755116280832002
1237674209440079872
1237772778243346433
1237656567643807745
1237657763087552512
1237646023364771841
1237547292434948096
1237860988688490497
1237836771183951872
1237842869861273600
1237720139514040320
1237593854783578113
1237628386006179841
1237680424249327617
1237576526498942976
1237570008881844224
1237872402039631872
1237611382335406080
1237843041383153665
1237634148530966529
1237755749247393792
1237702938920878080
1237528900961366016
1237891019678466049
1237767540056764420
1237814226384633857
1237884870816182272
1237867175588708356
1237879590686580738
1237766596267040768
1237558110027317254
1237668512421691392
1237754730488770560
1237535024397709313
1237867582100615168
1237708874720952326
1237708370888531969
1237605351094013954
1237754851687190528
1237622664618848256
1237640053813399552
1237802209619972096
1237645939420037122
1237866567221653504
1237819784164560897
1237697684212834305
1237616465857003520
1237720035138965504
1237813135148490753
1237767711582642176
1237777903628107776
1237872007082983425
1237807729504399361
1237879065463238660
1237633541258829824
1237721016614428672
1237831527901396992
1237772144584675328
1237691207423311872
1237755955019988995
1237779359353593857
1237738582380552193
1237581627527532545
1237634656440369152
1237703807389372419
1237541014354579457
1237639358577922048
1237582575054417920
1237731875591987201
1237674602266013696
1237611260415336448
1237820177724706817
1237890738848821248
1237627882014412805
1237819792565899265
1237807226015879169
1237594189317017600
1237825991382360066
1237836406015307777
1237831288888758272
1237720219721875458
1237605572649738246
1237697311016394752
1237697452955795456
1237674283838640128
1237749185459470336
1237801655904722947
1237813768975011847
1237547242619154432
1237749227385540608
1237623135312252929
1237663370431496192
1237673981777285120
1237663320317906949
1237599542595342336
1237830965344550914
1237720442598756355
1237598673980121089
1237663236381646848
1237628154589720577
1237547750079619072
1237622626945826816
1237535091489820672
1237867565176643584
1237873181588729856
1237593056305491968
1237645310458859520
1237744005615583232
1237650968096821248
1237855452320260096
1237737232393330693
1237801157118099458
1237651941074841600
1237737743763070976
1237541178154737664
1237831007904002048
1237662964032905216
1237824548415967232
1237535255566811136
1237843020415823872
1237698246186803200
1237628691506548736
1237843758177112067
1237778050323853312
1237530213547823104
1237885374443032576
1237691908144517120
1237743234023112706
1237720902885834753
1237547686531706882
1237645620401315841
1237849278820700162
1237749315227058177
1237703535564935171
1237867427158876160
1237703241393221632
1237697260735135745
1237553701855752192
1237593920508289024
1237819792125501440
1237651051949387776
1237777974889504770
1237879246330068994
1237737278157598722
1237767376336281601
1237611574413549568
1237536018334511104
1237692399331102721
1237767082546270209
1237605309482328064
1237581695026520065
1237738560951930880
1237697307572723714
1237680471305146368
1237848708022075396
1237633826991435776
1237656978568220672
1237808136309936129
1237662541255290880
1237779413389004801
1237685402036850688
1237748879262547974
1237842575676989442
1237749256657571840
1237691573242155008
1237541232131190784
1237854542261178369
1237610233486143506
1237657418185740288
1237843523690364931
1237708429973749760
