1233952900881059841
1234208004859363328
1233929915499732998
1233913066078822400
1234202538032975872
1233953701888479232
1234216051375775749
1233941560602976256
1234212564071895040
1234025237194235905
1234084391636234240
1234236796336254983
1234038374287040513
1234230203649609729
1234222079106523139
1234085455412506625
1233943835090145280
1233975623846187008
1234159916073570304
1233905630496378882
1233905138542284803
1234242746606653440
1234215343284981760
1233906402013433856
1234187228420677635
1234217209804853249
1234018082949156869
1233924546853556225
1234000875997319168
1234241214993633280
1234249489986265090
1233934563493236737
1233997282195849216
1234073629266186240
1234158767182237698
1233996726010359810
1233927002933125121
1233952265981042694
1234149327888625664
1234214640499994624
1234221015267409920
1234185545900642304
1234041600638115841
1234096103265624065
1233957696887382016
1234165652723773443
1234255051692134400
1234018550580424706
1234014390392967169
1234211169100918784
1234120684093263872
1234221158985326592
1233961168127045632
1233993813477056513
1233952496294486017
1233908724990906368
1234220691819384832
1234000844174921728
1234236705642819585
1234136143517622279
1233928971760422917
1234233456034557952
1234115786068742147
1233999090591006721
1234136551984181251
1233908643789037568
1234135665467674626
1234096862531137538
1234187365687713804
1233957029527597058
1234034703298154503
1233989814824898560
1234015780510953478
1233963904067227648
1234266013459349509
1233952120744894465
1233963952238817281
1234091052467970049
1233980295621357568
1233992888347963392
1234099669812203520
1233937117014872064
1234213998469505024
1233954661113225216
1233950733692653568
1233960883224633344
1233911863320227840
1234118404157493249
1234218027840933889
1233970567771852801
1234233871924940800
1234058432854007808
1234040249636052993
1234155306483142656
1233950995333312512
1234059419811319809
1234088532492222467
1234192596085305344
1234211894443102213
1234097288609435648
1234208380035661827
1233986894683234304
1234164602075799552
1234101953531125765
1234231906608152576
1234113641189978112
1233925769648275457
1234101428014243840
1234242283198873601
1234056239132246016
1233905405056581632
1233906923512180736
1234242304510066688
1233927241551241223
1234096644402094080
1233935377045393409
1234157582421561346
1234208568959754243
1234108641952710663
1234116169579323393
1234027441422831626
1234146649955426309
1233933968657043457
1234150151784034304
1233925184752619520
1233947107519868928
1234136660859871233
1233915757366431744
1233992959646826497
1234078291570630658
1234124677053911044
1234050349264076800
1234032710571610112
1233927822504103951
1234085133239640065
1233923599263727616
1234006549430816768
1234117702224171008
1234058499480526849
1233932111834419201
1234187410143109125
1233917021659762688
1234038636422844416
1233992243968499712
1234025207171551233
1234266756350386176
1234131175729352704
1234216237963472896
1233918614274813952
1234238565707657216
1233963974758146048
1233924179684155400
1234131770355773441
1233907478628356097
1233974958969090049
1234046160479932416
1234161896196100097
1234163897113960449
1234033769000116225
1234070985998921728
1234195218976559105
1233943968393629697
1234161419966394368
1233973289728405505
1233932334854000642
1234235827665952769
1234045076092776450
1234254743742095364
1233935079828840449
1233982238850613248
1234139666661560320
1233947340756549633
1233975610353033216
1233969546395934720
1234165983109009408
1233975646021283840
1234129814216413185
1234059442112602112
1234181488855441409
1234265476915580929
1234221694736379910
1234018817396752384
1234158889182121984
1233906618548543488
1234212785413861376
1234044724547207168
1234158150237876225
1234132937018413057
1233986432001167360
1234007461293707265
1234153531902267392
1233938580134862849
1234107916745093121
1234128409707646986
1234209037614551040
1234145700583264257
1234200797438758912
1234110433713364992
1234135769775624194
1234050680823808000
1234181455967731718
1234262849691824130
1234137641857306626
1234231534577758209
1233969761035227136
1234071702902059008
1234030688204181504
1234139454291546113
1234175051269918720
1234127968622055427
1234194999367159808
1234107809182158849
1234156972376829952
1234243179949498369
1234002636535455744
1234190197895684099
1233928493487935491
1234161597175590912
1234114092467703811
1234197070984036352
1234210840141656064
1234093331916959744
1234019653946675205
1234210688173654021
1234194050678280192
1234173313687019520
1233960380457766917
1233911964750970884
1233972646741716992
1234254898423877634
1233939558821244928
1233942744810377224
1233996289668308992
1233954822321098752
1234260844290199552
1233956237659820034
1234116648120061953
1233991720276127744
1234130352773500930
1234202669679620097
1234154716931723265
1234195981635375104
1233928820828377088
1234104827829006336
1234145384189968384
1234226647680811010
1233934440302305282
1233937799176445953
1234027435794018304
1234056035222138880
1234159062834667522
1233936752420818945
1234161232896299008
1233963852091527171
1234132748287254528
1234180407043686400
1233975775407136768
1233942933084295168
1234174962581114885
1234046539011624961
1234260189840367617
1233921962172395521
1234163058232233984
1234085899371151363
1234019299934625792
1234001534410788864
1234122556363485187
1234034322044223488
1234038192086499328
1233960353555517441
1234024798264741888
1233914164684476417
1234026905109716992
1234241694100377600
1234136390675288067
1234045567191441414
1234077502236233729
1233932080729341952
1234085001953783808
1233986599358205959
1234237713202548737
1234016076939382784
1233982615826255872
1234131234260807680
1233917775904739331
1234175090838863873
1234155638411927552
1233966908728197121
1234086537991684097
1234018629529661441
1233963953765502976
1234168765740392448
1234014667334279168
1234093354847219712
1233992568440004608
1233907633595265026
1233979735689981952
1234230105464958976
1234227258711322626
1234176723266265088
1233904965594173440
1233917101338959873
1233934464436199424
1234223997195292674
1234255412792373256
1234036271233806341
1234130697985589249
1234261003262726144
1233982554509889536
1234072896164782080
1234028658567725056
1234204729346940928
1234186178921816064
1233917221514043392
1234134667068047360
1234205738043498496
1234102354984632321
1234150977135091713
1233980070454341632
1234255284681338881
1233950456872873985
1233927288913219584
1234221807126941702
1234266303466074117
1233907033163780096
1233913389329473536
1234198008444719107
1234205528739459075
1233925204797247488
1234167830259519488
1234149893230428160
1234204531975688195
1234156123592282113
1233991228724797441
1234227966730743809
1234033147454656515
1233969284407123968
1234122324204498947
1234065801134645248
1234084788769886213
1234190659185192960
1233917803545145344
1234114350232854529
1233923447836827649
1234131008892657665
1234128165406044160
1233917076529483779
1234148975705329665
1234083819017375744
1233980758320017408
1234065845967564800
1234085231373758464
1234073293650481158
1233951934828163073
1233991810822721539
1233967108909748224
1233947288923406336
1234240703980433409
1234170669501419520
1234085494851620865
1233988886700994560
1233905401269116928
1234222076376080385
1233944307847122947
1234204647910408194
1234249320490315776
1234135547767140357
1233967884340207621
1233978253494243328
1234185019511406592
1233959353834708992
1233968475695173637
1234266640059109376
1234031166191276032
1234219452289277952
1233941017122004992
1234079350049296384
1233940518779879424
1234134192809635840
1234132305863593992
1233939891416969216
1233932433952837632
1234125100695375872
1234033154211635200
1234124988556419072
1233959711738941445
1234186302943354884
1233931862902530048
1234132199873687552
1233986655679324160
1234209946356420608
1233913359638171650
1234104195864612864
1234223763274838016
1234155013498384384
1233941174081159169
1234013029429207041
1233992797570523143
1234140290107076609
1234198485106331654
1233984680908582912
1234010231392198657
1233965479825494016
1234088860239507456
1233937646453325824
1233908235222110215
1233926844723933184
1234112935372390400
1234074099283947521
1234170638698287104
1234132097301913607
1233929449118326785
1234027225436934146
1234123158493388800
1234076082711617536
1234180720278540289
1234102173409140738
1233998099556786176
1234125152109187077
1234215077949116419
1234141089864376320
1234110130129526786
1233977798483513345
1233979295959261185
1234044470498168834
1233950331081560064
1233972837888614400
1233977963563143169
1234190958771744772
1234254952865783810
1234035205477810176
1233954398084091906
1234177188133556226
1234189235533385729
1234254886361092097
1234026187963301888
1233995086293327872
1234096047791759361
1234265783234113537
1234066229167607808
1234106628171059202
1234016207424151553
1234043761128116224
1234119146037817346
1233944139043102720
1233997916756303872
1234141598738313216
1233905348899229702
1234079005609013249
1234128997187039235
1234144341435801600
1234005301499703296
1233925727810019329
1233980393432313856
1233980655177957377
1234161798380576768
1234141647493050368
1233908415468130304
1234189656301985793
1233930344698667008
1234052179968823298
1234230262629683202
1233954015148494850
1234031918787780608
1234047269764321280
1234170871528525826
1234138930179526663
1233954707720130561
1234164856661643266
1233967108314124288
1233997559212855299
1234145589606043648
1234063512869244928
1234097017816780806
1234000225586401281
1233944642569175042
1234031321984356352
1234018329020510208
1233940231117836293
1234078179406630918
1234042192265646080
1234146629835464705
1234135866001354754
1234121468536967168
1233974453018800128
1234026918854393856
1234232089668657152
1234095226345709568
1233969760255143936
1234099042826772481
1234096607345270784
1234171973539966976
1233916468565291009
1234029908017348608
1234080695800041478
1234233425776627715
1234017812051615744
1234109881138974720
1233921337468637184
1234216721797537797
1234071828118720512
1233919114210447361
1234170962083483655
1234040665102663681
1234248254063304710
1234145382470385670
1234266158477561861
1233999303565135874
1234229928003948544
1234029480890585093
1234212131232534528
1234072332953513984
1234166528175738880
1233994192465981441
1234020018670776320
1233936910588022785
1234127841798840322
1233998234013462528
1234103953136193546
1234124136537968641
1233911226306121732
1234129591104462849
1234185981164761088
1234214550989410306
1234031578549899264
1234094996669837312
1234090215024844805
1234266295660474370
1233967900114898946
1233961162770796546
1233907609876541440
1234108224183336961
1234016303293313025
1234001009749483521
1234051771288387588
1233964328266715136
1234117141835763712
1234032270094110720
1234240833307774976
1234160870961250305
1234136956394602497
1234011110111662080
1234236080527937536
1234108848627208194
1234098791978012673
1234187961798995968
1234198628534648832
1234176210294362113
1234200259351343106
1233955827678973953
1234266329823272962
1234183736092004352
1234108128800542721
1234105099334639617
1233963941652566016
1234031589568458752
1234031632383979522
1234175361040211968
1234114561650806786
1234053029118103552
1234026287485902848
1234190742614093826
1234260860744454144
1234081366045753344
1234142220980064256
1234011495400378369
1234135095876952064
1234148647937462276
1234248705865207808
1234146980051509251
1234038017263689728
1234052658694164480
1234045482059608064
1233968987001651200
1233949306274496512
1234225156362526720
1233976009801682944
1234211858942431232
1234153109821124614
1234122539846139905
1233981400996384771
1234158542669504512
1234037274784010242
1234186237860339715
1234001348913315840
1234117328519847937
1233953009383591936
1234207050365714432
1234164341827612673
1234059498836447233
1234085839220674560
1234015964255092736
1233993911216959488
1234076328116269056
1233956379221790722
1234180871005097991
1234118946065965056
1233951457054949376
1234015864086618112
1234128718882320385
1233963839860936704
1234107916967383040
1234085687269433344
1233947853384536064
1234072511052161025
1234183669490864128
1234119474384711682
1234091303215878144
1234100331891564545
1234146613377019904
1234224333561696256
1234102079066529792
1234146190939316224
1233908347579125760
1234085507199459328
1233929584745185286
1234015803420266497
1234065620196458498
1233906323751948290
1234175143779454977
1233964299477028865
1233981270444695554
1234178695662899200
1234223048775131141
1233951281867296768
1234089749754925056
1234037288092491776
1233915797963042817
1233974748469657601
1234098897926205443
1233943765318021120
1234095678483243009
1234005570132246529
1234047816420466689
1233963706108784640
1234044227723632641
1234074198001274881
1234141310962913285
1234007719817940992
1233975199025942528
1234051798589034498
1233952122485518336
1234192261711384576
1233936352678268934
1234148525690302464
1234099082831908864
1234201751328149505
1233971386588073984
1233996254645911552
1234228349263917056
1234062183396499456
1233999046160928768
1234173797009436672
1234024656690126858
1234108683153530880
1234182041907843073
1234025524873220096
1233938549323337729
1234166231365754882
1234094603936157697
1234002107717443586
1234128399519621121
1233963475845746688
1234113567844184064
1234213028201103360
1234234191908397058
1234163270346473473
1234141012555173888
1233954493324132354
1233998566265425920
1234209088642277376
1233945735277748224
1234197962525376517
1234149555333001216
1233932503372558336
1233926336391057409
1234234383030247424
1233922724793286656
1234090530071547904
1234176377458286593
1234193094385512450
1234216314740363270
1234222296161804291
1233969018148655105
1234024863540473856
1234110962485125120
1234185950072311808
1234017738370187264
1234187941074931712
1233971085307043840
1233942669254107137
1233924649874055171
1233946655671480321
1233952641157386241
1234242709331873792
1234107797144526848
1234187627982659585
1234148126098939905
1234237940710035456
1234176678659788801
1233932998174740481
1234015944386596864
1234185911539159040
1233922784964698113
1234124835548254209
1234095420508340225
1233950463600611328
1233953929572028417
1234234894643015681
1233932747984363521
1234169592899043329
1234035298604081153
1234125563545235457
1234051853861752832
1234103531214340097
1234211705447542784
1234146902335033347
1233975163340951553
1234228040500035585
1234177800489308160
1233905696250433536
1234197913330429954
1234225991909658625
1234151444418322432
1234226784645705728
1234166125111455749
1234084306403782657
1234029776739983360
1234140570051694593
1233985583556415488
1234156776813101056
1233914599512170496
1234033350240694272
1234012388975837185
1233920291010732032
1233975166511640577
1234089182450135041
1233954862368534529
1234143830296924160
1233971042609029126
1234123379902439425
1234218758127833088
1234024993823920128
1234241989261938690
1234266702805901312
1234208885164122112
1233927069467197442
1233949725658959878
1234152192719949824
1234185093629038593
1234128294775160837
1233939816087261185
1233965110101712897
1233928811366014976
1233974263637405696
1234225011679875072
1233997396608241664
1234223008568528897
1234094328362029059
1233950175833415680
1233905438015590402
1234138658925576193
1234154224142839808
1233980279536091136
1234125843540201474
1234031621080276992
1234187793921757184
1234190673831583744
1234192493480157185
1234047871894188034
1233964171160674306
1233961364206518275
1233929403601567744
1233925223839195136
1234159676167573504
1234080199651680261
1234209975506853889
1233943191008747525
1234196783204618260
1234216019650019329
1234150925935292417
1234212307863048195
1234045008250052608
1233958063289192449
1233980272066080768
1234004338852466688
1234140592910655492
1234137632235556864
1234001357389983744
1233958039855624197
1234059091644993536
1234078047797686272
1234175914201812992
1234161508285911040
1234169657575084032
1233958676425297920
1233922668719529984
1233947986197004288
1234180965892706304
1234082839525822465
1233934871648563200
1233991722981642241
1234181579389440005
1234137952722325504
1233999045548367872
1233937668209143809
1234011155309289473
1234238421658243072
1233992518490107905
1234107362589499392
1234024912450400256
1234243119614439426
1234043007776616449
1234202180493561856
1233921999430443009
1234221606953791488
1233979087959580673
1234188748650401793
1233996124777615360
1234103927148351488
1234044553809874946
1233908058541219841
1234196475552264192
1234121548417687553
1234152824256258056
1233970540748136449
1234128659641966592
1234182038942445568
1233988306670628870
1234148379342622720
1234193260957978625
1234172420010852352
1234134975328337921
1233998421561892865
1233946699103637506
1234233112541966336
1234093357930074112
1233954526404763651
1233946004724080641
1234163090595438593
1234038991902646273
1234265809255641088
1234116300185751554
1234158999144194048
1234183880019673095
1233983145151782912
1234123055368220672
1233967612356263936
1234215175357706241
1234119442977693698
1233934778128371714
1234203081522454529
1234005677607182342
1234239461975842817
1233995443115302913
1234201510604660738
1234248142297747459
1233945048565387269
1233923602673807361
1234239438974259206
1233918036005937152
1234260985277566976
1234103665499222018
1234131019734773760
1234144692822061056
1234012385712566275
1234266102403936257
1233993397897236480
1234198318919475200
1234014508655546370
1234097831218176001
1234039639364816896
1234135348395073536
1233971526334058499
1234157713296437248
1234150128811958277
1234033562011066368
1234092334519869447
1234093340980850689
1234210843878973448
1234232601063325696
1234120836900163584
1234022728472158209
1233913703311052801
1234174845476315139
1234017483813601285
1234238999407054848
1234179526881574913
1234043668950024192
1234240427085180939
1234151224183681027
1233929325273067520
1233959536152731648
1234068134946070529
1234080197005250560
1234167117592723457
1234058191551393792
1234169354377449479
1234078783751278592
1233905478524010497
1234103906306752519
1234028292958670848
1234155836466962435
1233922812794097664
1234237030332346369
1233982990096773120
1233980295520628743
1233974728689430530
1234170636370665482
1234002134317682688
1233925765609197574
1234113745942650881
1234028617320910850
1233940574304112640
1234027886836953088
1234191499052625921
1234214903424131073
1234126945501274112
1234233277805887489
1233982231795970048
1234038681167704064
1234058145846132737
1234109765430599680
1234141273314996225
1234155308978540544
1233939993372041216
1234137372872323074
1234106162762539008
1234244014129451011
1234204711898812423
1234037648362295297
1234197448144408578
1234120314696671232
1234058911411511297
1234143525664542723
1234002509242519554
1234119126852886528
1234155809073922055
1234039082788978690
1233916469416644608
1234162921397215238
1234112823007027201
1234214122432192517
1233919085286711297
1233994543776878593
1234080431391281153
1233922090073559040
1234119859283341320
1234202658887610373
1233906024756674560
1234038149233270785
1233905322558971904
1234152881302986755
1234147298084454401
1234130993969324035
1233927011846021120
1234138017985703936
1233924360618086400
1234136285100552192
1234141659371331584
1234010942255448064
1234187986939633665
1234150403400355842
1233937734739337218
1233946855085461505
1233969548048687105
1234149959840206851
1234242982397796352
1233953002500886528
1234084106146865152
1234148456257683464
1234154336776790019
1234119136914968576
1234141615247306752
1233923726732910593
1234187403243462658
1233981391760764928
1233947992245391360
1234150353853128704
1234063038430445569
1234079869115551747
1234002910503006209
1234120422129623041
1233974745152073728
1234145605188014082
1233961599590948864
1233974024159391744
1234240965176647680
1234127905430491136
1233968798811557888
1233995456243326976
1234165670478307329
1234020792666480640
1234142460626030596
1234224516638834692
1234052750918418438
1233917271174610944
1233907080777437184
1234147265691910144
1233914666696482816
1234056531810799616
1234069306922749952
1233980178411507714
1234004093716353025
1233934862345592834
1234232042264465409
1233961375992442881
1234117187016642563
1234205885829804032
1233923596663148544
1234242635348500482
1233989802401206272
1233907942824394753
1234206469853261827
1234047431354048512
1234203458946945024
1234096516522037248
1233959946720595969
1233981787593900034
1234227808269934594
1233970261126348801
1234114117931356166
1234218414773764096
1234166058094694400
1234043756158033920
1234076458068402176
1234025902792675328
1233918687771578368
1234030821222207488
1234023761768308736
1233919400601776128
1234007805197201408
1234169187016179712
1234044658625458176
1233979682212597760
1234176703309598720
1234125655052292096
1234151371718324225
1233947797902299136
1234050455560323073
1234020162258526208
1234240032204038144
1234112882218033153
1233944691328069632
1234226365316112384
1234214622007218176
1234155257933987841
1233947556821917696
1234052637244481537
1234085541978812418
1234170352244228097
1234033170082742274
1233929530957389824
1233943065062146048
1233955940153454592
1234145506345017345
1233960446559956994
1233973510164242438
1234080476421394434
1233939832398807040
1234203853576269826
1233906721522843649
1234109729917591553
1234048838131830784
1234035265640861696
1234201746047672320
1233958146072350720
1234011622227595264
1234059857080279040
1234222339618791424
1234202214643752962
1233931704492056577
1233922031051296773
1233987724496883712
1234091670980960256
1233922343933743105
1234166417022386176
1234160515242434561
1233963627318775809
1234184021602598917
1234202147920572416
1233913717630361600
1233999510625406976
1233925704389140486
1233944240218087424
1233923953678323712
1233990026427432962
1234044710358044672
1234028985765507073
1234056980714573824
1234146781409271809
1234090834171236357
1234005263113314305
1234079364356112384
1234129736890224642
1234138559344500737
1234206355679956992
1234078746480533504
1234171736599322626
1233907321891364875
1234126361310220288
1234103922341679104
1234230307475394565
1233989359180943361
1234218041329803267
1233910354306007040
1234266495053713409
1234130763630743553
1233962732073840640
1234014154131939329
1233989701016539136
1233999125437272065
1234090251561394181
1234060939659317248
1234138861531516932
1234186742242000899
1234053051456966657
1234024145295466497
1234243205727690752
1233992158165831680
1233979508899958784
1233984021434007552
1234108694364815362
1234184956567605249
1234019535579209733
1234082093879234562
1233923335752425472
1234241014887567362
1234201198401662982
1234152804467531776
1234113970321199106
1233978364693766144
1234047414987702272
1234040954459447296
1234071033315045376
1233989659795099648
1233926759734628353
1234182262117163008
1234215769921159169
1234015347948294144
1234243813343928325
1234121551399858179
1233909227393036289
1234025040636792832
1234189885197537280
1234152587705774080
1233984248731684865
1234004828382056448
1233961355868327937
1234143110239666176
1234202470542446592
1234018148296404992
1234051471257239552
1234214347410268160
1234122507973775361
1234209265746878469
1234236523429666816
1233990191641088000
1234095638096338944
1233950668991475712
1233924519624003589
1234051686861160448
1234237235840479232
1233944250091360256
1233923782353571840
1234082385492312065
1234111141850308608
1233926913707651072
1234114237011763207
1234035737936486400
1234158327682260992
1234003914401468416
1233923319222689793
1234125403398209537
1233952943730151426
1233986167030374401
1234233689422417920
1234067597261406208
1234215763688460291
1233927469427765248
1233935704675225601
1234149399955148801
1234249039195131905
1234204195684835328
1233987279644807168
1234112197112029186
1234206995718311936
1234079109384261634
1233939483340439554
1234096798815395840
1233985571661303808
1234199125052338176
1234125440832491523
1233914270628405248
1233988580785082368
1234071941230628864
1234152996386287618
1233966569211875330
1233983558454300673
1233934391128117248
1234143874773377024
1234159927066812419
1234156765975121926
1233977869497274369
1233953847569244161
1234044805400932352
1234058111159275521
1233952747336040448
1234136427421630465
1234130560697524224
1234089397131317248
1234096774081634304
1234200908130607104
1234194061407477763
1233963655043190785
1233969714604519424
1234092498915487744
1234120023137869824
1234114034070253568
1234127528819744768
1233906280571580416
1234141475132170240
1234087414248833025
1233986873283923968
1233933415788843009
1234103010843738113
1234193864996610049
1234002966094503936
1233970272450953217
1234200724252352518
1234139952323186693
1234216590687731715
1234093920184946690
1234024193513185280
1234243595588096000
1233923482532052994
1234107940065267712
1233964503244500993
1233959927934095360
1234025456698974209
1234018671460114432
1234211133139144704
1234205678895534081
1234032517226860544
1233963695383793667
1233994869435068417
1234046793723367425
1234253916952547329
1234204400866013184
1234221584111501316
1234097764524576768
1233931915838644224
1234218546449633282
1233958908311429127
1234236751591305216
1234070255665926144
1234197369471864833
1234021319748079616
1234002613970112512
1234098546162511875
1233923332606701571
1233917374979547137
1234063464206725122
1234107299964346369
1234085542351949830
1234058652417429504
1234092114012712960
1234192869537320960
1234045203226320897
1234171897211957248
1234136167831896065
1234082145418629120
1234165649099739138
1234221651283398658
1234165406606163968
1234141064040194050
1234027967963000832
1234166137329520640
1234027867157225472
1233952502535553025
1234069902727827456
1234112511487758336
1234144148053221376
1234160342718189568
1234029404520505344
1233946007680929792
1234173335732355072
1234208494414372868
1234101648596885505
1234203420170608642
1234205857061228545
1233982336271880193
1233920515191996417
1234123550707134464
1234131694921207808
1234030620877049861
1234139585917091846
1234093714039021568
1233935463234162688
1234130796924923904
1234212691713150977
1233908833765949444
1233969901842259969
1233924421900959744
1234079153902641152
1234002219260923904
1234060798365962240
1234242240257646593
1234121652948127745
1233984484493668353
1233961348431667200
1233980654041337856
1233969402661548032
1234166876856602624
1233909277393223680
1234073614409961472
1233971682345443328
1234053012949258241
1234176513567678464
1234001531176771585
1234228632526229505
1234112650122006528
1233962395766226944
1234200511374647296
1234231744041299968
1234096637619949569
1234114441370882048
1233972417342603264
1234160246093996032
1234091094498926594
1234125954127204354
1234024577539432448
1234151707409412097
1234188157110845440
1233958327056392193
1234040843008389120
1234124547328073730
1234153838548045829
1234024797207769088
1234028372159684609
1234094672303226882
1234090889301065728
1234171630043222016
1233953143391739906
1234031496723357698
1233978392325828608
1233960116719800320
1234172129299619840
1233936400346730496
1234130512316420098
1234015585182158848
1234060952263262208
1234124762219196416
1234200760197566465
1234120227572441088
1234124742715723778
1234125040280424460
1234148151251988480
1233912908184199169
1233954938050490369
1234239961307787267
1234086081785663488
1234039316525068288
1234142665748467715
1233937319410970624
1233992094928293888
1234183111233228802
1233981835115401216
1233908939403726853
1233923554837549056
1233959632621600768
1234207818309361665
1234168272917913600
1233945982145978370
1234034600092954624
1234163137290625025
1234038269685297155
1234107986118873088
1233908788358369280
1234198723963412481
1234260386137985024
1233969342620012544
1234134964138119168
1234005959749636096
1234082210673766402
1234215900699660289
1234071726088183808
1234174841554657281
1234092686287802368
1234199446822494210
1234240433045282817
1233955794854404096
1234173431488425984
1234005296546058240
1234183554734665733
1234138468328054784
1234062962639417344
1234011850544754689
1233924106921353217
1233987467138625536
1233920601829629954
1234166434181283840
1234178606613639172
1234095479597735937
1233961405763600386
1233937988868026370
1233969631565578241
1234222862652911616
1233912415030562817
1234178705099853825
1234131017826553859
1234221636515180552
1234031111006752768
1234220791883010048
1234240572497551362
1234082337551503360
1234237793020370945
1233987033531445253
1234190162298638336
1233927436137570304
1233925291149611009
1233991794767093760
1234121776541708288
1234172839273672708
1234141288750075905
1234144051944968193
1234014680747773952
1234151475883859969
1234173500019085312
1234135194971582470
1234117337894150144
1233923797134249989
1233966057955692545
1233976460664279041
1234038683768098817
1234230712875745281
1234153984589471749
1233982051084328960
1234046621979013121
1234106286997954560
1234200749200068609
1234079488591327232
1234148441892233218
1233978314114715649
1234088854505713665
1234148570065858560
1234012881303195649
1234194685440274433
1234158437396811781
1234066114029723648
1234141646205276160
1233981400308703233
1234102232251031556
1234050828320854017
1234134359168475138
1234181449839808512
1233975282446430208
1234177311945003008
1233947293377867776
1233982809485737985
1234040873261969410
1234202412526821377
1234241000610070529
1234240576549269506
1233930336104411136
1234167702639398912
1234180829611528194
1234206425062268936
1234017341635039232
1234059343399489537
1234011918991491083
1234225931197218818
1234135126096871431
1234229684449267714
1234230970875703297
1234187720395763712
1234024477647888384
1234149591878164485
1234138667565899779
1234123626518962176
1234096836106997760
1234190332721537026
1233923501356023808
1234131372945682432
1233962039585988609
1234134441724973057
1233998008678674434
1234177022081060864
1234171486627385345
1233931311452229633
1234107275519893505
1234115213508710402
1234091932676165632
1233937944962109443
1233930123990069248
1233974758846287872
1234219299683762177
1233981690365775873
1233978322020859904
1233923340345069568
1234224497886187526
1233979392419778560
1233982987269627904
1234004570080022528
1234096888082817025
1233909590452031489
1234180673738424320
1233975434561249280
1234236666329600007
1234165339585417219
1234047158955003904
1234046084617560064
1234156372905820160
1234169725279563776
1233980320795353088
1234156115673223169
1234087695325917190
1234011798992371717
1233953774840025088
1234260694700363777
1234170416794652674
1233994263651856390
1234186615330889728
1234141650324033538
1234248746227130377
1234092545036234752
1233964381278326784
1233918284174708737
1234125799487344640
1234213453444845569
1234184283771875328
1233952119138529280
1233991022134407168
1233907823282720773
1233951245494345731
1234019200038920192
1234222000832491522
1234146241694425088
1233984905702281216
1234162543674957824
1234164050231095301
1234218915120611328
1233945958096031745
1233923864159293440
1234108097854988293
1234080952097366016
1234113810568380418
1234199444838477825
1234079582438866944
1234178936264908800
1234224849888788480
1234160610599784448
1234221315273449472
1234215595870183425
1234196532234088448
1233911308879196161
1234188777624678400
1234179301068677120
1233907964160856064
1233906435685322753
1233943848239284225
1234253942592286720
1234068858652241920
1234191462084026368
1234117781819400192
1234052656697470976
1234178730131587072
1233952011386789888
1233947457484050432
1234238728580685824
1233993718983798784
1233946558099591169
1234018097348169731
1233984335860183040
1234057266115960832
1233916394741403659
1234166024267677697
1234120093157724161
1234079599832829953
1234102710628159490
1233985600719597568
1234009427742613504
1233998369057579008
1233917828392112130
1234259740785508353
1234117290892910593
1234182153375608832
1234189770034536448
1234227527461167105
1234096883301310465
1234266251024793605
1233952933764423680
1234010988166418433
1233933308708311040
1233982712911925249
1234254765783212032
1233963766481444866
1233971171739062276
1234004472260513792
1234230727623004160
1233987211009216516
1234044684487610370
1234248910715129857
1234197353516740610
1234082241061371904
1234007758040526849
1234051831862562817
1234215887684689921
1234083880937889792
1233940665966321664
1233956917313200128
1234105575786590213
1234197918158028801
1234178090131083264
1233920820701007873
1234099940680273920
1233907772393168896
1233965450846859264
1234092532381954049
1233922378679365640
1234157306650284034
1234130700464533507
1234236281237987336
1234217375060226048
1233951061863432193
1234053392206639104
1233986318415220736
1234170988272607237
1234096905791115264
1233982976645648384
1233978804076343296
1234122895791517702
1234089395847942148
1234228660594339840
1233946909972320256
1233931303491235841
1234130849148203008
1234112648331120642
1233923906211323907
1233945993772556289
1233984567020806145
1234069478041845761
1234100315055509507
1234045598619316224
1233908412393484288
1234055870348251137
1234211303402745857
1234005585349070850
1233905791725338625
1233920903181819904
1234201257096683521
1234181724369833985
1233957138290139137
1233980939568545792
1234158561732841472
1234163446201167874
1234255403455860736
1234088512464572421
1234127329648992256
1234063509815562240
1234148014115057665
1234113737792999424
1233944050744475648
1234103379011481600
1233926460177403904
1234116618957000705
1234011135424237569
1234175987954438145
1234008217417637894
1234138331535093760
1234133496563675136
1233991997586919425
1234095336219664385
1234206173219344384
1234091473328594945
1234021680919588867
1233996977165172741
1233944067320537088
1234216505438621696
1233916191481176065
1234017378305863681
1233957801761873920
1234179857904521217
1234180829460353024
1233918246681763840
1233994178461339655
1234171553866244096
1234045940886986753
1234159374068789248
1233933617287458816
1234240968045531136
1234167527795822598
1233962504495226880
1234173422848151553
1234219373138731015
1234032337802821632
1234056843355443201
1234138024516165632
1234018414739546117
1234033751048540160
1234214061337927680
1233965417548390400
1233971673402986497
1233932173364711425
1234238798600589315
1234103472879853569
1234145440892801027
1234041313844133888
1234243653289332736
1233976045528846339
1233951708868419585
1234060904502710272
1233952315628871680
1234143757118763008
1233966722119540738
1233958299042766853
1233947223026737153
1234038880787222528
1234121742119002117
1234137900364599299
1234235765808189442
1234241732524609536
1234205921489719296
1234039433856458752
1234070756348264449
1234043711262093313
1234017373612580865
1234169007844052992
1233928750183510018
1234005649836646401
1233961820077068288
1234084180750983169
1234061016322887680
1234118116403224576
1234068993704513538
1234222746894323715
1234201449200017409
1234085147038769152
1234178537457881092
1234005820976721922
1233967541250211842
1234033213493825537
1234229062274555905
1233959565319966720
1234078962130788352
1234057279969865729
1234004136045105152
1234113953585860608
1233986322294951936
1233971384650362880
1234136607005036545
1234152531770503168
1233992437544022017
1233910122948235264
1233969197773983745
1234122183561097216
1233988919378636800
1234151192898482178
1234217656636456961
1233940775181987840
1233972194243497985
1234092883184979968
1234081726671900675
1234136971544391681
1233979468982689792
1234134156981833728
1234114409850720256
1234125300008701953
1234124698704891904
1233927934345302016
1234249302958059521
1233917888773402626
1233927973692198912
1234097740122087424
1233923829937758208
1233974678038835200
1233909596940623873
1234031600725159936
1234205001486151683
1234057404343414785
1234238201214197761
1234038614037794817
1234091054745313280
1234065894122434560
1234113786551816199
1234211461502771200
1234119617414664192
1234152692030693376
1234178285048881152
1233924426376171520
1234209887950757888
1234217992235315200
1234183220196859904
1233934166338699266
1234190670342037505
1234096729936429056
1234112542110187520
1233950260910796801
1233949287492571137
1234158397240463361
1233973489910059008
1234162970319609858
1234046213294559232
1234186940355948544
1234234624298979328
1234221625966350336
1233918598965420032
1234032014157844480
1233911302524784640
1234119176891052033
1234182693832794112
1234208799319298048
1233959750578180097
1234052944603107328
1234137888494886912
1234059826856001537
1233922080086876160
1234004832345739264
1234200653062275072
1234075012556087297
1234089144395161605
1234100425692938243
1233957640876654593
1233962952669192192
1234211526342512641
1234232599536635904
1234061944417484800
1234227071162998785
1234218438152871947
1233958153626144770
1234232671343202305
1233982701113421824
1234013135180193793
1234127660470505477
1234192146707701760
1234120971369504769
1233912438405390337
1233915158919045121
1233940348965134336
1234100435113463809
1234026525999214593
1233988757038100480
1234106165329526784
1233911132173168642
1234248414327603201
1234113411342049282
1234238554030690306
1234226713317371905
1234235336332652544
1234255001482145792
1233919817217953793
1234125681530953728
1233985736568950784
1234146751398936576
1234079667872817152
1234221317429301248
1233963737272504320
1233914626502463489
1233964358457163777
1233933773407866880
1234177580439228416
1233996126941933568
1234158091257753607
1234137486118596608
1234198207674142722
1233928482780012544
1234018702250717198
1234184137960980480
1234083582727118848
1233917777133686787
1234203431730020352
1233946210005811200
1233922234634256384
1234235213804425216
1234091077671370753
1234039702082056193
1233922873116577794
1234204864655347712
1234254149757341696
1234115111952015376
1234091018477195264
1233980668951982080
1233953931199418371
1234218823701684224
1234181417342578688
1234171247447158791
1234185152521277440
1234135717401563136
1234009313900781568
1234154622266171393
1233952204157071361
1234199545850060813
1234043435889373189
1234192285811847169
1233968118525054979
1234136502478635008
1234017839490719748
1233929925691789312
1234207137745821697
1233905196834676739
1234121741280129024
1233969800331898881
1234073877476790273
1234207759517634560
1234173018852687878
1234193565099622402
1233937652618891265
1234022524272463872
1234128147454529536
1234175144999997440
1233984469239050240
1234074032246579200
1234111967251587072
1233998739762634752
1234197841800810496
1233984733048180737
1234177069925437442
1234120680855212034
1233975620889186309
1234152336760745991
1234121769105154050
1233950500728557568
1234130675177009153
1234075147054678016
1234183311322492928
1233955303361777665
1234123554934992897
1234065580317138945
1234102180560289793
1234107708531408898
1234108889299214337
1233917732007092224
1233929480005128197
1234065569101402112
1234017076119048201
1234051349131735040
1233923653299036160
1234168991360409601
1234214214706745344
1233975188393324545
1233935249156894720
1233955185686220802
1233928524785967104
1233921501025521664
1234216290459561986
1234145923267166210
1233994083313442816
1234122930524696576
1234123201808150528
1234254919395401728
1234176966913339394
1234111749269393408
1234009590980702209
1234158769518661633
1234027671090151424
1234084565423181826
1234086276011261957
1233923843930165248
1234095387172052992
1233985284250861569
1233928254387560450
1234038238869766145
1234031549076647937
1233908173133819905
1234118752737820672
1233938314257936384
1234017482903629824
1234151261856878593
1233934412129144838
1234238536783544320
1234078316438728704
1234230596098043904
1233936509457387527
1234179643248390146
1234180880387604482
1234149774393212930
1234180277053935616
1233971976873684994
1234234758042918912
1234007216467759105
1234069709538066434
1234078212453478401
1234206488404615168
1234012074944212994
1233931455752884225
1234242332725088256
1233975567906693121
1234017832314249216
1233984885120958464
1234149223882526721
1233940561171640321
1234014374064312320
1234210510675087362
1234213136149839872
1234217573119614976
1233919870091157504
1234233085882880000
1233920113142792194
1233905698616074242
1233926506994229250
1234178360827211778
1234123757628936197
1233981768895795201
1234042859814375424
1233996235645890561
1234047265075089409
1234216128529956865
1234135271836352512
1234131717209960448
1234115404169203713
1234233309225537536
1234207290120638464
1234172623518482432
1234065077382217736
1234193151721721857
1234233317802827776
1234065553809166336
1234032720654872576
1234135447569235969
1233951049871806464
1234092651823104000
1234051384028389376
1233908475056599042
1233954301032194048
1234037577121923072
1234043707860668416
1234240494525349888
1233925432275341317
1233982556422516736
1234106516409589760
1234190769931481088
1234000086964719623
1233967026286268422
1234126854509842435
1234110589166858240
1234236819635654656
1233939955686113282
1234158654745710593
1234226025770311681
1234102925837979651
1234130555156877312
1234241440185610242
1233911561225412609
1234118967309922305
1234182799898349569
1233916568637071361
1233963223235407873
1233957910129987585
1234011554544156672
1234168055703506949
1233957558555041793
1234025500227424256
1234151918705856512
1234169324518232065
1233984587853746177
1234162800554958848
1234001560654340096
1233960965848301568
1234066272918224896
1234010938375901186
1234219599165448193
1234125560516755457
1234124636381753344
1234130540044832768
1234190626574389248
1234072533239918592
1234149633246584832
1234138575102365696
1234005272370262017
1234232293524328450
1234137758580408321
1234003605683920896
1234035948335357952
1234000936244305920
1234221857861251078
1233906696369688576
1233970063771914241
1234156353536450560
1233925705223766021
1234200755717885952
1233929940426317824
1233952946355875840
1234185281269567488
1234174160399716352
1234144381764079618
1234146671564595204
1234051568074461184
1234255045140545536
1234189977011003394
1234083653388513282
1234007440523431938
1234126437755621376
1233982504492830721
1233943593590673408
1233973742939840512
1234163564077895687
1233930096521596929
1234161276013572097
1234109107214471169
1234204261065510913
1233913057073680387
1234018176725344256
1234071971698298880
1234149076733767680
1234003659073081344
1234126050042548224
1234168004860092417
1234043869819482112
1233928084866379776
1234141191538642944
1233944817366978561
1234043340112269313
1233964276651581443
1234039450658754562
1234241612051554306
1233912475822608384
1234030576945881088
1234111724552278016
1234242740411682816
1233912187426611202
1234052182992924672
1234209879134478337
1234121324290854913
1234182314680152064
1234078000666165248
1234125291318120450
1234079997910028288
1234205028425990144
1233906103991373824
1234085995760508928
1234010531058634752
1233920023338635264
1234072046063112192
1233937033049104385
1234233652894195713
1234028937229021190
1234096573224833030
1234197808892149763
1233953084122030086
1234000088923459584
1234159624569282560
1234107880506155008
1233974516029829120
1234205360568725505
1234011907088093184
1234087204407762944
1234242312449990658
1234031974597066752
1234241140934823938
1234039377354985472
1234154025353973763
1234195311045857280
1234051614408757248
1234167057459171328
1233956020084342785
1234265579890126848
1234205254876639234
1234150890472443911
1233923254806405120
1233996536041934849
1233984258441527296
1234236008536985602
1234158833800503297
1234014249783058432
1234232449288351744
1234171615866281985
1233934157304205312
1234117881656496131
1234119195731939328
1234192350571847681
1234224517377032193
1234102270641557504
1234157167583911936
1234053115307053056
1234046897259732992
1234146886547693569
1233945672425988096
1234136070180286464
1234215334481211392
1234102321665146882
1234165349722910721
1233993697152208897
1233982869497757696
1234010212278919168
1234134534293200899
1234215950276276224
1233971372512206848
1233912391005589504
1234115337362210816
1234196490190495750
1234127778955456513
1234249296167436290
1233939312980316160
1234118923408302081
1233940741316993027
1234079222668374016
1234167931640176641
1234220507844825088
1233974644421492736
1234139246702649344
1234173734816272384
1234090044144726016
1233922371289001985
1234011381382381568
1234134958077366272
1234149875798945794
1234237121604374528
1234183181433221123
1234079145736359937
1233992603193921537
1233986259820789760
1234122680653242368
1233952532247896064
1234184467025137675
1233967801385267201
1233956258610368512
1234055444013948928
1234147442884579328
1233971612627722240
1234133556051333120
1234243737045344256
1234106232518127616
1234167208944816129
1234216808380538881
1234038468218630145
1234106150343172097
1234171421384822785
1233992183662829568
1233916637964730370
1234167004875173889
1234153385051295744
1234053935964422145
1233941356046741504
1234187313480994816
1233917619348103170
1233951236572864512
1234216926639009795
1234241016246554626
1234146836119793664
1234062215092682752
1233953616601341952
1234107581867544577
1234175501545197568
1234046961667452928
1234203388507828224
1234119400501858306
1234071701027262470
1234011540833099777
1234174342461870083
1233989844520488970
1234254502238261253
1234216578641612801
1234131545071345665
1233984911884705799
1234093833182269440
1234227665277612038
1233962608413364228
1234224852313112576
1234214990803898368
1234203996119851014
1233974136877150208
1234018052464922625
1234131468021981185
1234218468720791552
1233946728853692417
1234107803431653377
1234149429352988673
1234098778090635264
1234049494016307200
1233910377596907522
1233925498536783872
1234189069443325952
1234125306887331847
1234219027125268480
1234018551733743616
1234058236044750848
1234045449910120449
1234025366911627266
1234037010102439936
1234013105719521281
1234229154444345344
1233919300492316673
1233958488671281153
1234161618835120129
1234154846296645639
1233951644183859206
1234079580727709696
1233929642291056640
1234114516344020992
1233940756756221952
1234019069440995329
1234008142134022144
1234234505319211008
1233974363570855938
1234244096119787521
1233925758365683716
1234143258948685824
1234009669116596226
1234107842895974401
1234001605424504832
1234210955317403649
1234148291815837702
1233954482435739651
1234112400682446848
1234086464956313600
1234145610619609090
1233969176240365568
1234118883411472386
1233966458914258945
1234044453305884673
1234053573987749888
1233956511703060480
1234105735019024384
1233965322908004354
1234089352998871041
1234143961486368768
1233971085038632961
1233982562801999872
1233939662173020160
1234202592252760067
1234186160748015616
1233994369881034752
1234127252482396166
1234100941365948421
1234194591026380800
1234016790868561921
1234065227802710017
1233962670174461952
1234254873241112576
1234260311546396672
1234096611040604160
1234078295794356225
1234216432164012032
1233933105251135490
1233943782091100160
1234039166750658561
1234164204409483264
1233927638705737728
1233959301447913473
1233943705041723398
1233948183165718530
1234161998004289536
1234265493403385856
1233975456854106117
1234243712105971712
1234183439844302848
1234018545488424960
1234028788855508993
1234052922448719874
1234007759508721664
1233952541164986369
1233980000254091264
1234166334738419718
1234096776535302144
1233921517064462336
1234016633468813312
1234169303466958848
1234159496316014593
1234236196819214338
1234158665952743424
1234090767653724160
1234165724819660800
1233933074334797825
1234185803984752647
1234160524075528192
1234242782920761346
1234102717179580428
1234195781969539072
1233913807002644480
1234176389152202754
1233981363658752000
1234103594531663877
1234021232896380929
1234121914764808193
1234128286344765440
1234182719367761920
1233930784626683906
1234059355986780160
1234088479870586884
1234038564771504128
1234178167008567296
1234166849560023043
1233957489458188288
1234186805555191813
1234000744166109184
1233969942124326912
1234211782526427141
1233927257183399936
1234221546908024832
1234153260451319811
1233983776130248704
1233980886288236544
1234225027798618112
1233960816673804288
1234228816693878787
1234189741618188288
1233923705358520321
1234233508995969024
1234150795756523520
1234165543948734470
1234078904853377024
1233969769960943617
1234130933575553024
1234066614116470784
1233952876428451841
1233958023225380864
1234086818792067072
1234157694803570688
1234058994202734593
1234056295403012096
1233905259078201346
1233912070866952194
1233930772643491842
1233995145919549440
1233961866755497984
1234152173614882823
1233974849116262400
1234138911829610496
1234065849172054018
1234094222128635905
1233964337452072961
1234232422604034048
1233915205958025216
1233950797119021057
1234239498155778053
1233924205210566658
1233940106651848705
1233994369356705792
1234237133377826817
1233923004314406913
1234075403347791872
1234198522792005632
1233940040092471297
1233999886799867904
1233938906380480512
1234066554280534016
1233957089824788480
1233923017433944064
1234123411917438977
1234130802889371648
1233911956714795010
1233987030079680512
1234014237598650368
1234067643394674688
1233936854023573505
1233949178818109440
1234166792739835910
1234174714916098048
1233929953885863938
1233958197087440896
1234112644942041090
1234260368932954112
1234240519825436679
1234266668844666880
1234216258117214208
1234005682522902529
1234120472276520960
1234117880045764608
1234154772053229568
1234011953280036864
1234131548858986501
1233910664458100736
1233918183699931136
1234137138775482369
1234178385707966464
1234049545711038465
1234165420107730944
1234103089336143872
1233919183295012865
1234076680496414724
1233968699587145728
1234198674558849026
1233963661070360576
1234218803950690305
1234050393434292224
1234044673758552064
1234036930741821440
1234180521430700033
1234072690593431552
1234181157933211649
1233956899034365954
1234081577438777344
1233951367837945856
1234237716977635338
1234129792682930180
1234130924775731200
1233911541562560517
1234068684450041856
1234260897402478592
1234142461834006529
1234028814868590592
1234188129260752900
1234168703823958017
1234137154818727936
1234242231231557638
1234143195388370947
1234260423253397504
1233937277904093184
1234165123859832832
1234124926661091331
1234085490208448514
1234111533891776512
1233946638743482369
1233934683370508288
1234076617019994113
1234092784832790529
1233946215332622341
1234090553127600129
1233933654444912640
1234093768757960707
1233990367189573634
1233930169833971712
1234161423577600000
1234130004797280262
1234184030423322625
1234199946854834177
1234086943547199496
1233906609073598464
1234200214749286401
1233918092289462272
1234010903282114561
1234186481373253633
1234184607475601413
1234018455541702666
1234057826806333440
1234196601142272000
1234155580996149249
1234120923273261056
1234053242377691136
1234131087011569664
1234114069986250752
1234126737929273346
1233992125060145152
1234129296408465409
1233935793808445440
1234207679507099648
1234139533295456263
1234225638384513024
1234228184498860033
1233915314146074625
1234240636800229378
1233966448667701248
1233916213245489152
1234133825019695105
1234117259720826880
1234107367333269505
1234225820081836033
1233993023819743236
1234170945020911616
1234208507823632385
1234189256769273857
1234089892889714689
1234206825551159296
1233976885148819458
1233991429455843328
1234122677364891653
1233947655480467458
1234106911970275328
1234080697213566977
1234102789707632640
1234177911080595457
1233997745683402752
1234024725669527553
1234172540525928455
1234172908806836225
1234179882973900800
1234158951668776961
1234017437680574470
1233957699584282624
1233959139019304960
1234150584527335427
1233998143907217408
1234180892081500160
1234234875844190209
1234207326476947467
1233976475721723904
1234237316622954496
1234148100937310208
1234168619258568704
1234119111979995137
1233963112174215169
1234227335844397056
1234150965265059841
1234186747577274368
1234065867970879489
1234195159362883585
1234132681945780225
1234182395596886017
1234154138281267200
1234175479592210434
1234235134133534726
1234172348225540098
1234144114414780418
1234169259951038465
1234208618423123970
1234135086024384515
1233940583229599744
1233945821332353031
1234216245899096064
1234066973669109761
1233935955800752131
1234048829621755904
1234215597782786049
1234211227540348928
1234208311874027520
1234197425419624448
1234017373860003840
1234102366972055553
1233957024183881728
1234110408857915393
1234266411964432385
1234185823148527616
1234074126035439616
1234051914607681536
1233986616579899394
1234013017760837632
1234179670700150785
1234066175471972354
1234030758089633792
1234235448786128896
1234204510341468162
1234060930981548037
1234202263033405441
1234243386737143813
1234058950296948737
1234161168312201218
1234074367044313099
1233925410649280512
1234104822514769923
1234069576310251525
1234265920794550273
1234093878925561857
1234240385225879552
1233911244018589696
1233936692370800641
1233930847532675072
1233904808387465216
1234129690752880641
1234007236139081730
1234102624095436802
1234126897161719813
1234110945426837506
1234123042915311616
1234213775429062656
1233909978198663169
1234090154547187713
1233963767685357570
1234096004170993664
1233936440444145664
1234101926398062592
1234202328275791878
1234104252664078336
1234072519398871040
1234055244541243392
1234010485093171201
1234051985533546500
1234166495493677056
1234090309933522944
1234234640287666176
1234127612580106241
1233985177426116608
1233957966992142337
1234193113343832065
1234079674117976065
1234155655868690433
1233975561669705729
1233910758771220484
1234016433480314880
1234025257352212480
1233905431577231360
1234136735400882176
1234081824290332674
1233985727836241921
1234077999911329793
1234059810619957248
1233908634641321984
1233931688578879489
1233928731460276224
1234119885837520900
1233979299025190912
1234085243189178368
1234216523998224384
1233966378350239745
1234211511595343875
1234172398175498242
1234028056165126145
1234207448824594439
1233980783733485568
1234113535933927424
1234052326433775617
1234026282511405065
1233937371004989440
1234115714295922691
1234212276493783046
1233953542160994306
1234212492458549251
1234266487692591104
1234098539405463552
1233986832041418752
1234149769389297665
1234171078316089345
1234004472562515968
1234023150368759809
1234194052616089601
1234051452483637248
1234175578053468168
1234174219212251143
1234195860411625477
1234151871180353537
1234165197117353985
1233929465534828545
1233932962284044289
1234063327950602240
1234039089101336576
1234181608611008514
1234025814175277059
1234132980953755649
1234090272813920256
1233923973303242753
1234181547881791489
1234187520130396165
1234217596733579264
1234243320781643776
1233935621657448448
1234055296651268096
1233929187225894913
1234148467481681923
1233919738914406401
1233916340148158464
1234131314569170944
1234153983884898304
1234190529178558474
1234115801818464256
1234148408564293635
1234167864590000134
1234181413500542978
1233962678567292928
1233967747626754048
1233985262272774145
1234047452946276354
1234181008909533184
1234260343272222723
1234084451673616384
1234018206299443201
1233983095075897344
1234248462738362368
1234079142980792320
1234227351568842752
1234065259700375552
1234038065678688256
1234145363893854220
1234016911773569034
1234125174477336576
1233917676222697472
1233926074633015296
1233951158349201408
1233951685627826177
1234169726684647424
1234220554690924550
1234166562296225793
1233941123103645702
1234084043693551619
1233945736347181057
1234238381841932289
1234217668758007809
1233929766635393024
1234260938628509697
1234215065802465280
1234153995461066754
1234057054630875137
1234173053812211713
1234174432677105666
1234051662244798464
1233926851837358080
1234039043337310209
1234114548166057985
1234216920632610816
1234004285882609664
1233974866124005376
1234199338588336128
1234221728840110080
1233918305510932480
1234132789794164738
1233996524016697347
1234115972560191490
1234122312422756352
1234109564288524289
1234052047269507072
1234073282699255808
1233907649621692417
1234108337886769152
1234174490130755584
1234031661412765697
1234195827490467840
1234181152300294153
1234186698369765383
1233964247450779648
1233980608080158720
1234141669915844609
1234172163638333440
1234037828977184769
1234079347075620865
1234136324606611456
1234111214139117568
1233937356908105728
1233924639371464705
1234109787333365760
1233922895237148672
1234111215670059008
1234119360974872576
1234168345135648768
1233957764629590016
1234110100316577794
1233982075797213184
1233940177174908929
1234033462266429442
1234191532565188608
1234065884198658049
1234209014776565767
1233967985515122693
1233964626448207874
1233975000425811970
1234029550402560000
