1222541605267111936
1222525911548882947
1222528563468890112
1222372630986219520
1222543749051379712
1222511864761860096
1222314628140503040
1222327152793804800
1222321389815787520
1222594652785774593
1222560843403010050
1222591189842649088
1222534327201910785
1222615604282249221
1222606986929430528
1222326601616064518
1222557922825207810
1222396744111013890
1222593232674140165
1222664918723440642
1222455838297640960
1222476863911555072
1222563488221945861
1222637926493884416
1222656526080327682
1222374551050321920
1222633770278432770
1222655639928942592
1222349584363552768
1222648585734500355
1222368601749049345
1222361915143274496
1222468108285370369
1222550418934263809
1222576348629172226
1222341802931433475
1222667399138119680
1222370257479688193
1222361370747797504
1222321357096194049
1222501562515218438
1222443661696413697
1222460955159941122
1222607161257332737
1222514243406266375
1222514348117065728
1222522210901839872
1222632836672315392
1222541896385429510
1222427376279310336
1222386533572857857
1222577977717919744
1222666172300242944
1222350356098813952
1222342341056331776
1222396749882568706
1222373789671002112
1222417343638200320
1222634277478850561
1222501997577998336
1222335944927219712
1222616901743980544
1222492355103731713
1222508000335814657
1222528182458486790
1222526900511199232
1222347234055868418
1222404059581149187
1222341642390331393
1222650852927778824
1222641855017304064
1222345934526246912
1222412290126991365
1222404009639792640
1222521805081993218
1222360269944500225
1222634285280243714
1222527538884304897
1222369358669725696
1222583792910721024
1222443142030323712
1222345781086244867
1222406799300542464
1222631931734396928
1222453338035212288
1222609371668144131
1222568181761363968
1222590696978206720
1222335234890399744
1222374513490325508
1222324952550072323
1222641401503965184
1222522363071340545
1222599179895214080
1222370327465881600
1222526874544373766
1222409209829978112
1222344872612352000
1222490091823648769
1222471060701896705
1222537194746863623
1222384845608882176
1222401973422567424
1222482287834664960
1222558690206679040
1222607190839693314
1222397604295659520
1222338187089063936
1222485466966102017
1222478831279173632
1222510492062769152
1222376520523579393
1222581292266508289
1222368249171578881
1222381593509031938
1222601194104901633
1222497925164462080
1222390351987716096
1222562896883830785
1222666043212148737
1222472300991258632
1222537012596465664
1222342000508162048
1222377124062998528
1222646625484464128
1222391791267340288
1222377571284701185
1222632187813683201
1222485180780204034
1222599066296766466
1222538281243553795
1222511050823741447
1222558805155831808
1222556148139798531
1222631533808422912
1222339768287145984
1222486044072792066
1222329872909062144
1222350391800561664
1222465684887654400
1222345302973259776
1222523318768553984
1222488063126970368
1222599029965512704
1222623231267524622
1222515915528470528
1222449733907767296
1222325576171569152
1222350247638077440
1222444709773103104
1222443070928707585
1222475316410621952
1222530832704819201
1222551906364596224
1222562761030492161
1222368664353046528
1222605493711130625
1222394962744160256
1222655085110538240
1222565177368801280
1222448011525050369
1222396962026115073
1222533792180723713
1222569527541686277
1222366959976747008
1222452461983563778
1222577611924299776
1222319365317545984
1222560409799970816
1222446481493413889
1222472289704464384
1222564047821737989
1222461510448009216
1222584512690958336
1222547292084789251
1222400641709953024
1222614908438810625
1222498235367022592
1222627226694430720
1222469415574364161
1222546668224045056
1222400961114771456
1222487533831032833
1222457750959116288
1222367680209944578
1222566226280558592
1222633950725754880
1222557921692786694
1222641301084164096
1222498684614561792
1222404806486085632
1222322686895906816
1222334125006315521
1222311545922822145
1222490848799219712
1222335520077778944
1222413921858080771
1222361209518903297
1222632985243111425
1222410288831463424
1222497482023690240
1222571001592020992
1222561170864910336
1222425490557820929
1222367340760690690
1222406577279381506
1222473082524143621
1222352152779034624
1222450425556807680
1222535120105738240
1222594126086131717
1222394040441868289
1222533418379956225
1222594028610342912
1222588579156615173
1222545970770006016
1222531089933070336
1222503749697994754
1222485489988571138
1222444887586627584
1222396681574109184
1222625098575892481
1222354574541017090
1222491265918369792
1222665069668061184
1222665906398138368
1222529421682212870
1222479090311020544
1222415278631313408
1222348396482088961
1222503214752444418
1222524645292810246
1222529874096685056
1222533811759509504
1222544568479961088
1222361238371520514
1222665919090085888
1222657291457044481
1222492732846936069
1222470852660334592
1222418988183031809
1222405265456234502
1222534948973838336
1222321566131924992
1222642952016498688
1222531477998428161
1222602987182460935
1222527693587144706
1222442410724274176
1222412673658298374
1222516989274411010
1222583086065602561
1222423751024881666
1222533328609271808
1222528942269059074
1222487766430339072
1222356738525016065
1222656880599879682
1222414588085448704
1222465479756873729
1222484730215428096
1222576753148907520
1222608152874704897
1222591418247663616
1222622137413926912
1222334982028496896
1222338564941201409
1222438026791419905
1222419638820098053
1222442646729216000
1222345210040143872
1222491353252233216
1222528254873083907
1222607046778015746
1222526783762898944
1222532054157381638
1222415186188959744
1222349429484793857
1222485672184991745
1222632132641583104
1222340722554261507
1222326963227901952
1222444553459978241
1222598527450341377
1222616598349058048
1222547255229419525
1222535594095460357
1222617097760579584
1222531477088305155
1222558855734886400
1222323731483119616
1222461011157905408
1222608665498333185
1222427609692196864
1222403774108405760
1222524603001556992
1222529148519739392
1222642823863980033
1222546037694271490
1222493703736111110
1222538223886327808
1222340932869083136
1222383972635643905
1222557925677256704
1222403036531826688
1222546831412023296
1222505339146395648
1222577276224704513
1222600203544514566
1222387706547695616
1222366339433521152
1222342040836395009
1222564899538243584
1222453860243050501
1222376559794769920
1222540834026901504
1222390758797266950
1222406610234040320
1222383293515141120
1222607647586779139
1222535885813473280
1222357730070913024
1222463837405757440
1222544463261851648
1222516926687039490
1222575085959237633
1222479708438388736
1222478308035584000
1222594184957374464
1222332915100651521
1222609385895211015
1222342290921881600
1222379155053928448
1222435678748737536
1222523467796447234
1222403936860110849
1222489042085806080
1222531746773655552
1222583460792958976
1222547328650760192
1222506339168968704
1222477689556275206
1222626095817809922
1222354989420511234
1222612531883044864
1222509863651201025
1222491635814105088
1222454836945272833
1222541399654051841
1222469703496396800
1222486502946541568
1222379765291573248
1222535220722851840
1222386271391227904
1222470472991797248
1222360007976443904
1222375442394386434
1222433635548061696
1222616289077874689
1222659081485242368
1222562309094232064
1222551799975968770
1222522455748571137
1222576200549392384
1222538998200946688
1222564945633607681
1222551645575426048
1222313446596734976
1222353097592274944
1222453122167136257
1222462195797282816
1222570983556444160
1222649119778508803
1222582674050600960
1222418187792211969
1222575080003141632
1222626704117682180
1222537520350662656
1222463289914822656
1222546237787983872
1222347949692399616
1222475725615190017
1222434702524502016
1222332520366252034
1222552727345082369
1222570107123179522
1222667196809318400
1222504271813496834
1222547296749064194
1222445854310551552
1222443499900952576
1222570348098596865
1222576564249907200
1222394323574104065
1222614439305805824
1222386743447437312
1222486006819102721
1222622572321226752
1222323518177714176
1222552800510394368
1222373088404344832
1222532258289999873
1222438438663643137
1222491257340977153
1222608664416202755
1222378330831433728
1222427347191644161
1222405533883224064
1222641212408070146
1222397810596696064
1222347817278029824
1222558847103131649
1222413895781871616
1222361924261818368
1222552161952788481
1222648000188747783
1222554223851622410
1222415663836299264
1222520405346455553
1222462973656096769
1222403594642579456
1222585025050230784
1222501944394010625
1222444873527115776
1222544252581961728
1222656825398571008
1222536954140557312
1222634320772268032
1222348156853243904
1222514163542626305
1222596785333362688
1222550244208140294
1222558012159643648
1222470110264225792
1222624761618083840
1222432125510504453
1222477283652460544
1222395162095050752
1222609200221769729
1222570123812360199
1222544301776953344
1222624366585880583
1222512762657693696
1222551927155761152
1222616638631174145
1222655647856152577
1222670554605506561
1222585810601611265
1222516588794064897
1222368922218795015
1222645442262990849
1222359398925905925
1222424499230052352
1222607005774426112
1222454785288343553
1222373678807048192
1222600964378693638
1222554425023033346
1222636728252583936
1222412187030953984
1222360043334463489
1222544136860925952
1222458246415503360
1222598452422594560
1222582783064858627
1222349710356307969
1222634355262205952
1222517019896995840
1222553081705115650
1222498044064567296
1222426627436470272
1222498463620960256
1222583048082010119
1222415898188734464
1222657446008827905
1222350436574879744
1222558553472323584
1222491077099302912
1222325127838412800
1222346126793289728
1222328516164800513
1222510815166681089
1222477092777906177
1222472580319178752
1222512676598882305
1222581346285039617
1222387474627952640
1222326635120164864
1222451849913077760
1222532801658007552
1222635993091563520
1222572811434127362
1222600288114221057
1222364408623575041
1222378812417200128
1222485969938649090
1222578213345361920
1222460999116062721
1222360691949989890
1222456142242119680
1222428757077692417
1222424168815136768
1222642761574125569
1222356427148288001
1222597657102671873
1222497408124362752
1222376254394863620
1222611641667186689
1222423161934884864
1222320961455894529
1222508160184750082
1222464163177361408
1222398034165649408
1222308378984103937
1222555544843702278
1222379278156935168
1222570098134781954
1222349443426549760
1222642218160271360
1222340539837710336
1222628252142862336
1222628639918915584
1222583979422801920
1222489356960587776
1222485550369665024
1222444375168274432
1222347831568031744
1222668618900500481
1222576374122049537
1222322302597107713
1222333470011097088
1222317975795093504
1222453587847987202
1222424333932363776
1222433892155772929
1222604510327119872
1222578015999287297
1222387656044240899
1222322792864989184
1222507829124165632
1222380849506717696
1222576228508557312
1222484949938233344
1222353528229941248
1222527450594381827
1222550794215415809
1222591808905142272
1222465886478655488
1222320635357073410
1222445827614003200
1222400780029890560
1222316697417322496
1222595033939005442
1222405024300589056
1222517031167119361
1222466821694967815
1222389825929539585
1222361889058869248
1222481121658753024
1222553395497750529
1222535693827788800
1222525182725591041
1222632253697585152
1222648911929712640
1222625045408894977
1222535320433901568
1222414370518396935
1222575606451228678
1222462002062413824
1222379088628744192
1222536570915282945
1222652146694402049
1222525344818708483
1222657764809461761
1222406194964373505
1222386875161165824
1222656948136378368
1222334388022796288
1222595234057674752
1222557966513188864
1222414225340940289
1222649186614513664
1222337344688226308
1222574041644589056
1222592318991032320
1222642787373527040
1222646885011226625
1222591939087872000
1222341882023301121
1222349689112211457
1222526092021362688
1222541200793559040
1222371574084489216
1222517361120546818
1222444733181521920
1222352151684567042
1222537251072036864
1222540723259691008
1222351580776689665
1222408570173440000
1222668509013889024
1222654152846860290
1222666989631680518
1222457715596750849
1222545984242085888
1222619047147208707
1222608052601479171
1222338267691081728
1222552059263758336
1222499274954432512
1222359513317036033
1222537966137954305
1222529650984800256
1222445591097114625
1222464625267994624
1222570345225506817
1222445605831634945
1222463071475523585
1222624302383747073
1222534625148448768
1222564300629430272
1222478494103416832
1222402194680377345
1222546229005111296
1222558695453679616
1222532325281452033
1222632715926765570
1222589027536310272
1222470488510943233
1222491933701918720
1222463617498378241
1222535787662565376
1222607646257115138
1222562517123260423
1222649698307182592
1222573672495321093
1222667195177558017
1222511275256598529
1222369882156593154
1222377045453197312
1222513516642357249
1222599366214590465
1222583766058586112
1222481813441933313
1222443398868557824
1222319668943192069
1222416925730340865
1222489484639363073
1222364843476312064
1222462080319705088
1222582675820597249
1222354987373801477
1222603164383399945
1222668644888535040
1222547006846980096
1222430556870316032
1222367684349743104
1222346102751535105
1222599549358870529
1222446583582797824
1222367556910174209
1222367668466081793
1222310167494168578
1222395507860889602
1222489520538472448
1222471238817370112
1222665617347698690
1222540923332190208
1222511556535050242
1222646828937760781
1222523070025322496
1222558870008025088
1222490390357372928
1222606509915262976
1222437898198441984
1222313249787514881
1222631738968440832
1222624088952320000
1222626013798195202
1222529283228303367
1222666991674314755
1222507143833755655
1222643081121583106
1222615153910472713
1222598587940511748
1222540170227961859
1222498140709720064
1222577386023276545
1222625827835326465
1222384762809016320
1222396567963029504
1222563296244428802
1222549115646742536
1222359868742369281
1222559033980178432
1222630934413021190
1222591463407718401
1222612061051637761
1222355098254348290
1222426083888332800
1222436119561699328
1222609062942126085
1222558796314238976
1222473743534034949
1222340366730498051
1222384979713282051
1222310709796540416
1222581223819763712
1222551905597038592
1222650586048290818
1222498970246635522
1222549209515220992
1222523545038872578
1222384693297012739
1222646342251511808
1222394684812644353
1222551636561649664
1222564386989936641
1222348128315215872
1222369175127150592
1222436058270519296
1222476940872798209
1222354193500868609
1222388914100396033
1222568063263887360
1222543715136262144
1222471185923018752
1222485496061943810
1222634066761089024
1222665981119483905
1222374068734824448
1222486787882475520
1222529015413706754
1222422230816018433
1222608725283831809
1222364064258523137
1222657269885739013
1222564534059028481
1222507878436634624
1222537476285267968
1222463761270759432
1222414752334270464
1222504813432332293
1222552033624043520
1222596700558315526
1222668608095973376
1222420757571084288
1222394131088986112
1222523644951367680
1222315506994118664
1222616260648882181
1222312922099146752
1222424834535313409
1222507702359752706
1222641242422550528
1222325011932778496
1222641905256804353
1222421203245289473
1222355841531006976
1222445782692814849
1222447480526163969
1222341070803083264
1222527447448588293
1222558800533585920
1222545118294491142
1222571228784943105
1222541377780756483
1222622849480957952
1222350488886054913
1222642555562708992
1222399773711290368
1222611525917126663
1222349704450596864
1222526026770632704
1222389013602086912
1222663959192301568
1222470194758483974
1222557562593259527
1222424968388063233
1222486831364812800
1222427834758524928
1222510558622015489
1222544362334113792
1222414025453178880
1222318936819146753
1222477866174009346
1222404842209136641
1222632115696594944
1222396478695469056
1222552484775956481
1222462166541860864
1222434394213715968
1222542601208897536
1222611891291226112
1222581012275900420
1222463482521628672
1222405168735506433
1222472938466705408
1222540825973923846
1222607168341454851
1222393107733368833
1222659714183462912
1222340109850177536
1222420877591093248
1222454874656387072
1222570216065921024
1222539803121651712
1222634118728515599
1222647370313154560
1222608640835715073
1222386563033649153
1222534829750788098
1222498058300203008
1222406013417967616
1222482633138921473
1222600020421152768
1222534252023119880
1222527288887185409
1222568061615648768
1222387390108430336
1222431850267922432
1222583541818646534
1222523043890835456
1222500539910492160
1222512754319413250
1222337398492815360
1222614321802424321
1222568725427171330
1222557635658113024
1222662764277260294
1222463148902506498
1222372944472674305
1222492852443394049
1222317571044564993
1222311648821563393
1222615842598408192
1222569886158856192
1222359301890682881
1222626428447023104
1222588905352040448
1222529189334544384
1222408989318582274
1222658010549383168
1222327467165220864
1222452029987213312
1222536557556404225
1222625779718201344
1222312397337178116
1222497449748516865
1222654332933373952
1222641712629190656
1222520158310162433
1222551884826906624
1222463655670951937
1222563341517742081
1222445096089423872
1222519710685618177
1222609726724345857
1222341585217585155
1222356531208970242
1222506405141340160
1222327730735386624
1222355450882068482
1222415252823986181
1222666764896501760
1222528432019558410
1222551598754172930
1222584399780294656
1222382788751441920
1222547968907075584
1222511732603490305
1222403269525327872
1222656664710656000
1222361283355467776
1222444379668803584
1222668206306775040
1222417963220901888
1222637625980391424
1222505289645264896
1222512301225345024
1222350461216231424
1222641650746310656
1222528477787840513
1222384846464524289
1222474103627689985
1222564026992848896
1222377587546046465
1222480842435563521
1222403682311950336
1222404539783032832
1222409708675293184
1222568588567105536
1222377153070817281
1222529546794274817
1222469169595256832
1222630504123387905
1222482705754968065
1222442350275743747
1222561083371728897
1222470570744434689
1222607025818996738
1222491371547680768
1222647581999685634
1222578871045885952
1222658966020227073
1222377120761929728
1222591387729678337
1222405906874470401
1222559773297496065
1222384756689489921
1222486583208640514
1222575853227233281
1222512478262743040
1222314443209695234
1222656279333801984
1222336271944765441
1222589490310418433
1222529210905956352
1222506932537262080
1222342299490734082
1222532307577442304
1222534936273522688
1222470150625976320
1222633216923918336
1222517443324628993
1222576595879317505
1222412909680050176
1222528893598478344
1222378876992512000
1222543691765563398
1222511713183916039
1222554084785500164
1222546456659148801
1222461948064722946
1222665191608836096
1222317269973422082
1222410281386536960
1222407945725652993
1222585620624822276
1222521078498590721
1222347370555265024
1222631943373615104
1222521261395365894
1222348047369240576
1222558322907205634
1222414387551408129
1222431230270103552
1222394408030502912
1222558093881401346
1222607929964187650
1222330055835164672
1222544440985677824
1222402015814242304
1222444364619751427
1222400430719864833
1222370175149735937
1222537757450477568
1222614368552202240
1222444569406648320
1222606507973521408
1222421891635470336
1222654711200919552
1222403406809137152
1222389742496632833
1222614968027295746
1222528994215632896
1222528816712601601
1222445452571766785
1222552615755636736
1222534945974947846
1222553315201949696
1222477331148738560
1222435963324043265
1222471521505042433
1222522705951350785
1222606126874841089
1222638938654941184
1222453278396637184
1222334812955955200
1222334468704342018
1222399320705527808
1222566311676370945
1222334052826566657
1222554542803505152
1222510305676120068
1222345460750249984
1222627299880730629
1222657042915217414
1222348741140799489
1222558888844832770
1222609757758021638
1222640600715010049
1222540500168667138
1222556945950724096
1222434231789342720
1222323377970479104
1222471218265194496
1222485739176284160
1222327038419161089
1222634029419122689
1222522693024698369
1222364617642369026
1222635437031690241
1222392674809810946
1222394428708417537
1222560008908550145
1222377701157167104
1222516518522519553
1222394425764020224
1222337417253814273
1222506142334537729
1222369084290920449
1222343228567048194
1222617085232193543
1222607268912488450
1222407632134328320
1222601810466095104
1222584886541934592
1222486806651863046
1222577044145524736
1222563557713182720
1222491276852912128
1222479183101689856
1222407196140539904
1222494116782559238
1222498009943904256
1222510842513674240
1222565111912652801
1222392088634900481
1222308756446273536
1222589799586058240
1222617159786024960
1222587369972551684
1222552215493259266
1222341451348049921
1222543231692333057
1222410668923473920
1222413874051158016
1222591433649065995
1222442214959116288
1222395439774715904
1222498207101378560
1222485255086624769
1222462417642434561
1222601852023341065
1222385708574240769
1222429353595809792
1222394128995979266
1222493717011083265
1222552854713393154
1222505127296356358
1222596456059756546
1222540390764404741
1222610274890518534
1222487055839760385
1222541132367847425
1222504107543494656
1222453681318051840
1222540938402156548
1222615817759666176
1222658995212546049
1222600028667174912
1222315877061652480
1222667592525078529
1222395080327168000
1222404709341810688
1222504390487085056
1222552452966354945
1222511488985747456
1222364551309615104
1222617995647696897
1222595696533983232
1222442933909172225
1222329704147038208
1222657669825093632
1222484979969658881
1222468571198099456
1222631468146446336
1222554506875015171
1222461995305189376
1222598132074086401
1222452014996541441
1222355752712646657
1222397072017633282
1222666661498630146
1222489382155845632
1222351928501424128
1222316516965830656
1222427992900669440
1222510697793380353
1222624001010200576
1222600033515790342
1222537565422489612
1222384071893872642
1222357224653086721
1222415375276527616
1222658069756358656
1222416564470681601
1222346685705113600
1222517099630739457
1222563661346004992
1222470503111131136
1222337615992627202
1222564097872539648
1222525855642992640
1222402192511864832
1222542349764612096
1222339885673041920
1222542928725315584
1222546823543435264
1222423461223489536
1222591446580187138
1222584383510601728
1222602684055859201
1222611227563548673
1222348132584972289
1222646721672433664
1222551930964258816
1222467075014156288
1222342143693463552
1222470695084363776
1222534374543020034
1222604575154364416
1222471629348855809
1222569537968705536
1222369641772802050
1222494675325669376
1222461943258046464
1222577358919454720
1222615889792487424
1222510430347825154
1222523000026591232
1222507677546373120
1222534450761723904
1222453204429889536
1222667356796866561
1222377529148944384
1222308525159985154
1222490599363883008
1222361646242222087
1222499272295354369
1222571181942943744
1222577956100476929
1222606710340116480
1222614762208604161
1222405412139364353
1222552417776128000
1222329910699577344
1222504457587580928
1222592681118961666
1222492532518608897
1222538366077435904
1222550074204385281
1222425998848692224
1222552632310415360
1222449426360221697
1222669258288578560
1222670002848858114
1222457805866582016
1222592046004764672
1222447095396753408
1222530060793630725
1222469873072082944
1222425579942604801
1222387739351572480
1222578090695630848
1222502153337671681
1222474022392229888
1222607403872661504
1222615826777329664
1222448563935989764
1222416021379674112
1222547657530343425
1222650154580267008
1222642432275361792
1222387420878049280
1222625801524391938
1222415572136157186
1222528740900720644
1222659618989473792
1222593626426966019
1222642934283165697
1222519912691724288
1222570810122088448
1222608684196327424
1222439185199570944
1222635958920794112
1222557785470140416
1222477125321547776
1222334067883962369
1222543761504460804
1222337183169814529
1222668012106502144
1222396869504094208
1222565148914618369
1222466855731900416
1222659184707031042
1222430634943094784
1222609817988141057
1222349234088955904
1222356581393883138
1222627770242600968
1222337906431287296
1222531066654810114
1222620095861514241
1222334771268747264
1222502499422068738
1222649059678224384
1222602759792463873
1222342817009160192
1222529894740946951
1222585075700813825
1222471287143972867
1222415967860297729
1222529257349505024
1222470653451931653
1222536210922344450
1222484724259729410
1222623081446985728
1222341955582976000
1222558569767362561
1222499511815163904
1222476059242790913
1222338272128466944
1222504778443313152
1222447814082301954
1222600734203469824
1222356220658495489
1222608713556594690
1222498478665949184
1222538560563077120
1222457260913225728
1222641105566461952
1222525829747363840
1222565393363099648
1222349870712815617
1222510192698503168
1222522229142904832
1222649678015102977
1222450288809787392
1222454400330780673
1222561899667169281
1222563476842917888
1222442682649317382
1222600459761766400
1222491560421535744
1222582151100551168
1222524918283276288
1222397110961655810
1222531891049271297
1222345028435169283
1222331525846441984
1222456705855868929
1222379320108171266
1222337737564524545
1222600622316195840
1222544947271761926
1222447784084766726
1222348456829702144
1222660920406630400
1222624554742435842
1222334703799283721
1222389082439012353
1222665342817918978
1222663908122480641
1222660007021498368
1222603703112388610
1222565520802635777
1222650678255943682
1222403788780294144
1222350648303411200
1222432283707265024
1222443594776285184
1222599279140843520
1222383695744716800
1222570385708847106
1222566757220487168
1222552461619159040
1222557596969816064
1222604161075884032
1222648999120986112
1222559856772534273
1222461777960554497
1222589733919850501
1222566282916032513
1222387968863887360
1222597222845632512
1222640447664861185
1222511751322722304
1222600822846033921
1222578241296371712
1222576833855492096
1222402372258947072
1222544304314429440
1222366038362333185
1222598366728609792
1222394055998550016
1222565203616968709
1222534224550531072
1222376244672483328
1222507369759834117
1222566128821497856
1222571183272603648
1222396922247417856
1222523924212092928
1222317706537525248
1222478761913749505
1222320079905288192
1222642337873985536
1222605737022705667
1222640358854733824
1222558687639883776
1222471676748759042
1222329222317985792
1222649589905461249
1222567682572079108
1222669176189284353
1222433408153833474
1222632732607549440
1222586445178773507
1222658251298394113
1222348188394381314
1222658830758268929
1222585101562916864
1222420260281675777
1222376297034342401
1222528988960165889
1222557597544468481
1222616528396353537
1222549470841397248
1222425965185253378
1222582564956835841
1222338830314897408
1222583336175984640
1222345331666571265
1222368667062521861
1222416653037768704
1222416878594752512
1222549633735561218
1222349511252725762
1222425564033822720
1222378785049399296
1222443669459894272
1222614281801420811
1222387179831222276
1222562125316530176
1222614698639740928
1222491909328965635
1222451105365258240
1222549962161999872
1222381273857101825
1222469851945611264
1222666298825629697
1222556776538746882
1222537351231967233
1222522885966688257
1222504057073545217
1222416241735933952
1222558551115255808
1222650220258836480
1222357313643778048
1222591800801660928
1222442488532697088
1222570338380201986
1222550251384590336
1222468250371608576
1222547095938355200
1222434111886778368
1222593936239157248
1222380483725746176
1222469846950014977
1222446228459356160
1222368335884627968
1222590881024348160
1222438284904861696
1222404342738608129
1222584135417573376
1222530813612515329
1222500857205358592
1222569291276541960
1222640640397320192
1222326036005904385
1222523489099247616
1222442873196511237
1222642088770199554
1222345154134020096
1222398317612523520
1222425829126418433
1222382646921031685
1222659728741949440
1222657447984152576
1222513483545104385
1222327358566404101
1222632401941225479
1222390395646009345
1222657079942336512
1222413431090880513
1222565157257326592
1222412123617124352
1222641713019342851
1222340642916814851
1222424145129926657
1222512342988197888
1222592716250537985
1222467439348211712
1222405081082974208
1222477055306022912
1222370121341116416
1222628658969485312
1222454558275670016
1222385525018902528
1222424548433375232
1222664204664090631
1222551510267068417
1222356244733841408
1222558651652722689
1222640975698370561
1222402928029261824
1222625525090398212
1222499066711461889
1222648522887049216
1222577651325423616
1222339641392517120
1222606083010760704
1222435509009616897
1222578508590911488
1222598489563070467
1222629178501033984
1222621573808451584
1222555044450643970
1222361250396393473
1222572328799952898
1222497606355558401
1222606057136173057
1222517765065576450
1222488882157105152
1222348986104733698
1222316364632739840
1222577566424485890
1222640639893962753
1222633977338613762
1222330907866079232
1222401734313562113
1222536883978358785
1222576742814097409
1222403904761024513
1222435331603079168
1222388047511195649
1222613113410711552
1222625548590936064
1222633085923217409
1222522125128306689
1222344912701538304
1222461650365751297
1222505023243984896
1222657379344494592
1222463436283678720
1222432862047105024
1222425692853293056
1222432887481389056
1222540426973810691
1222608224357994496
1222490811708952576
1222505589781225473
1222572740298731523
1222522897543004160
1222361243249512448
1222491954136735745
1222623152888434688
1222364273835302914
1222356611382906881
1222663355111919617
1222411107266068481
1222479891653890055
1222469657845624832
1222396288425168896
1222634392004284417
1222354054757539841
1222651093324378112
1222516105157042183
1222366411999281159
1222567950940434432
1222644785263136769
1222657583342850049
1222559287953756160
1222669156555710464
1222491674074476544
1222434050020970496
1222483207100227585
1222452041861255168
1222342022406606848
1222479144627376128
1222511391929782272
1222413467350642688
1222368464523821061
1222421777495875584
1222650137480257538
1222445317347561473
1222359461257306112
1222442750878068736
1222641141297729536
1222667187011432450
1222415193415700480
1222496956901183488
1222556365681577985
1222641560157900803
1222375825082736640
1222547048102318082
1222590091962601477
1222588728033468416
1222513551450898433
1222534366389317635
1222660458311643136
1222585128167321600
1222461118498500609
1222349740462899200
1222629618932494338
1222461183577460736
1222573118884966401
1222498424685133827
1222332361456717824
1222323582224695298
1222379315280527361
1222353704151650306
1222384911992205312
1222504632712196097
1222487051313958915
1222355126033231873
1222436479479185410
1222361996022042625
1222649738220142593
1222588696035307521
1222419817317064705
1222427171106390021
1222653399868395520
1222666751248388098
1222423444165292032
1222563604140056580
1222405957529100289
1222397238770634752
1222614787843997697
1222611398187982850
1222533857041207298
1222347511437725696
1222513013623681024
1222453500505919489
1222377622702682113
1222408385485774848
1222542454722682881
1222438242613518337
1222582830489853952
1222357459576197121
1222445022261305344
1222632628345614336
1222646626507866113
1222497794025566209
1222634416683540480
1222424002733518849
1222325882439663616
1222421551439433728
1222615536665628672
1222414821590650880
1222670343598247936
1222552119535796224
1222343493558788097
1222445409215426561
1222549007546884098
1222485019173838848
1222552961982689280
1222584959032053760
1222402500684238848
1222511019458691076
1222436904383074306
1222634811371802630
1222554420631801856
1222540123319021579
1222614036598181889
1222525947460538369
1222519056646823936
1222461945485201408
1222401676885266434
1222361007735148544
1222414635636228096
1222388800606720000
1222370167046516736
1222585773662208000
1222449651254562816
1222563893555482624
1222451164702224384
1222569673570553857
1222554369922650118
1222519085361254403
1222453523729698822
1222607309668519938
1222583614363160576
1222507232169824256
1222462183046623233
1222507701705543680
1222339335187505154
1222342136156360704
1222498061420847104
1222615917995220994
1222590930252914689
1222464395206221824
1222576425959481344
1222325650226405376
1222333988372545536
1222461932738838528
1222309103579684869
1222583606436081664
1222462014020374530
1222340701947514880
1222599387961913345
1222326875726307328
1222472548434292737
1222646543716691970
1222398476102688769
1222579291839508480
1222371660168224768
1222443098170646528
1222492478345043970
1222531193138241537
1222547283625025536
1222319149730283521
1222355851932921857
1222450983252324352
1222443801144221698
1222376738010759168
1222492552860856321
1222546612553121792
1222549135036829697
1222476467919040513
1222471378110177280
1222379958544154624
1222556858725982208
1222408452577755137
1222592904872583170
1222356657843380224
1222552020147527680
1222667332289302528
1222614987534950400
1222332739808038915
1222503683276996609
1222541283392135169
1222522073987178496
1222348673574678531
1222365134938468352
1222586994674421760
1222565051824885760
1222564350977662976
1222385338066227202
1222665580940935168
1222599760370073608
1222400128062902272
1222494329962258432
1222622412958830592
1222423735203840000
1222567121776857089
1222496616365490177
1222364327606353920
1222441236155465728
1222539070196183041
1222358706001760256
1222323240191717376
1222324448142884864
1222308449087827974
1222480379497418752
1222424300382248961
1222623401103253506
1222367939451596801
1222436765262200832
1222342368864669701
1222660638192885761
1222414750723690496
1222537538059018242
1222491424358313986
1222512738682966016
1222319786069282817
1222424454770282497
1222416864288047111
1222341584676622336
1222360163434156032
1222410060569010176
1222517176990519296
1222529017921839105
1222453734208364544
1222659419030331393
1222387553631973377
1222478724047618048
1222338824480555011
1222480316268343300
1222470062398853120
1222432829260173317
1222421409978142721
1222494513073012741
1222377237057396736
1222617253876768771
1222558140597788672
1222634382650818560
1222471682075643905
1222442438096064512
1222623715386511365
1222579240081788930
1222495897398980608
1222528360544272384
1222602087432933377
1222323808230498304
1222603497008500739
1222369736589180929
1222334709021233157
1222523358497198080
1222617442486190080
1222535363157164032
1222365307156692998
1222575880074981381
1222614626627653636
1222330920168017920
1222414503012376578
1222559306714959872
1222377909706350592
1222512661583187968
1222340006523568128
1222390406203219968
1222477666097475584
1222385414830379008
1222534960877330434
1222627222042959872
1222492671786332160
1222543506637565953
1222499134994665472
1222585046462234624
1222386729430212608
1222395781069660160
1222326813243797504
1222572596237099008
1222377549952618496
1222608092363247616
1222410252357947392
1222370182494150656
1222638370540720129
1222478405918085120
1222523773275951105
1222632593956450305
1222322738603397121
1222638408759226370
1222620750915547138
1222470025069703168
1222335438670778369
1222663324241997824
1222334772539727872
1222667332184694791
1222584356272852992
1222552826192089088
1222528912397230081
1222491464048840704
1222395476294586369
1222458617418350592
1222338351883345925
1222396265327030273
1222414939962388480
1222308896578121729
1222383714300301315
1222408451567116289
1222356580697608192
1222618968466317316
1222360222603337728
1222666710416871426
1222659654234275840
1222627176106938373
1222445412683939840
1222444772628942849
1222650334948085761
1222361669671608320
1222548213837680640
1222325395602780160
1222554647107293184
1222632177315090432
1222612667136868355
1222485875705012224
1222646834553704448
1222444525685108737
1222444975591428096
1222348754864373760
1222602534055030784
1222343381004587008
1222428680913186816
1222558220264206337
1222551513337221121
1222566478727106561
1222634120184025088
1222583992324505600
1222561437748539394
1222647596243509248
1222386130802245634
1222334047755653126
1222499336489029633
1222515761761214464
1222572473671016448
1222386577130840064
1222614855061868544
1222552932689702913
1222592505566433281
1222406736004493312
1222400626879057922
1222589525542785024
1222557924532412417
1222485706343243776
1222327145294225408
1222625329107345408
1222416036387065856
1222570934256664578
1222537895594074117
1222551438900940801
1222579182909169668
1222633622210928640
1222609778016423937
1222395571773665281
1222615218792095744
1222401555418116096
1222368105055301632
1222621913232498689
1222546411704602626
1222414155359096832
1222376149164216320
1222534494693007362
1222417349577306112
1222569950922997760
1222394535805718528
1222406357585784833
1222330182289088512
1222424691341611008
1222666554053029889
1222431974272299009
1222605502594605057
1222556874626736128
1222344511621345281
1222331297839738881
1222484480645984258
1222322359752724480
1222607662338101248
1222526444624121856
1222338136858079238
1222440594565255169
1222600017493602305
1222435268008919041
1222540089542217728
1222445253191299072
1222478104389652482
1222423845476409346
1222588840566648832
1222511620452163584
1222394557309964289
1222570016236888065
1222459997554167810
1222538631946080256
1222482586586558464
1222634327457988608
1222471795229503488
1222393046165262337
1222588829690843137
1222569276504190979
1222355466698641408
1222349544899383299
1222312049490817024
1222558093822898176
1222344129180569600
1222588346448433152
1222392848537927680
1222570719168647169
1222358102290206720
1222342325206044672
1222348290089312261
1222405959760433152
1222540882689196033
1222434232477179905
1222552303875624964
1222567669230133257
1222329150343565312
1222629656010076167
1222611032004186113
1222394840534540288
1222470889016442880
1222615162546532355
1222439775228985346
1222478764992425984
1222640957264465924
1222606348820656129
1222370245056368642
1222529308645675008
1222512792621596672
1222545922174812160
1222485576630198272
1222505966169661443
1222416087708467201
1222522694094159872
1222535753831350272
1222669781486186504
1222491413260140549
1222427213246746630
1222477765267480576
1222548206313201666
1222438006960771072
1222573757736243201
1222530530085953538
1222367581966884864
1222590757304983554
1222498361640509451
1222598214970421255
1222558414829584385
1222392102278971393
1222371420711374850
1222539282046427142
1222403865296932866
1222367516351090688
1222515657377345539
1222415367663804416
1222658340402143234
1222657060246097920
1222610713572716545
1222588535091421190
1222430411323662337
1222586278517989377
1222568355888091138
1222540266411888640
1222408344213671937
1222377583251263488
1222402287756144642
1222405611570098177
1222592744704466947
1222462073470443520
1222517052507918337
1222491744480063488
1222433722340909062
1222607606616920065
1222634623903113222
1222584794648907786
1222583161730682880
1222485923041927168
1222519053194891264
1222367658697322499
1222388501309579264
1222396823148433408
1222505626489774080
1222394331199410176
1222469524903034880
1222349241693212673
1222633153417773057
1222649421705334785
1222425629112655872
1222492123066458112
1222423589242228737
1222535314218082305
1222318376003022848
1222352153529835520
1222636885371166720
1222505285870215171
1222373491678121986
1222550874863484932
1222583717790654464
1222525477098676226
1222512322414952449
1222433859066720257
1222529990660698113
1222622755696336902
1222321463224668162
1222340295557353472
1222554695090049024
1222336761168265217
1222546268091797507
1222325617888092160
1222553535163727872
1222606733782212608
1222328025183748096
1222320027044601862
1222600312579612672
1222659012019224578
1222429153145712640
1222569233831337984
1222632481460875267
1222337626381832192
