1221218484274655234
1220934990319378432
1221141335266287621
1220865651322966017
1221107537711435778
1221071344042799104
1220879933607596032
1220987136490508290
1221110228562767877
1221100997545791489
1221098859411062784
1220888700177068032
1221154064916000768
1221070457207771142
1221130938115153922
1221109058414858240
1221218943576068096
1220938470929174530
1221007621974458368
1220923555778449413
1221096737042886656
1221173344180920321
1221122801785950208
1221055737947770883
1220931088765206528
1220881855056171009
1221218343698472961
1221093794960904192
1221075809001181184
1220920684940910592
1221045798130991105
1220918791389007872
1220962138950262784
1221082402337935360
1221074433147670529
1221193375757586433
1221174875328372736
1220918597352030208
1220901238964805632
1221083667176529928
1220961305500061696
1221059470576377857
1220999272507641856
1221097907270668289
1220991137915129856
1220946346972106753
1220892736385114112
1220912581134581760
1221143408267259904
1221116940908781571
1220915702233804805
1221174318580715521
1220922270375264256
1221126894176784386
1221076553536114693
1220878157160570881
1221094899547803648
1221001157159448576
1221118574753959936
1220958387204247552
1221089246204661760
1221216965236162560
1220972562844307456
1221177207072141312
1221044327377514497
1221078689707724800
1221061123476262915
1220990596707258369
1220944255096705024
1221125536480497664
1221045612138811394
1221157964347654144
1221096129682604032
1221197603762835457
1221078190443155456
1221206430763626496
1221078954230067208
1220859699006001152
1220883142736859136
1221149787422101508
1221218296264941568
1220982104596418561
1221046383030894592
1221068135924715520
1220925239304970240
1221195829630787584
1220889134153121792
1220932302668066818
1220941669597511682
1221033957770158080
1221171501216534531
1221089568788664321
1221026211796848640
1221220631599099910
1221007026114965504
1220925042466230272
1221093364210102273
1221060541931671552
1221046560550604800
1221214847657893890
1221217120018673664
1220960861788917761
1220926170457432065
1221169135930863616
1220883702349168641
1221030590184452097
1220925140269174786
1221027357697306629
1221055257880363008
1221138559014526976
1221067625523888128
1221165108971364352
1221214568170520578
1221193984309112832
1221155657006497793
1221136467990384640
1221088346513932290
1220904918342610944
1220930834313535488
1221105559937568769
1221073067356585984
1220889394875228160
1220998536646447104
1220980261275365376
1220974370652221440
1221148546818179072
1221009006061207553
1220960588538376193
1221108367697022985
1220899587831083008
1221106433195790338
1220929012056244224
1221098927597879296
1220991569517477888
1221069571492179968
1220923243885760512
1221093132357402630
1221106190513364992
1221109787657568256
1221116780405350400
1220891060907302914
1220931825750740994
1221127144337657856
1220956242450845701
1221162134886739968
1221098896371396612
1221078762319765504
1220988511379017729
1220964105307090944
1221126813667053568
1221150970274402306
1220875419622289413
1220884816910016512
1220990638335746048
1221143191266590720
1221194410806927362
1221138960384131072
1220863717551722498
1220949814155739137
1221085928262758400
1220933676818501632
1221073560430530566
1221086258320920577
1221149920826097670
1221140399332495361
1221056738381594624
1221149007440961537
1220899619858612224
1221048065521373185
1220933704970854400
1220950621660098560
1221091283663564801
1221053646718169089
1221089042223157249
1221112668909535233
1221125706375057408
1221130007961112576
1220947807739228160
1221009180036780032
1221203813270319104
1221092561969991680
1221042743046070272
1220976882654511105
1221071485495922692
1221049547062829056
1220895869672644609
1221060776300924928
1221013917708607489
1221185667746668545
1221117586068213760
1221012972975337475
1220928083215241216
1221003687931174918
1221083222911614977
1221107461190340612
1220987337745653762
1220940050684211201
1221078701716041730
1221096865208422401
1221037341764091904
1220897866001989632
1221017852377026560
1221001055376486402
1221121186416881664
1220935355970609152
1220876358881968128
1221112924715929605
1220971541308948482
1220944635926679553
1221107113319194626
1220912351156850694
1221126517167620097
1221055232269942784
1220933225142308864
1221096860380749825
1220922414478946310
1220949342850207744
1221126133686644737
1220926262786416640
1221041126154670080
1221095417363881984
1221006682156748801
1221056702402961408
1221003196774006785
1221040839746629633
1220954297267113989
1221051446080069635
1221109891340951552
1221071161015992321
1221111222499627008
1221210900679413760
1221118326291734529
1220988337470656512
1221126559085387777
1221068106170155009
1220939284967907328
1221043566190956544
1221213813833269248
1221050744603906048
1221205112275660800
1221073517598277632
1220990192854564864
1221097942171283456
1221026744943173633
1221062781962579968
1220967698017869825
1221217048099000321
1220954221920407552
1220940645533175808
1221058794408382464
1220907329597521920
1221105819812581380
1221205637759143936
1221208757465600000
1221062653528797184
1220934395047006208
1221127651039072256
1221027275728011264
1221056972859928576
1221119285814161409
1221056719205421056
1221206398480080898
1221050020683628544
1221063128806346752
1220903552396275718
1221216917945405440
1220931719471063042
1221130289637969927
1221021664785457154
1221043095061483521
1220965680704446464
1221102389786181632
1221071722197090305
1220875192647307264
1221220952844849153
1220950661732368392
1220873758594027520
1221150383663460352
1221097828295950337
1221094355558993921
1220894478518693889
1221154685157040128
1221042953734344704
1220973866454896640
1220946447962525696
1221104309947027457
1221213372835909633
1221060232375177216
1220918787408613376
1221072143770763264
1220954588859097088
1221159121128288256
1221002006669799424
1220976720028655617
1220874418932604933
1220958851714801665
1221073089280167936
1220917533630324736
1221129882073096199
1220935004345094144
1221206225561497605
1221214614018412544
1220914486531391488
1221217374780526592
1221011111136370694
1221167641731092480
1221057320819593218
1221118644165337090
1221215172041289729
1220871904862490624
1221108559598866434
1221213755410919426
1221003559392538624
1221174963274690560
1221037894481002497
1220866455970824193
1221013953276452864
1221138104649768960
1221189287514791936
1220927310716497920
1221045120683765760
1220926294730428416
1221205951245668352
1221023629262983168
1221079461581312001
1221162170672652288
1221178483130408960
1221041488382976000
1221082666885439490
1220950218880892929
1220919366591496192
1220900536615964673
1221002922789654528
1221090062680481795
1220968398802210816
1220875426974720001
1220913448764112896
1220905866523602944
1220899006668267520
1221101162880999425
1220992731729686529
1221035571314745345
1221003381227081730
1221039146610937858
1221141873688895488
1221125671541444609
1221075013626785792
1221169697959231490
1220925450911830016
1221115207277137921
1221219829375471616
1220925942186397698
1220978620945948674
1220963238264950786
1220987150537093120
1221198806030487552
1221155160870674432
1220877947386527744
1220911736112340992
1221193376495628288
1221139384646492161
1220933602134974465
1220960575695409152
1221108093788082177
1220904314719199232
1220922357289836544
1221191728129929216
1221124590002302976
1221006522680918017
1221025255612768256
1220882004553527296
1221211442747248642
1220887270841966593
1221048735175606272
1221084606364971008
1221035077167042561
1221100944802238470
1220901541147815936
1220909158532206594
1221164237319479296
1220993369020796928
1221080994993901568
1220932224796807168
1220879109531688960
1221089546173063170
1221118435318349824
1221159880960036864
1221169180306743296
1221094752491376640
1220909832636682240
1221117450260897792
1221007830301495302
1221057631063769093
1221121019374534657
1221154999041789952
1221080836335788032
1220932886712291328
1221010930076655616
1221133915353538560
1220928766769344513
1221060971046801410
1221099240350502912
1221051961723834368
1221083414062698498
1221110495094235139
1220953476303327232
1221082454271725572
1221147839331479552
1221000345570037760
1221113113405206528
1220995189684129792
1221022621048934401
1221123730149183488
1220929155962822656
1220990305639387143
1220906643803607041
1220885170904895488
1221076897863479298
1221113242585616384
1221015504623689728
1220985028085239809
1220948834190266369
1221198436109897728
1221088357121327104
1221205849332506625
1220896833389649920
1221019939567333376
1221102153193836544
1221159293644201985
1220900637312978950
1221111014583828480
1220904680445763585
1221005591297937409
1220935297531305984
1221076175050682369
1221081986229362694
1221093301815672834
1220926151545065472
1221212375514255361
1220925370666385408
1221111280330792960
1221054038805925889
1221095824064569344
1221205903770185728
1220930637491662848
1221042417459175425
1221131616430497793
1221130516558159873
1221055796978405376
1221103820979298304
1220881233745453057
1221202289236627458
1221104823036272640
1220924005969846272
1221115518402170880
1221030445309034496
1220976059731955717
1220955840175194112
1220932292291383296
1221098431663370240
1220904929943945216
1221066184457539585
1221029310162591744
1221079911139610625
1221059310714646529
1221085386304212992
1220953564501004289
1221061002520907776
1221071304826032133
1221091626128375811
1221054001996795904
1221052033110691841
1221083595005054977
1220973833328328705
1220862561962418177
1221057485475405824
1221025626930458627
1221032914239938565
1221085746674704385
1221209481687683074
1220950588768129024
1221056456939540481
1220953632969056256
1220866723856801792
1221073274446069761
1221172526606274561
1221065670508646401
1220932696932790272
1220948173717262342
1220924595907096576
1221208623461826560
1221207784555008003
1221204891768623105
1220905560389771264
1221072967242780673
1220910466504916993
1221081395033968641
1221020755863003136
1221038066934018050
1220925420012556290
1221033632263000065
1221096227367833602
1221031412003831809
1220863725453922304
1220950167198654464
1221102977873629189
1221048682776154113
1221092798574796800
1221063488459558917
1221158514644570115
1220958680989876224
1220963810414120960
1221112477812809729
1221128544501276672
1221090372115406853
1221198494892822530
1221023681788309504
1220866481854042112
1220883703221686272
1221061006501253120
1221055138711863296
1221190839960928256
1221078530206896134
1220932492825370624
1221113932221427713
1221159315408588802
1221071144481984513
1221081034550317056
1220877807506448384
1221054202576658434
1221003282501361664
1221082853083111424
1220980465344974848
1221204516714033152
1221126586117709824
1220939039764697088
1221011447683043328
1221205664162185216
1221084593572458496
1221093136723861511
1221054402351386625
1220931238350901248
1220974492966506496
1221051169725800449
1221107299223105536
1221017946375348227
1220923624468578305
1220992026021249025
1221142669805514752
1221079949508931585
1221001292866314242
1220914110885269505
1221180380910424065
1221057958215286784
1220919994776805376
1221027464081629184
1221031250959273985
1221068824876683264
1221215365671219200
1221152702421323776
1221198369327960064
1221071113951858690
1221217101387632640
1220885702260527106
1221205500529987586
1220948814040748032
1221191497577574400
1220943535098040320
1221064346077294592
1221188383269117952
1221043741370138624
1220968122041143297
1220865463661539334
1221194238228140032
1220988626009354240
1220948204365254656
1221055284967165953
1220980740197965825
1221030324198494208
1221021454889652224
1221153870006669312
1220954174365392896
1221209465812209664
1220881551342415872
1221030511277232135
1220929747368185857
1220909667171344388
1221041703508819973
1221099582844735488
1221042370612875264
1221088169380048897
1220924562600157184
1221077230664716300
1221061124461719559
1220996861491843075
1221009821647937536
1221174767551533056
1221029914138120192
1221048427133276160
1220994911886905344
1221118932846813184
1220958404073660416
1221115199425400834
1221111413726425089
1220997186705555457
1220975842773176322
1220887385975640065
1220879145409736704
1221000162023215104
1220904082518372352
1220977024686100480
1221000100622651392
1221084957197524993
1221074531701415937
1220890346764165121
1221219979649081344
1220916543254618112
1220952602046689281
1221183650613669891
1221127254790402049
1221207464684785664
1220996479264776192
1221097306516156417
1221202044498788352
1221202167677112320
1220970684496482304
1220875156937224194
1221030561009061889
1221064712068071426
1220965502903668736
1221178220713840646
1221003348532350976
1220926372438298624
1221151516427341824
1221119899566665728
1221055928344047616
1221076253148614656
1220868521476775936
1220935895467155464
1221080325167517697
1220921267345330176
1221088127277654016
1220974877001146368
1221095880087859200
1221006867981316098
1221132719163228160
1220999696899952640
1220981883455987712
1221208846879707136
1220946080269066240
1221099175418269698
1221067072689582081
1220878846108557312
1220913225346121728
1221062093610180612
1221085259598647296
1221097913968783360
1221071546392944640
1221107705126866944
1221019140565028864
1221045485110206465
1221123456189767680
1220981194088685568
1221010878998306816
1221130019281481729
1221053311152869378
1221112771015671809
1220972852280791040
1221116643239088128
1220995982223003648
1221126553628577792
1221031824094191616
1221177763350093825
1221092129243463680
1220955990385778688
1221086319163715587
1221077349178974208
1220966140442054658
1221212156718391296
1221201207143718912
1221058635649802241
1221146090369515520
1221014207425957890
1220916556412149765
1220880806232629250
1221091745963790336
1220927391079505922
1220865260724162560
1221072970669527042
1220935738826600450
1221126361986658305
1220998187303014401
1221145932911259648
1220959404930895872
1221152610545065984
1220938965680906243
1221023097693728769
1220925230371299331
1221112846131458049
1221019009258266625
1221057770071281665
1221116503640047616
1220968615911907328
1221020943234940928
1221037616449146880
1221099958318747653
1221151088377765889
1221216221955338241
1220987498194702336
1221019429745487872
1220980292229484551
1220971092216385536
1221021577308856320
1220887345223827457
1220902861925683200
1221067221427875840
1220860053714022402
1220946440861581312
1221189355806568448
1221135543565717507
1220909391311859712
1220888654693842945
1220863682659389443
1221161655171596288
1221128908218753027
1221001580092313600
1221007146508267520
1221030790764560386
1221114141982830593
1220882709171453954
1220894201405067265
1221076532300378112
1221189962923511809
1221020464719462400
1221132730093588481
1221106950185857025
1221080328002887680
1221046180194529280
1221151190798475265
1220896336704262146
1220962580333654023
1220992531111899137
1221063330560757760
1221150161625387011
1221202720800903168
1221083142653530112
1221167881716584449
1221158000393515009
1220962054275616768
1221056008195198977
1220989884963250176
1220925347664842753
1221117357201838080
1220864790182219787
1221052511684984832
1221217785356963841
1221108130085507072
1220954823136288768
1221037123014316032
1221211896994390016
1220978241168498690
1221074502072668160
1221087783269232640
1221027629962317825
1221084420100128768
1221044116726910977
1221101166777356288
1220987655057338368
1221084111994900481
1221119754703921153
1221039307449868288
1221137989767761925
1221204854711828481
1220920038531592192
1221088898199113728
1221108974424031234
1220981919954784256
1220970652678737921
1221081565125578752
1221210936737964034
1221031701125595138
1221082093968445440
1220873933873790976
1221080845529821187
1220889338705088512
1221020526476394497
1221066663254081536
1221162859394228226
1221093002145423361
1221022115433865221
1220925412622196736
1221074562906914816
1221215922368598017
1221080462946439169
1220982829489827840
1220936609165504513
1220864244217864193
1221172145398734848
1221210015786094592
1220942809739325441
1220868831632977923
1221032764222271488
1220961910234869760
1221009795206959105
1221079764158410753
1220964658552754176
1221068418503200768
1221097323540828160
1220876810704916482
1221130516641898496
1220924628073189378
1220998928021065728
1220886058042302466
1221084534558482432
1221030605657272321
1221153898494193664
1220870900523945984
1220979450591866880
1221068968695197696
1221051252391514118
1220870594868207617
1220942656676589568
1221098726262894592
1221207106084208640
1220920616292741120
1221218749912473601
1221061080895475713
1220894092562845696
1220860851588075526
1221063620253167616
1221220790315769856
1220891290016960512
1221164927404007424
1221087143847555072
1221071778862125056
1221101442972274693
1220862905182081025
1220925009918681088
1221114089990021120
1220937085626015744
1221130198013423617
1220999286428536832
1221221128892370945
1221042510572769280
1221187160155607042
1220906223215595523
1220936716153843713
1220944719460491264
1221010921323020288
1221015557027311617
1221083976615350272
1221124328907034635
1221186994656727040
1220979931175358464
1220924174106972160
1220917288783634432
1220915186183241729
1221073540276989952
1221134467302952962
1220948826246340609
1220945267970588673
1221034171788693504
1221055073544855552
1220952325230977025
1221072990269427714
1220982295596691457
1220954444495351808
1221202273453465600
1220998620511535105
1221083349873086467
1221071889625485313
1221131466039365635
1221027783188664320
1220970868437708800
1221080544827473921
1220947602838941701
1221110783230111746
1220935573164060673
1221149985573502976
1221108649617002502
1220916459649536000
1220963503902732288
1221052336686039041
1221111271740887040
1220897304711921665
1221203108619063297
1221211976132546561
1221081422791946240
1220934663956393984
1220913299304390656
1221196973782523904
1221023507007574016
1220964412846223360
1221099005695840261
1220992719457267712
1221209900606423042
1221214577213337600
1220973903469694976
1221010931716513793
1220914967198781440
1220911390648492035
1221177661482864640
1220886510414835714
1221113308184342529
1221216345683038209
1221118832208744457
1221061324009984001
1220953690342854656
1221146350492028929
1221093932110471168
1220926124156284929
1221041564023046151
1221013478527258624
1221064742153879553
1220931703729872896
1220943428659269632
1221097436141064192
1220971542181376000
1221205364424822788
1221149807089074176
1221029029987389442
1221041235982340098
1220917997369315330
1221111019730239489
1220919977303109632
1221030549982105600
1221122151039848449
1221148358947098625
1221190925923143680
1220932764217688066
1221153558294355972
1221045857232928768
1221129294820364289
1221040504428621825
1220991952558206976
1220953873763860480
1221184535314030592
1220868106114875392
1221178355325853696
1220956771256135680
1220985514863603713
1221082703920955392
1220869452453027845
1221081031387709440
1220910864187973632
1221033805244518402
1220897963783966721
1221215176084471808
1221009171371315200
1220950534779068416
1220906888285622274
1220949574795161600
1220963579526111232
1220943471168708608
1220941256273956864
1221210012019838976
1221053304135794690
1221146598962614275
1221178149972664326
1221126992080162816
1221094334407180290
1220924741923422210
1220984086342205440
1220930083432681472
1221057819199164416
1220912606732378112
1220966652277379072
1221051969986416640
1221132095298256896
1220862642614484998
1220930076646096896
1221090065499197440
1220950531041984512
1221143905690775553
1220907695416332288
1220931267098624000
1221094085215178752
1221196541550985216
1220897433468788736
1221061415491993600
1221049146993332224
1220898014677520385
1220892194338410499
1221219185067536384
1221103114587000834
1221208318921728000
1221194171215761408
1220910888460242945
1221144902710579203
1221046862615986176
1221062987173130240
1220887270061985792
1220904502997307392
1221170545699577856
1220880314244816897
1221121209091399680
1221216509466275843
1220894907583422464
1221111151687155712
