1221882745716002818
1221921990082203650
1221897904492859393
1221622711228735489
1221866958708183040
1221770847616000000
1221643307064758272
1221681592042582016
1221729406324027392
1221591413886005252
1221790450081837056
1221751481533001728
1221628729299857408
1221807344625115136
1221642070177173506
1221642294341906433
1221685390525988864
1221624651450912768
1221667205542080512
1221888981115252736
1221899753375641604
1221656742720950272
1221662771026087936
1221904393345347584
1221895383024009217
1221649783707832322
1221828945928056834
1221588718995279873
1221591810620841985
1221894478832648192
1221782095682400258
1221775378026549248
1221812323385405440
1221635468023910401
1221886713657745409
1221627018694942721
1221735913182515200
1221769097928527873
1221842083922636800
1221865690262470656
1221766997932830720
1221837757561044993
1221634316322557953
1221754301137055749
1221610376426594304
1221591310722834432
1221896658084155393
1221590053438124040
1221776557955375108
1221823960884473858
1221754047952084992
1221719698762391552
1221850253495885824
1221661311391731717
1221819490280726529
1221588302157008898
1221626605375774721
1221638715543416832
1221636522186805248
1221626175228796929
1221877983641624577
1221847371828645888
1221765142343323648
1221705276220477440
1221821309673451522
1221640452509593600
1221805047568191489
1221720156730056705
1221660397251502080
1221620002438045696
1221743134314356738
1221905486318010370
1221852446877605888
1221771244103700480
1221691171392483329
1221609468762263552
1221625122030702592
1221845326652329984
1221605229533093888
1221636527433900034
1221804767028088833
1221870656536698881
1221616880076513280
1221795450161754112
1221679402590732288
1221625112786395136
1221833875459993602
1221679433301389314
1221937227032420353
1221677230977437696
1221933047374700544
1221857820930297856
1221647491130544129
1221832326994374658
1221664348159889408
1221623906450190347
1221823710719434753
1221913517516886016
1221910249336164353
1221889006100762625
1221595415159738369
1221674073182429185
1221935262797688832
1221588904773595136
1221755373679521793
1221881925700333572
1221645891246780416
1221618270513401857
1221844240650645504
1221792669602603008
1221671641622753280
1221655075828846593
1221762820510908416
1221821971064901633
1221739802237767682
1221613469809532928
1221748317744324610
1221865053479108608
1221682701633146880
1221850544630894592
1221645259588931584
1221793089313886210
1221734665314168837
1221933171765399553
1221690035818373120
1221610078924681216
1221690659691646976
1221758598373683201
1221643348156354560
1221712788604772353
1221905735984058368
1221842523531833352
1221767229395439618
1221848804057473024
1221748010167820289
1221584475819253765
1221596256306225155
1221700418444480512
1221664545674014720
1221818739470917632
1221756243900956677
1221730736253702144
1221681863997165571
1221800468747149312
1221802767871770630
1221649177106509824
1221585133884575744
1221916677735997440
1221605925733179393
1221931774713962496
1221715783505432581
1221699606280454144
1221942374462414850
1221874665917861888
1221913930227806209
1221722212329295874
1221771393408237576
1221751389589622787
1221637598231351296
1221597801370570752
1221853953450745859
1221849855934418945
1221773693862338560
1221725300909887488
1221784790661132288
1221821873119383552
1221675662819250176
1221630110350090240
1221798975574953987
1221620660646096898
1221665450255212544
1221734217291186177
1221924140149506051
1221787880030257153
1221849547053420546
1221755683579711488
1221931583281733634
1221853295704064000
1221729855550545920
1221699427674378240
1221898621186007041
1221666133914345472
1221593722514759681
1221777379049312257
1221586149468266497
1221623475850436609
1221770392211095552
1221609529357557762
1221587971746471936
1221615871564533760
1221730247608950786
1221621793443565570
1221681516687683585
1221588844165787648
1221889164989345797
1221588713920061440
1221695524601860097
1221903272715284480
1221826266036408320
1221601681533571072
1221807079641337857
1221624540482166784
1221634331535241216
1221654516166090754
1221708278834647041
1221830953745702912
1221833847039569922
1221706583496769538
1221816836683190281
1221637601607577602
1221624677883424770
1221753133849890816
1221804463331139590
1221915075994378243
1221835595804237825
1221898933917704194
1221717708577705986
1221771206136881153
1221593065850146816
1221708182164312065
1221590824544362498
1221872237755527169
1221882578627465216
1221759328660742146
1221617599806492672
1221716158077755393
1221620445750988800
1221811770815180800
1221642544917798912
1221743239268429824
1221762617867296770
1221871589408505858
1221773522927804416
1221600399960039424
1221860842179899392
1221633245806309376
1221649642372231170
1221628569706622976
1221610362010624000
1221689427853840386
1221861807368728576
1221914714650710017
1221651765407301632
1221694341481160705
1221848037691142147
1221876262588887040
1221658622725279745
1221660724641951744
1221795500245934082
1221730204663463936
1221773590254714880
1221897611377954816
1221694662009815041
1221629427198693377
1221826900823285761
1221870459354079232
1221871797253148673
1221822723044839424
1221652166273851392
1221792553953112064
1221652085009088512
1221592910107463681
1221840935371399172
1221626581942140929
1221646364385267714
1221603054727942144
1221849187572019201
1221675388088262658
1221784443649548288
1221941073389420544
1221846880264630274
1221769140253360128
1221870733665529859
1221815180289630209
1221592591998672897
1221839925244358656
1221668821255278592
1221725198329827329
1221874559273455617
1221869446375059456
1221856321755967493
1221864137363533824
1221865611493564416
1221707557741293568
1221850415517655041
1221617182028599300
1221762141566291968
1221653266724864000
1221611148090331136
1221591906196439040
1221623400399024129
1221813247692562434
1221933602734084096
1221643193181253632
1221830586429530113
1221852945324695554
1221942123575926791
1221780708378595329
1221811000090841089
1221678152516132864
1221587576273936386
1221791559324073984
1221732459060088832
1221772852887805952
1221870057082351616
1221805022268284930
1221904121810366464
1221847246041313287
1221692140113272832
1221929477430640640
1221884709543862272
1221822470421958658
1221678746769547264
1221599003554402304
1221712723651657728
1221862009936977923
1221603258151473154
1221729433939136512
1221867618375741446
1221599949772558336
1221886522871336960
1221845524136914946
1221760798562889728
1221607534924115968
1221776332935376896
1221871779980791808
1221814382834978821
1221762201989464064
1221660773954379777
1221832820240216064
1221896422028505088
1221763551293071360
1221586307941531650
1221768116545261569
1221760043420225537
1221666847822499840
1221942940685090816
1221920902566248448
1221601987973779457
1221634808993865728
1221708497932312579
1221634376514949120
1221908428236431362
1221765283997577217
1221603010482188289
1221592852314103808
1221698756011184128
1221779438943129600
1221938076965990400
1221732716246269953
1221753114371358720
1221586851817033730
1221806390374584323
1221637759389048832
1221920028502741008
1221920834438279169
1221586106077995008
1221828641157345281
1221886672503300096
1221681946570493952
1221600905042309132
1221750623118348289
1221874866116124672
1221645157801418752
1221597742293770240
1221780477662490624
1221637649372368898
1221858319704514560
1221598728718602241
1221627265613811712
1221702111630462976
1221835140302700546
1221733285396500480
1221772082855337984
1221788079947644929
1221616197680103424
1221772898106597376
1221887925761212417
1221909102919667715
1221740223341547521
1221692753198739457
1221681193734823938
1221850236399673345
1221810431859154944
1221796230486839296
1221659988067639296
1221828620487774208
1221713085188182016
1221825022760632321
1221890901120888834
1221811314986631169
1221906379734052864
1221847219273265155
1221780361593552896
1221688870560923650
1221769416905580545
1221849496767696896
1221641546568589312
1221810619470368769
1221858678145314816
1221656690082246656
1221775935575166977
1221845459129524225
1221599396539711488
1221844805321478144
1221668008592052225
1221776501923811330
1221745507036467201
1221713094478569472
1221729132230389760
1221691788953518080
1221652327259525121
1221936426331398144
1221599485844869120
1221816920762212355
1221912278385221632
1221657485972398080
1221726297170182146
1221646856012255233
1221617511709331456
1221635431730536448
1221604210480795648
1221588560790224896
1221913099055165440
1221625839038550016
1221756889966399489
1221845081134637056
1221895255244578817
1221801276318478337
1221697394678517760
1221849607346454528
1221684017499660288
1221886805105995778
1221797348491309056
1221902505250107394
1221758046029996032
1221932203170582530
1221906157100507143
1221754142156378112
1221812683512483840
1221935802898206720
1221757410517319683
1221680468812165120
1221906679253606405
1221922174958624768
1221651211650129922
1221680185939918849
1221654324394151936
1221735926696566787
1221583636920594432
1221629566206111745
1221781149820698624
1221605533460754432
1221714528150392832
1221832591474487304
1221676092978630656
1221750645465714690
1221857312647864321
1221770322325565442
1221806787898245120
1221943778371653634
1221739892125917186
1221630448956321798
1221642645937651712
1221624998324068360
1221766001039224833
1221587379896475653
1221810770847195137
1221841807912448000
1221916800830537728
1221693401738989569
1221671644139147265
1221878038582956034
1221861645363949568
1221808143409303553
1221776739422085120
1221795005163024384
1221652272809218050
1221860310925160449
1221772925755260928
1221649035469021186
1221840805796753415
1221593372072255488
1221897521498292234
1221783132413841408
1221758703684259840
1221637040359362562
1221601158969511936
1221826670887235585
1221838093197676545
1221846744855539712
1221878524937551872
1221658645223526401
1221790000913821696
1221805100135600128
1221675209180307457
1221895519737389059
1221792032974352384
1221824324836974592
1221687698403942401
1221743726839468032
1221629082170822657
1221900243891081217
1221625350112907264
1221674052730773504
1221751981360013313
1221760967060738048
1221678474332712962
1221608734134132736
1221723467852087296
1221855788915773440
1221597082177417216
1221787643006144512
1221807049362690054
1221765555675389954
1221617337113157634
1221612069297876993
1221776456633724928
1221865100677509122
1221594275219030016
1221695894245928960
1221843882318745601
1221617577232871425
1221596960429228032
1221666964034203648
1221909014050746369
1221792639688667137
1221800501446152198
1221591868619853829
1221879478525267969
1221628906949763079
1221690613147537410
1221914137120296960
1221634592916066304
1221827852678524929
1221831191038431234
1221932829656932354
1221616362323357696
1221695544126365697
1221779191835713543
1221636188987166720
1221862668635643907
1221769600636874753
1221707231780995074
1221608782087639041
1221816692646477826
1221715317510025218
1221813402546450434
1221598489425125377
1221658901839589376
1221903514294718464
1221821712729141249
1221907779692220418
1221806077026504704
1221854236134248448
1221593665409183744
1221820740229615616
1221917552378429440
1221614460361678848
1221913360104595458
1221716936603488256
1221734290934730753
1221720019513430016
1221668570716753920
1221796285486960641
1221815611787030528
1221775299181867008
1221852771273584641
1221610173204008962
1221788240610570241
1221864932246945792
1221901024597872641
1221754859390717953
1221660522916921345
1221896149277085696
1221754926457638912
1221692103404728320
1221915849080090631
1221598774516232192
1221847651588694019
1221703603120939013
1221799740003606528
1221639094041792520
1221888949762842624
1221764383962828800
1221838354540449792
1221659823877607424
1221685420292919297
1221833023286431744
1221799235433033730
1221662383606661123
1221726673051291648
1221701205489016832
1221919892322078722
1221944426055909376
1221829695894958080
1221661074753122304
1221738865624354818
1221900850723020800
1221765193719603200
1221887590703431680
1221820438835159040
1221847267897958400
1221933719142817792
1221793997330534401
1221807297653039104
1221606406010306567
1221927843761807360
1221749694696583168
1221607076046049283
1221814791813156866
1221910764702912515
1221813774711185410
1221837583489097731
1221804104739164160
1221658295410315264
1221809456297603072
1221705327994900480
1221651430131601408
1221884755039465479
1221832408980475907
1221637295758958594
1221871359988568070
1221867914481033216
1221767465727737856
1221838902555750401
1221636339583471618
1221895472169644032
1221648204573421571
1221587518401011712
1221628125336883201
1221887734203043840
1221861816462016512
1221762982733967360
1221879882554191872
1221844734630490114
1221893704140673024
1221841150790774784
1221898255589462016
1221658104422490112
1221674834662281216
1221848755239972864
1221821481161617408
1221769084133502978
1221760372933263361
1221660908746788864
1221640552598376450
1221847563428683776
1221619470604611584
1221789804175806465
1221770059015770113
1221589098369937408
1221799607245524992
1221920625582694400
1221718247243862018
1221828148968345602
1221777509932388354
1221848335943917571
1221931217400029187
1221661868718059520
1221752794077634560
1221647469949464577
1221856970736463872
1221780542997200896
1221793032598585344
1221889041509101572
1221612221844860928
1221944440169947141
1221612576016158726
1221710556245250048
1221902268536102913
1221915791295156226
1221899515466338307
1221874530806902785
1221601177227317248
1221654483651809280
1221619617723867136
1221746249574965248
1221849765782216704
1221787016448208896
1221613446426394627
1221724491052535809
1221669541534674945
1221610294100877313
1221896690258436096
1221719764671836162
1221930361346777088
1221638096250462210
1221685368333971458
1221744450998685698
1221597765249069057
1221833945903509504
1221676736078680064
1221874990162808833
1221656250078773249
1221594591981449219
1221819888542584833
1221793742589497344
1221927825537740802
1221892125870252033
1221681056362856448
1221836759287332864
1221754862666317828
1221823507866087424
1221633622601396231
1221933268876111872
1221652214667796480
1221607155205201920
1221872537564520448
1221764823077154821
1221789587737104384
1221697926042411008
1221700743968608256
1221724880078401544
1221680864700129280
1221932956199026689
1221667479673626624
1221930236025196545
1221681248164335616
1221818984007290880
1221795044484476934
1221892303436091398
1221858168319434756
1221810084545691654
1221774706371637249
1221907618207281153
1221621589587918849
1221926428423286784
1221703418248454150
1221739365618962435
1221646287524618241
1221706725838987265
1221745817226137602
1221595786456244225
1221791531381723137
1221775960996859904
1221833320901771265
1221602269864460288
1221811686098628608
1221636689350795264
1221659137769189378
1221636122905804800
1221600847542415360
1221654885084491776
1221620030632316929
1221805271376203776
1221864059836010496
1221637856528977921
1221721773986574337
1221910504777666566
1221913482980806656
1221596486191939588
1221804788335050752
1221706360234086400
1221794480245768194
1221600229486661633
1221794472406568960
1221685752725028864
1221728960435957760
1221755838697824258
1221722901943992320
1221634953991069696
1221697470645669888
1221710229882261504
1221702164415946754
1221838197031866369
1221885762326712323
1221604065622274048
1221800399402938375
1221673628640538624
1221886460350976002
1221853653583237126
1221777644808699905
1221667419002785793
1221777159385075712
1221745711127187457
1221835320708255744
1221934122689531905
1221606910698258432
1221872170802065408
1221752710535364608
1221874366016892928
1221770210182496257
1221886785959022592
1221605899669835777
1221934590572580865
1221678402618433538
1221779664471052288
1221679933065515008
1221861663697244160
1221638766999285761
1221798312409329664
1221745032320802817
1221813903472185346
1221662004814893058
1221609263182647298
1221853717684580353
1221895745332269058
1221765525610516483
1221696488507461632
1221798322660352001
1221859150444945408
1221893040857604096
1221615233455874050
1221623156651253761
1221673070705831936
1221881664466374656
1221832851244621825
1221587414126194688
1221648753372745728
1221877808856694786
1221945359489998848
1221680831766286336
1221647231494868992
1221688755045748736
1221607454682816513
1221667697999544321
1221589391342219268
1221847712783486977
1221943021282811904
1221908822761013248
1221801835469533185
1221849193783926785
1221644333448822784
1221654840755007489
1221788741016215552
1221600999539789824
1221742528086626304
1221677886186360833
1221641798545600512
1221864872625037317
1221875213572411394
1221693056467922944
1221888802676932609
1221824114098180101
1221865443188568066
1221884085821411329
1221846170923757568
1221639646620323842
1221869988010741762
1221877901542322176
1221639729428365312
1221644397365862400
1221868736967254017
1221727169119846401
1221600688502902785
1221825483920367616
1221714767120715776
1221659052918308864
1221753411504226305
1221680394036293634
1221641337692274688
1221625430597177344
1221781719130480641
1221615266544541696
1221757173874622464
1221911336113696768
1221731096305397760
1221697209474793472
1221922523178078208
1221907537093636099
1221737570415128578
1221691361906188289
1221893160491790336
1221869615736705024
1221797940622233604
1221761195234840576
1221857937343361031
1221764314442285057
1221742929233924098
1221842241259331585
1221800434836410370
1221584530114408448
1221786025456033792
1221737540622802944
1221858303451574272
1221667982973317126
1221668085674991618
1221621688946675713
1221654076921745409
1221668733195653121
1221814643590488065
1221603871979491329
1221639968956669952
1221593223451365377
1221620435889971202
1221600193809805312
1221823154835689474
1221669701064871936
1221824813834153985
1221707526284173317
1221702925715562496
1221608145388130304
1221829980222451717
1221693698041438210
1221927448822079488
1221722624905998336
1221584903269015552
1221704154994733058
1221691405728239616
1221618462767775744
1221856928810315778
1221616959034232833
1221854563193511936
1221610258637848576
1221686139595026438
1221786507716984832
1221846043861704704
1221641857404289024
1221590441289834496
1221901839240769536
1221802082942050304
1221733616754937856
1221627931325169665
1221927106990481415
1221635655190687745
1221638378489143297
1221867627901018117
1221733884628365312
1221797810460225536
1221735341620629504
1221934640522461184
1221782543802032135
1221932578069872640
1221656149302423552
1221935703589867521
1221585266197975040
1221588167574163458
1221625333566205954
1221624343899164672
1221866451029647360
1221801113332125698
1221605144661516288
1221934382312640512
1221628763525599236
1221629392906080256
1221640357219164161
1221609389154418688
1221586707365203968
1221848145375657985
1221749142948478978
1221755820930670593
1221817006497792001
1221648283971608576
1221617439219171329
1221651314385420288
1221824915696947202
1221607272645898240
1221735732542242816
1221609684647284736
1221759171453808641
1221614150750625792
1221830886079049728
1221799429491056642
1221841688244580372
1221662776679993345
1221837841275031554
1221834184035008512
1221608571273531392
1221750451709734912
1221762362971000832
1221641703519506432
1221834288074649600
1221805158688075776
1221608070935203845
1221671892051849216
1221770695178321920
1221605374849056769
1221586790236196864
1221800992263561217
1221588726272294914
1221712973590196226
1221631762003968001
1221651152418365440
1221624027480907776
1221739406433931264
1221918561544916999
1221741278506864640
1221711074145095680
1221646347524243457
1221769752777019392
1221773668650569729
1221720082780491777
1221660598796083201
1221682958622437376
1221632810903048192
1221842963933880320
1221936345632784384
1221876152115060738
1221826353365831680
