1223312767551266818
1223305429104676864
1223176412720353280
1223275786951675905
1223331881573396480
1223250974053060612
1223270686287896576
1223270411800064002
1223299356759154692
1223103969087508486
1223295446124257281
1223146019044712448
1223048145359265792
1223160634327490561
1223039215878885376
1223136848400306178
1223213053631717376
1223069159048675328
1223173920116768768
1223340681831370752
1223207049900675072
1223352625262780416
1223299633595736065
1223129664761151489
1223042146309033989
1223228793470324737
1223091100040253440
1223064484312305664
1223334136259260429
1223126437449715712
1223314501291909121
1223222101605146626
1223388681488068608
1223299518625542144
1223181218377801728
1223157235905261573
1223257222442049536
1223390088232652800
1223157630333526016
1223192578490802178
1223133758657683456
1223036577493897222
1223052952753115137
1223082512429154305
1223288332718956544
1223183659106291714
1223220289984745473
1223282101421662209
1223226702467420161
1223111476992339968
1223112460325965827
1223057666571812864
1223263582428598277
1223184282190901249
1223391700015403009
1223349462988394503
1223051069908873216
1223253251312648194
1223302711262826496
1223246675789172736
1223054385292488704
1223099712095436801
1223360799957114880
1223312435550908416
1223112510770827265
1223138227512586241
1223351843180380160
1223175136418975744
1223269732364759040
1223355879350771713
1223101859667165185
1223181930285322240
1223334300013092864
1223202225905750016
1223173943646920705
1223235577748709377
1223042210943336450
1223108287211565057
1223224010630057986
1223143490131021824
1223221604093779968
1223042479743651841
1223178308545916928
1223040798247268352
1223165253074051072
1223144244673683460
1223212250628009985
1223165781518630917
1223158428945661954
1223281942658977794
1223066642587848704
1223279449661198340
1223041302188654592
1223091239941103616
1223150513492873216
1223293140003708928
1223230797467017216
1223084874107539459
1223270775710535682
1223037199333167112
1223253083334926338
1223252697047912448
1223376109871554560
1223136863247929346
1223246103866265602
1223197869093654528
1223376537061294080
1223096580179259393
1223276224908349441
1223103561191415808
1223071597587656704
1223272117296300032
1223357293108113408
1223345262736953344
1223298051407740928
1223206096535531521
1223293387010453505
1223102003707969536
1223369882932142080
1223250190313803776
1223165520016371712
1223326202833838080
1223182117661704192
1223038183761252357
1223378149695741953
1223357088665100295
1223174975718182912
1223224744297877504
1223347701632446464
1223072415108030464
1223182856761020416
1223187730743595009
1223305836648419329
1223155228700291072
1223256267269058561
1223271697882796035
1223068782580682752
1223345687246536704
1223389669498458112
1223250120730345473
1223124042837708800
1223131568782422016
1223317078213611523
1223135624393150464
1223096555512590336
1223305132496052227
1223323334991020033
1223299444927541250
1223271851603791872
1223230497964224513
1223268933626515458
1223361614763692033
1223078708434460674
1223276185762848768
1223350071502049280
1223126896503705600
1223098115722338313
1223281505180348417
1223231322786803713
1223210898203897856
1223080569136992257
1223144118332710913
1223136148475658240
1223370388714868737
1223058123071447041
1223152515849629696
1223211847907794947
1223250173666742273
1223153216180965377
1223061704176652288
1223322710400557056
1223065443507691520
1223348833083645956
1223237987497959424
1223195194717167617
1223236023003598850
1223124662579867648
1223229607886782469
1223369108974116864
1223318698355806208
1223166525185482752
1223301190563368961
1223235699320639488
1223147075396866048
1223346023810158596
1223155493067034624
1223099825823997955
1223134910078042112
1223163925077876738
1223360585036902402
1223134217975914509
1223156726800830465
1223087604226093057
1223235616755744768
1223224559920271361
1223367284170936321
1223145521415512064
1223270337799802883
1223196332636000257
1223137245533573121
1223382394704744448
1223105528580067329
1223079461383335937
1223072343884349440
1223127495509037057
1223368836633841669
1223384091992584192
1223259491656814592
1223282958951383040
1223329513448321024
1223034047485677568
1223295346991722496
1223241534297915394
1223257508665417731
1223057005964713984
1223299998932037633
1223371101406810113
1223318494214807553
1223115665822769153
1223159730278764544
1223226132037697538
1223382033499553792
1223260437539688448
1223281983662514177
1223275569225371648
1223276601795698688
1223362185415536647
1223346173404241920
1223388751038119936
1223115218483437576
1223264152178679808
1223066294964162560
1223065778209030147
1223099840583753728
1223210527498829824
1223201817632428033
1223275772497907712
1223075506737819648
1223370014226632704
1223258600467914752
1223241503289430016
1223174527653498881
1223281598264750081
1223124900094676992
1223369168612995074
1223103303220727810
1223090540482191360
1223248377678376961
1223060280445243392
1223086725985120256
1223285430914666496
1223205584926728200
1223075390828118017
1223276431527989248
1223209112588042241
1223127894832164864
1223059249904996352
1223119960857202688
1223213002826166272
1223395477032443904
1223264242251583488
1223111076499218432
1223361308600553472
1223114063380504576
1223333807882829825
1223309315873869828
1223144577051217920
1223233159011106816
1223338447873761293
1223324831199842305
1223218797672198144
1223337507296698368
1223187733331378176
1223212115705593858
1223350808059764736
1223088980264022017
1223079208693334022
1223188679004389377
1223275663198572550
1223061978123513856
1223264095287369728
1223263348567027713
1223078193885638657
1223375806120054787
1223099601504198658
1223261428691492865
1223292165486534658
1223287436119179264
1223041920852578304
1223375774318780417
1223091110194679814
1223291234405560320
1223039458141859840
1223351285602115584
1223264993623396358
1223341116717662209
1223375011571875841
1223192129624772611
1223194101270618114
1223069286996070401
1223224123184181248
1223041355707908096
1223165883889201152
1223206161349935104
1223353384490557440
1223152514914144257
1223171536221163526
1223229323781406725
1223251241075007493
1223211911216427009
1223090697391104001
1223110954172338176
1223076945241370624
1223135452166647808
1223332863099072513
1223072511207698432
1223270678637338625
1223322507744333830
1223276727897657349
1223203103433875456
1223314314703986688
1223299012201197571
1223049816168640513
1223145136894275585
1223246957793234944
1223156204647501829
1223123558013911041
1223265272171118594
1223315535078649856
1223361122494865408
1223049060552069120
1223212136194699265
1223308346956009472
1223251112154804224
1223195094934859776
1223175680457936896
1223117334304288770
1223045550737510400
1223241935248330753
1223069650877079553
1223112773166518275
1223135251976732672
1223343662521696256
1223259075896643584
1223075707636441088
1223033464666165250
1223316416146878464
1223049095583010816
1223096558796754946
1223103949806305280
1223150862039683072
1223128626725638144
1223349465966399490
1223242171303616513
1223230262525349888
1223120935437262851
1223222121993625600
1223300058000633861
1223348350168260610
1223187280656908288
1223264514457497600
1223090315885760513
1223097431677526017
1223325816987312128
1223110725826015234
1223246683414265856
1223292312517627906
1223038088399720456
1223063425535766528
1223296120002097152
1223175323438596096
1223199992677986304
1223180821391204359
1223343747783626752
1223320289385250821
1223208077744361473
1223174413677486080
1223275503932579841
1223230616839368709
1223165278906920960
1223331782118006788
1223060766175178752
1223328648767385605
1223381606163009538
1223311631293276160
1223212884794232832
1223072870533713920
1223325804291067914
1223212932277792768
1223355284069998594
1223359917370667009
1223312021493444608
1223212486981234688
1223104115686821888
1223128981324685312
1223174179652087808
1223236482619473920
1223211934704721920
1223365244501839875
1223045846872182785
1223102303789445120
1223078471074828288
1223117041458003969
1223071975867682816
1223258291268132865
1223390878762291200
1223083887703646208
1223258164499447808
1223178419623677953
1223158001382629377
1223279654930305026
1223189869863682048
1223235514410487810
1223206878102138882
1223154872767303680
1223048313307463681
1223355727122706432
1223119021278543872
1223242180732641286
1223128659881492481
1223260704926584832
1223270709931065344
1223372949455036417
1223177732650979328
1223270039807086597
1223220530037194752
1223265914960764930
1223213108342054912
1223148767274094592
1223220120450818048
1223128859123408896
1223358684979318784
1223043599475982336
1223162773091299330
1223083286290821120
1223382269714366464
1223224517499052035
1223074065440657408
1223295719668240384
1223361259686379520
1223336306073382914
1223080466154229761
1223034946924748800
1223228898437148673
1223131463714930691
1223068805221560320
1223084129450749952
1223350046294495238
1223339223312486400
1223169629696061440
1223212588382740481
1223150902879707136
1223138096843149313
1223143241916264449
1223137029946408960
1223259232780410881
1223060671820111874
1223084762534944775
1223287304992829441
1223345950321795073
1223057660091736064
1223082217913626630
1223273153310478336
1223143160332869633
1223194071826620418
1223097698779185154
1223240273729409026
1223185275532271616
1223088043172618241
1223198838049120256
1223278020460453888
1223311121832185857
1223343774668951553
1223196730084089856
1223249992317468672
1223137279163518978
1223252866271334403
1223138386787041280
1223392797132230658
1223333938405564419
1223318733063622656
1223199769532616706
1223048418919993350
1223187374479302656
1223143007714758656
1223107627380432903
1223228787736924160
1223144601466204160
1223151108106924034
1223258319101616129
1223318021470674944
1223299797127434240
1223250629511901186
1223116022158249984
1223074284941135878
1223371567675138048
1223325613622284289
1223100363579871232
1223261252505391104
1223293487447076865
1223375704764534784
1223339914282053633
1223352843584671744
1223265291582484480
1223132428241293312
1223101657132630016
1223092755230007296
1223109468373676033
1223350876774912001
1223252388800106496
1223355779735937024
1223370495766208517
1223186182844010501
1223155971909832704
1223228485012869120
1223353313325764608
1223180068387803136
1223281133351243776
1223088820737974275
1223073316316925953
1223224716694999040
1223149771768127489
1223086063641669634
1223101295185121288
1223305495647268868
1223366956058804225
1223319627457007618
1223180048229900290
1223093005017440257
1223166665694883840
1223137232116056065
1223175141166735362
1223281347059306496
1223098065680130052
1223067676966375430
1223215354534678528
1223315666243063808
1223377571536089088
1223062661237075969
1223276740564439040
1223389488702869506
1223130247282995200
1223283557805842432
1223128880304676864
1223381936820957190
1223108579177062400
1223358004214620160
1223241423232720896
1223040911548043265
1223137596974432261
1223253420343062528
1223334202558631937
1223148657848897539
1223169259905392640
1223312705580191744
1223156349573521408
1223309361730199552
1223269962858536960
1223205903253540864
1223187228383465475
1223213785860771840
1223260173302501376
1223037196934045696
1223104208603205639
1223068002096074752
1223135033499607040
1223282629149065218
1223040259333558272
1223060919871209473
1223080094123597825
1223090994608058368
1223167233871867904
1223250714568183809
1223165237831983104
1223115504090353664
1223252456156487685
1223374364344823812
1223389381857357825
1223323887007649792
1223119750026297344
1223177894668582912
1223037625197563906
1223388364558061569
1223083342905647105
1223156957042921472
1223289688200343552
1223064930980696065
1223120998926389251
1223084449178382336
1223114800227504129
1223240874034790400
1223082973110525953
1223096835981467648
1223285188114833408
1223363407795146753
1223123154110836736
1223344824637628417
1223258695615811584
1223276612495372288
1223293798274543616
1223330454671020032
1223195953017978880
1223247162256973824
1223104538275483650
1223361288622882816
1223127080834977792
1223286935302500354
1223351550439034885
1223278354704424960
1223233527132672001
1223067162299916288
1223389228626657280
1223090522245472257
1223120835524747268
1223281744201363456
1223204681981157377
1223242045784981504
1223305907993563136
1223070695871172608
1223275957970038784
1223206452497657857
1223040345128095744
1223253306971185154
1223155861708820485
1223247626746957827
1223037048921055232
1223088062516822016
1223200738890768385
1223382669804703744
1223177062510465025
1223329024111308801
1223356494600724480
1223205306882113538
1223119851809456129
1223222138816978944
1223207093466886147
1223361856233988099
1223043702072823808
1223293859297464320
1223036006623895552
1223382339679473664
1223375158145978370
1223167348959412224
1223200922249105408
1223264811707858944
1223264519750856704
1223089841895878656
1223331299420590080
1223089560801828866
1223204161652547586
1223241905930231808
1223253134530625536
1223156961698443264
1223236274200334337
1223389676180058113
1223250513820438529
1223043585479708672
1223052175112208385
1223043130867560448
1223301269298798593
1223389202114584578
1223042840340713472
1223243851839594505
1223235221803323392
1223136017688875015
1223233321787969536
1223333677452664834
1223365978349658117
1223090520357912578
1223325446726549504
1223376911973474304
1223060197368684544
1223187287967780866
1223049124288913408
1223200198882496512
1223150532052901888
1223264124861210624
1223069377156616192
1223234621648834560
1223152059333120000
1223298621380157446
1223144457689882629
1223224338117099522
1223060647404924928
1223274960451526657
1223090121244889088
1223081371775782917
1223314117252939776
1223347655469928455
1223325326929027073
1223305491478204422
1223042774116851712
1223371515539755008
1223300520024080385
1223202133681541121
1223152777271992325
1223063212461117440
1223148737557516289
1223194002964598785
1223225704298532872
1223381774446792704
1223060530488721410
1223180882514599938
1223345005655482369
1223378381040967683
1223224192931373056
1223091654019534848
1223269300317741056
1223380558253895683
1223342571558264833
1223372481706123264
1223164057588383747
1223133096276635648
1223251898116919298
1223091326008352768
1223145015372730368
1223083125330210816
1223054313070575617
1223278500737503232
1223340172089024512
1223111906325491714
1223181898773663745
1223083471117045762
1223241377934430208
1223382774616293378
1223190807194136576
1223307703130501121
1223074034776182784
1223174813352517633
1223294492805156864
1223389252949610497
1223210506250403842
1223293183532158976
1223185690424299520
1223062574830239751
1223048904557711365
1223349851112513536
1223168196653522946
1223056694575583232
1223307845485170694
1223096723121115141
1223120437292359680
1223382362597122048
1223099266102464513
1223088013284081666
1223234119070449665
1223049243021066241
1223222125693034498
1223264161460654080
1223289808031633408
1223242138701500417
1223092070316937216
1223221849875603456
1223247688545656833
1223129414919081984
1223382759357345793
1223247887770906624
1223136846714064897
1223391595237498880
1223291695829266434
1223367863177809921
1223078200596672512
1223063638942134272
1223325747890311169
1223253571053006849
1223236760450293760
1223156088452911104
1223259266359808000
1223253845884784640
1223060814023753728
1223094794051710976
1223381712240930816
1223278154229284864
1223105102635880452
1223305457588002816
1223072796256931840
1223381963467177985
1223166392377266177
1223275723168931841
1223126971246313472
1223200553196494848
1223118696953962497
1223284993943691265
1223201260213456897
1223375186763927552
1223252608170614785
1223118857952358401
1223258726741827584
1223383041025957891
1223151091270868995
1223158951178653696
1223272437321818114
1223195141399203841
1223355779597701122
1223273428406259713
1223079970034946049
1223037637042171904
1223137581946175490
1223334234120548353
1223153537196220416
1223333483839397889
1223305079677181963
1223370361175187463
1223253453029462016
1223060798806736897
1223265605643575297
1223069703406379008
1223049439792844800
1223336214394232832
1223145408463020032
1223317890419560451
1223085272243400705
1223150820251688960
1223242482986758147
1223153597153546240
1223107097451057153
1223299218959286272
1223103326587277312
1223390684683460608
1223339901976031233
1223124782163476480
1223136741990682625
1223097335128850434
1223221548825358336
1223120273194405888
1223306524073828353
1223183267068661760
1223203533891284994
1223311795533832192
1223287331106385920
1223108596604387330
1223240041503133696
1223389435133251584
1223199287711948802
1223218940509376512
1223269874111148032
1223181424972292097
1223374481374105600
1223089363300634624
1223055735048802304
1223284778037891072
1223044292827942914
1223355839433576450
1223200279442620416
1223109426761977856
1223199918606520320
1223312801462091779
1223283466118279174
1223199008505593856
1223333261834969093
1223319077491552256
1223120272565264384
1223086764014952449
1223193709078089730
1223207316276891648
1223317970522378240
1223111565202710529
1223341436353097734
1223361687165665282
1223157072738635776
1223200282126974977
1223255669144465412
1223098656666083330
1223144744190017537
1223207021849141249
1223072505629306882
1223071025279070208
1223051952398880768
1223088688483262465
1223279710081208321
1223036545227079681
1223343283662778368
1223348578036408322
1223305560310681601
1223393474843750407
1223259949276573696
1223257326209196038
1223355270434295808
1223226531616624640
1223242098888957954
1223057147627556864
1223349599362068493
1223066999925821441
1223279583836999680
1223375865905664001
1223138663048962048
1223311350903918592
1223305020344602624
1223091552060243969
1223102326233124864
1223097357270573057
1223037066453274624
1223284751626170368
1223144376240693249
1223239777488646144
1223350603306262528
1223258715370987520
1223060294685069313
1223053543143170048
1223299678814392320
1223098228750422016
1223282030269489153
1223262619793940483
1223175017640284160
1223319242105225216
1223078153590956033
1223060643986624513
1223215839639408641
1223246254307561473
1223252374350942209
1223283345800429570
1223079052333871104
1223370524174082048
1223055769316118534
1223187859747700738
1223128420277792770
1223286976847273984
1223200619919552513
1223180679711723521
1223115244572008453
1223176923024625664
1223057711077543936
1223150189910904837
1223060966465667072
1223206602989113344
1223229690200174592
1223127545282883584
1223270030646837251
1223175616612032512
1223271149141921793
1223347576184983553
1223118022132420611
1223264576080437248
1223275415155986436
1223128464007581696
1223074454839803905
1223274625737555968
1223286818117955584
1223254681742266368
1223384410298306562
1223238883195936769
1223098891584688128
1223346787060191233
1223160989635379200
1223292386631192579
1223278184721829888
1223128033537789954
1223174825474002944
1223125209168916480
1223230689388089346
1223048184575848448
1223038216980193280
1223279209629380608
1223381691605098496
1223070963757146112
1223094447212072960
1223064261460668416
1223334361564475392
1223342119257022464
1223091540693663744
1223164798080294912
1223119578869293058
1223246540631957504
1223118753837113344
1223197580311527425
1223132953351348224
1223084248329965568
1223091642871083008
1223312019727831043
1223145177960726530
1223079085318057984
1223114575542808576
1223068953091567616
1223383667982110725
1223369062073405440
1223311038772404229
1223183411889737728
1223293288435683328
1223252316532310016
1223115942277742594
1223144909013602304
1223305465725059072
1223192486803193856
1223356200114278400
1223258443592675328
1223199163007033344
1223224308840980480
1223060018150330368
1223349751434792965
1223298238905769984
1223084371982159873
1223219570925694977
1223252257355026435
1223071911791345664
1223280389185294336
1223287423448178693
1223206579895275521
1223361160306511872
1223258750091436032
1223221479925538818
1223280335577698305
1223227208241762304
1223180177460600833
1223229613821874186
1223369803873816577
1223072296916512769
1223048995158687744
1223250908110155776
1223370992963031041
1223128180355031040
1223358832966918144
1223230140726964224
1223201245873278976
1223379863018434561
1223182270892212224
1223055721836826626
1223177079660990464
1223257333620494343
1223199619544440832
1223086269082693634
1223213193792610305
1223121190664863745
1223252066669223936
1223200514495533056
1223181886559666176
1223110634784473090
1223356218330288131
1223212164640657408
1223293099964760064
1223274568745226241
1223065016859078656
1223238589695160320
1223345303819972608
1223066121881911297
1223153270941609984
1223331093010620416
1223112253940985858
1223117340985872384
1223206015493013504
1223080012317749249
1223072854205501440
1223282147387047936
1223334285450653703
1223228276732317698
1223036962967379968
1223080058509766661
1223109952006307840
1223286312263913478
1223228682799669248
1223292642617896960
1223305695543660548
1223137382272135169
1223142757092360192
1223218780597342208
1223043642732040193
1223277177774444545
1223122144462131201
1223042428665507840
1223375067163373568
1223081450221686784
1223188830540333056
1223190348824006656
1223258176184815616
1223355732579377153
1223376837235171329
1223091778439598080
1223053764656914432
1223343527893049344
1223213577953251328
1223270627311669248
1223288504840380417
1223052791683239936
1223302189549907968
1223267477116915712
1223068510282272768
1223224995469414400
1223139105887981568
1223049091308871680
1223354672397848576
1223368601694015489
1223326878343344129
1223283994650824710
1223381302449078272
1223076469011693568
1223321187842813952
1223219106910015489
1223341818206728196
1223348657656758272
1223065649167114241
1223243911780425729
1223044177698537472
1223063371362205697
1223048373302726656
1223192850319446017
1223096812174626818
1223191561409908736
1223254580537913346
1223183863700168704
1223229588521865222
1223261485985480704
1223274349878222850
1223164486502309888
1223319242218594306
1223174631269576709
1223317991171022848
1223318970918260736
1223376068079505408
1223326081022877697
1223266704475602949
1223252839981617153
1223072383394775042
1223111189879672833
1223305291216887810
1223120784886882311
1223091109510836224
1223084467247435776
1223236999622033409
1223169844796850176
1223317857624317952
1223271504537956358
1223094371622453248
1223329256803049475
1223236910383951872
1223174733031669761
1223346478279790596
1223182935848706048
1223296577151725568
1223165456111960064
1223332178903347202
1223179442966683648
1223167459772882944
1223238590500499459
1223075265502277632
1223178371926044672
1223312742318329856
1223060941513691136
1223287420159840256
1223264111288627201
1223247473742958594
1223091892750962689
1223091869200064512
1223382912755798018
1223097093574799360
1223387776701386752
1223333158264819712
1223066791821398016
1223084972107599872
1223199014666960896
1223386190910382080
1223192927863738368
1223222239845179393
1223216906620088320
1223260597183057920
1223263511838674950
1223236341170753536
1223324298301124613
1223221886101917697
1223369571186376704
1223347761376002055
1223046580464422912
1223366749900431360
1223083808964005888
1223066851770433536
1223143850178269184
1223167158001102848
1223287024108609537
1223124735900307457
1223325151225417730
1223090986273902594
1223326802468376587
1223347862760837120
1223176394160558080
1223272698773508096
1223054757264273408
1223268741305204737
1223299536585658368
1223243757169991681
1223091891157123073
1223193735888015366
1223353546244075520
1223114495343464449
1223037143414706177
1223290862383325185
1223070441163632644
1223324697091280896
1223224262024028161
1223122727378264064
1223200829831692288
1223201890264944640
1223091439887777793
1223305060442157056
1223126068539772930
1223162545764208641
1223165648785879040
1223325502594789376
1223259854686474241
1223247783739691008
1223350342164930565
1223236639054553088
1223297579523477505
1223055849414787072
1223120107200606209
1223103195586514946
1223354234747396096
1223175707813142529
1223049243289640962
1223067016757678080
1223348723385819137
1223331166129803264
1223383688119037952
1223204802408017920
1223252957098954753
1223123510383562752
1223148212757745664
1223375027397169153
1223069166703300609
1223281211067383808
1223244705594585095
1223250547479736320
1223309157639557126
1223075482066997250
1223108360561549312
1223157128120029185
1223252585651560449
1223090971380002816
1223236703722377216
1223060828733071360
1223111997895524353
1223276370287104000
1223060997637754880
1223266737136603136
1223368427320041472
1223055372656623616
1223250317078228993
1223319653591715846
1223036402100817921
1223033863724662784
1223152477991653379
1223259036814061568
1223099797978013703
1223065009321758720
1223155488738537472
1223335525001482240
1223228096062451713
1223269710646530048
1223361099065712642
1223348417688227840
1223372334259527680
1223091882676367361
1223268385946890240
1223097460471369728
1223224086131724288
1223367024195207168
1223117425710755847
1223112277454282753
1223340329522417665
1223091549656891393
1223276073837834240
1223138516869074944
1223090214878568449
1223297978305335296
1223376967346610180
1223109997132804096
1223214899146321921
1223219449303457803
1223145886030499840
1223292720858456065
1223121001505943552
1223241661150638080
1223043719500390400
1223216671093141504
1223276806536597504
1223243221444128769
1223223527073075202
1223105432970911756
1223260894072856576
1223146477792432129
1223041012639129601
1223296855657738241
1223149004940201984
1223270689748082688
1223208129082478592
1223063050619641857
1223200035518734338
1223218810653511682
1223059804903608321
1223184047486070784
1223276603268050944
1223189594402770944
1223097276358373376
1223326663188066305
1223075886745800704
1223347959779119104
1223081422497271809
1223166308755243010
1223217978898030593
1223249803112353792
1223157677787885569
1223292837577424897
1223055510791835650
1223136179408629760
1223356360454217730
1223268399683272704
1223037705937797120
1223060680774807553
1223155079508709378
1223197538422943744
1223287975158734848
1223102291198144512
1223037092487487488
1223050123439149060
1223144887450787846
1223190478734032896
1223178213259730944
1223169008377221121
1223055127474507776
1223176505590677504
1223228012998680576
1223230452854591489
1223091236829106176
1223136831488909312
1223036132885172225
1223341954257154048
1223169743340830720
1223277580620447745
1223340145979596800
1223326869207912448
1223040534366883841
1223262929044135936
1223122500113928192
1223103645970907137
1223066884691677184
1223097045168394240
1223261473654394882
1223062029927403520
1223079406899384320
1223039711930912769
1223239048732405760
1223311650528186370
1223315667614498816
1223144883768131584
1223282171630088193
1223187654080188416
1223206082199162881
1223122444757524480
1223230344335437824
1223391351666085888
1223270590120939522
1223275844749139968
1223097234234867712
1223332658958213120
1223260299270078464
1223339245772922880
1223207067088932864
1223250726685556736
1223050006002683904
1223133852522229760
1223103140561440769
1223270048334106624
1223349518202261509
1223120111847915522
1223322042080071680
1223265019200188416
1223077996522803200
1223262379066048514
1223130598069305345
1223155482279530496
1223343656226017280
1223296241204977668
1223163112661995520
1223345805211394049
1223315966521511937
1223135890551083009
1223259474363727873
1223145425915518981
1223244525520420868
1223159224282140672
1223241185025593344
1223061462198947841
1223242561671688192
1223061233152204805
1223288204612263940
1223279545886957568
1223049172716269574
1223111239137497088
1223210141945864192
1223194149769359361
1223252537224114179
1223085425344024576
1223206875812040706
1223239956350537735
1223213250185179136
1223333660285440000
1223098019962245120
1223131718296588288
1223067297889144832
1223191764846202880
1223155941933113345
1223067048487444485
1223377732639297536
1223123334243614725
1223311745571151873
1223156770492817408
1223268537646452736
1223230379622109184
1223078308914651136
1223226236752875520
1223259249918259200
1223393772098048001
1223118942752800768
1223138841281748992
1223103707732049922
1223043025833725952
1223117945137549312
1223389142786002944
1223285326178766849
1223205780070907904
1223317923885920258
1223314717374144512
1223372317268381696
1223282150050615303
1223138001552674816
1223187936683921408
1223348374532870144
1223106951875219456
1223283414822014976
1223039502719115264
1223294898826141696
1223156986067353600
1223144421203628032
1223273495746007042
1223112722591580160
1223098040732381184
1223186175382315010
1223341038720495616
1223034014241439745
1223054448408186880
1223078088633798657
1223055186626674688
1223288194206261249
1223308952969957381
1223379723155333127
1223097360882065408
1223129218348810240
1223136818868043776
1223240325222797312
1223167075918565377
1223136854217613313
1223258864084189184
1223226436158357505
1223290502147006464
1223350324079005699
1223105734109351936
1223259461701095426
1223216758598905858
1223299506059522048
1223264710788694016
1223035167012319232
1223389021839052800
1223083471700217856
1223100773334052864
1223208745670447105
1223176145132118016
1223269659819950081
1223300133300793344
1223375946910240768
1223084016569442305
1223315989028274178
1223236354215227394
1223091649162559488
1223301857709346821
1223072613376782336
1223369512323436544
1223141270878449665
1223278426691379201
1223219534087122945
1223241608856064002
1223390270261288960
1223337788185227269
1223334318921129984
1223156689668575234
1223281284518158338
1223347408060534788
1223215159298097160
1223052776583778304
1223394969286672384
1223348101101961217
1223323432051335168
1223154103095910401
1223246744680448000
1223373039032832000
1223223700717215744
1223296848544161792
1223102843919298569
1223230141268025344
1223276266989613058
1223039519336697856
1223114372152614912
1223382929121906688
1223245832650182657
1223198087637680128
1223362034697408512
1223320170246148097
1223301520227217409
1223247732263063555
1223331160685596672
1223361532320288768
1223288880046075904
1223055573668835328
1223119285708394497
1223178754748551173
1223282506100695041
1223327954148712448
1223094215854321665
1223384211723128833
1223213071830863875
1223036944440905728
1223244340597682186
1223238902179336193
1223185349993779200
1223286336502804485
1223068942777946113
1223072397110149120
1223390438322819073
1223080466317639680
1223309509809991681
1223348669006733318
1223273097463246849
1223350400876761091
1223033543565201410
1223043654563942403
1223205062651994113
1223357578316603394
1223294714297774080
1223103189064376323
1223109943579930633
1223090996667269122
1223104708052578304
1223206810934554625
1223273369883201538
1223171552927084546
1223362665436893184
1223072195787649024
1223200018259173376
1223302490541772801
1223321420182126592
1223291056751509512
1223097402908766208
1223210489301426176
1223194956531060736
1223037761516535808
1223173681985327104
1223270936331374592
1223268308004282368
1223362705589002243
1223358379986284544
1223270512417222657
1223235882741686272
1223335981727780864
1223090946730004480
1223120287983472640
1223158538505269249
1223238817852706816
1223098015516200960
1223317662064709632
1223048132428103680
1223326773062119424
1223284574580379649
1223270958946848768
1223228038546173952
1223041073200730115
1223297161929953281
1223249361099870208
1223058601432035328
1223224617478823943
1223276217970778112
1223150361713594368
1223175558411976704
1223171757961621505
1223258470788534272
1223065571928891392
1223259297020170240
1223066980384526336
1223324192768053249
1223144961580859392
1223095798646411264
1223037171445256193
1223036070956294145
1223156596538142722
1223282431949713408
1223119270470549509
1223393584227012609
1223285770632470534
1223284454069661696
1223369258203254786
1223232719481724928
1223098106117382146
1223319144466198529
1223129171397758979
1223352259968258048
1223207013993172993
1223230025106784258
1223150313542049793
1223090219550986241
1223229784517378048
1223291641861152769
1223195103604420609
1223048930059005953
1223212508355280896
1223247324702478341
1223048403439046657
1223327747600154626
1223310592670257152
1223229078934704129
1223263236314714119
1223158572839661570
1223172101491658753
1223248274511015936
1223174182353211392
1223349515496935424
1223327013009707008
1223228670526935040
1223190941936181249
1223225247429726208
1223206910779723777
1223205572247339009
1223253509124034560
1223100113800708098
1223104147915829248
1223148333163671553
1223072293871673344
1223190145228132355
1223119567993524225
1223356115397812224
1223339199220404224
1223212320597389312
1223182081359958016
1223084327287709696
1223082838884409344
1223342228678103047
1223308015652278272
1223068476904034304
1223293463829057537
1223042483027726341
1223066295710572544
1223323189482336256
1223311622665457664
1223128808514936833
1223281275827638272
1223278390318206976
1223064680689807360
1223348838322274304
1223358959790235649
1223355063176876032
1223176671550828545
1223307183917600768
1223230661328134145
1223274743371051008
1223348860950417409
1223350535245271040
1223291208857817088
1223135029099823105
1223149617132580864
1223039317867552770
1223043532081860608
1223187452619186177
1223251589353205761
1223150317283336192
1223180875304558593
1223226552260784128
1223340844264099840
1223134691122761729
1223049999061139457
1223287019293618190
1223389714016636928
1223235243584262144
1223111727820111873
1223036296341291008
1223059247455490048
1223305603210186753
1223325960352731137
1223131130267938818
1223241764192096262
1223045266065874945
1223334251216560128
1223214003448623109
1223159089846308865
1223111292346462210
1223224739826716673
1223246941368279043
1223157178124656640
1223375935573020673
1223035915121102854
1223242590746808320
1223375506923556864
1223361822079823872
1223377302588817408
1223299471058128896
1223357814053179394
1223395305279971328
1223310192965824513
1223188077608230914
1223371229987590145
1223209240766095360
1223256515424833536
1223280394469949440
1223219015792971779
1223063861730795522
1223066519971815424
1223188552185458689
1223370229209882626
1223119964174839809
1223255380433784832
1223284657791229952
1223198747200389120
1223335439760855040
1223245499873947649
1223319042154532865
1223274701369348097
1223300393750364161
1223216445863211009
1223282453151993856
1223244221559312384
1223074481419231232
1223083712167833600
1223181999117987840
1223376410166939649
1223052111866363904
1223216497536860161
1223167416017936386
1223311001040433153
1223375060523606016
1223179344480296961
1223141278356914176
1223223716756119558
1223110609933197312
1223357840309530624
1223294762788249601
1223131171095056385
1223122364558237696
1223260285139660800
1223242401055010818
1223188077209772033
1223055426452959238
1223061159806414848
1223067254641717250
1223181680321523712
1223050865768116230
1223180169470300160
1223384883243835393
1223394545942974465
1223100818234068993
1223241848208023552
1223066111853203456
1223058645778219008
1223363060884299781
1223187103296577536
1223261073471610882
1223296949329240066
1223112158893838336
1223249283744272384
1223253606360547328
1223333431184166913
1223051067673309184
1223252695668219905
1223125948205162501
1223084366642810881
1223131555142479872
1223182152533045248
1223037116080365571
1223359854099693568
1223088930574290944
1223169907539365888
1223215715274063872
1223037087437545473
1223159427869466629
1223042420763348993
1223389308687532033
1223202699706945538
1223242326362992640
1223351505354444800
1223214142804217862
1223311558069014528
1223128690416111616
1223197121085607936
1223230006760898560
1223389253838655488
1223325115695476744
1223040763438817281
1223193652660441088
1223335842648735745
1223035178374914048
1223280940354625536
1223328585055907841
1223282477067915264
1223315420536590337
1223338971700191232
1223206764415307777
1223037740469620737
1223036712890306560
1223340868976943105
1223246901866156032
1223084527074938882
1223232722585505793
1223187129712463872
1223283872680611842
1223290333628227584
1223353908208242689
1223370579698421761
1223223702805979136
1223228829222809601
1223306769964859400
1223099390971146241
1223161036859236352
1223382747202408448
1223054880811601925
1223112493125365761
1223068333777379328
1223376655172939778
1223285756673703941
1223087952085110785
1223042460747583488
1223329331943890944
1223141523618844672
1223318832321789954
1223135183001411585
1223163746442334208
1223235631603539968
1223215721850654720
1223247760692039681
1223180787639443457
1223194728700604416
1223230360365891584
1223194841133174785
1223281267824742400
1223181691834920962
1223101160858406912
1223137660425789440
1223369218982207488
1223324463418101760
1223273654567325696
1223358591819755520
1223116918443237382
1223273838542315520
1223165815190695937
1223361885581520898
1223389437373173761
1223366759908093952
1223241223902617600
1223389613525471234
1223297011056873473
1223292694010613760
1223286699859566592
1223394531208503296
1223382352161800194
1223182406175227905
1223285121807089664
1223042544210206722
1223177858182332416
1223352469704581122
1223299684195696642
1223071634971455489
1223383636411650048
1223247574204866561
1223227155913428994
1223045727431143425
1223129463593922560
1223262480446652416
1223176566215041024
1223148054066409472
1223324965266653189
1223242820892397570
1223237731389587457
1223325859169390592
1223098049406406656
1223287276433760256
1223221923879895041
1223298541562429440
1223135500115963904
1223389821642502145
1223290048772280321
1223381125151617024
1223033652382056448
1223054640909914112
1223254117822320640
1223278916963655680
1223075614569009152
1223326414138724352
1223306243416248320
1223040712184188931
1223168795163930626
1223394677614874625
1223235784859365377
1223127221285441537
1223199859529920512
1223395420602159104
1223192526674374656
1223177457496477696
1223076495888801793
1223033758552510464
1223267161399070721
1223389689660313601
1223112416117940229
1223380869945098241
1223253021192265728
1223209069642563589
1223111152139288576
1223082404971196417
1223250435173232641
1223034018913849344
1223087774062063617
1223246565483016192
1223148190733684736
1223207887775899648
1223187936969134081
1223121057344704515
1223285882888716288
1223173938961739777
1223072024639094792
1223312797653749762
1223115132500185090
1223201130877833216
1223318452300996609
1223326712605396992
1223173709332021249
1223281431784247298
1223293727424368641
1223152877473918976
1223232605690056709
1223223024960147456
1223200674353238018
1223323230351396869
1223332960600051712
1223200252431339521
1223299310080663557
1223054903645523974
1223248660760268800
1223279782672130049
1223188526906273793
1223254606471294978
1223123432662941696
1223219204180140032
1223181608531963906
1223066156329648128
1223265330237190145
1223339270749990912
1223109924726534144
1223102485285330945
1223201076582678528
1223043390666788865
1223056255717191680
1223362903090188288
1223258402568228870
1223329299048038401
1223257787372695552
1223168061944942592
1223240823569047555
1223244697000239104
1223256117440131072
1223280408034451456
1223228930863353862
1223199466301214720
1223146220941529089
1223263303016878082
1223068428681936898
1223269913764040704
1223208961110945793
1223119241332715521
1223107106238107648
1223229507840200704
1223260978902634496
1223311594656096259
1223225706836119554
1223269344018419713
1223355911424573442
1223289753199468544
1223367668188598272
1223364174975160321
1223361278548348932
1223265558369619969
1223380295115845633
1223229734458359808
1223340238053036032
1223277755808264198
1223362484528173059
1223356810335141888
1223384255549583360
1223381808689176577
1223118450354032642
1223183018841427968
1223059995719163904
1223148183477342208
1223060365619187712
1223150055365869568
1223242224181268482
1223351013526007810
1223300359717867521
1223103965069316098
1223311054286942208
1223313721813921792
1223270859709779973
1223093041206042627
1223243015503974401
1223110676178014208
1223222491503644674
1223235192275587073
1223348688367603713
1223356763057065985
1223143204377071616
1223296117112111104
1223230803171143680
1223111958380941313
1223055507952480259
1223178641007353856
1223231160257409024
1223202859203776512
1223145213813760002
1223379263014998016
1223153408426692608
1223304805038215168
1223103103718703106
1223132899064471553
1223319226317930497
1223121068463816705
1223183014714200064
1223067906268811264
1223121271455485952
1223375526280204288
1223188567179976704
1223167292663529472
1223224136673218561
1223111645506895872
1223318868992634882
1223237918266884097
1223202623886487552
1223281986367737856
1223141633920684032
1223382388480278534
1223082303410331648
1223208903283892224
1223056958673940481
1223079611564613634
1223241546969034757
1223119053322981384
1223106537683468288
1223068038607409152
1223066827468623872
1223299100004823048
1223351123806953473
1223098033656582146
1223188694187769856
1223064867537637377
1223193766434967553
1223077886212616192
1223119782733438976
1223270295911272450
1223107915831136256
1223323733244420102
1223132630239055872
1223326556875038724
1223318851657572353
1223310943351910401
1223051400000593921
1223265296858959873
1223152947741126656
1223320445799346184
1223271449298907138
1223050926711283713
1223341311173857280
1223275638129213444
1223205805551423488
1223152712801370112
1223235525647224832
1223155244147757061
1223381654867193856
1223206232334512128
1223179474004561920
1223252312879177728
1223364024718381057
1223326226112229377
1223040192568754176
1223369356928831488
1223235633793196033
1223121384747831296
1223168810481606656
1223368305164967936
1223237384403324929
1223241892743114754
1223383228033056768
1223057208453275648
1223063793879511041
1223305895162941440
1223252578319945728
1223097894405840896
1223111660639936512
1223174879341494273
1223235380138266624
1223373374178713602
1223102969723244545
1223114728374845441
1223347273091993601
1223073564993060864
1223314056347639809
1223044738271469568
1223354886781394946
1223255213118828545
1223264943673311232
1223183909019639809
1223042753996550144
1223157068758020096
1223047606231683072
1223293467742306304
1223235807168696320
1223104061982924800
1223316890111574017
1223219033497051141
1223313282540302336
1223325915750502402
1223193667386716160
1223048293237673984
1223176980037685254
1223090972751540226
1223197119072423936
1223060384828940291
1223323212877942784
1223078291633913856
1223212429083017216
1223152681876746240
1223164869807132677
1223326693902946304
1223165501305737217
1223257758645940224
1223319574680129536
1223212182344622081
1223224403904716801
1223176166418157568
1223066898998296576
1223072020125999104
1223065452471115776
1223379159721771009
1223223634120118274
1223054937602646022
1223097181827223552
1223377534462693376
1223076187955761152
1223125770760933379
