1220755008158937088
1220766153406144517
1220753490823090178
1220754541626429440
1220759369417216000
1220758113688535040
1220755964548337665
1220758165119258630
1220758241262493696
1220761789891301377
1220760304788889600
1220762360027045890
1220760309817675776
1220753224673591296
1220767753109495815
1220760914334371840
1220761201027833857
1220761873198411781
1220755625736577026
1220755272161005569
1220758961906864128
1220753624587894784
1220756916487327745
1220759905537126401
1220766376081661954
1220757461843484672
1220754599038111744
1220756576711012352
1220760196269527041
1220767301147873281
1220759933156646912
1220757202060947456
1220767081756532739
1220761278861307904
1220766447133241344
1220753856637718528
1220754544155475968
1220759982439723009
