1221691379778125825
1221692995214462976
1221690761093185536
1221702792324141058
1221693805281366017
1221692767174189057
1221699400914784257
1221690393475022848
1221697669694881792
1221695128433119232
1221695301712564224
1221696073330307073
1221699638685601793
1221692987580780545
1221700295668813826
1221690754394836993
1221695321438224385
1221701724030685184
1221692286834221056
1221691153684152321
1221700034586013696
1221703087691386880
1221697528501899264
1221695787609907200
1221699388906471426
1221699499019530241
1221703990649462784
1221702267469910026
1221689558007472130
1221692495760969729
1221694884567871488
1221693692353736705
1221702139837157377
1221699955208769537
1221694874036133889
