1223238071921016833
1223244291184586752
1223232680906477569
1223233587430023169
1223241495135653893
1223243204306165760
1223229642926063619
1223229999966191618
1223242154602061824
1223236834739675137
1223230282704158720
1223242233442455552
1223237217402814466
1223243148698062851
1223229563125133313
1223234980635013120
1223243045073715200
1223243644309655552
1223241231943139328
1223242374232432641
1223241394988310528
1223230098448404480
1223239667782279170
1223244388806955008
1223235455715549184
1223244229708615681
1223239743594475521
1223241345818660864
1223230261678100480
1223232405164548099
1223241664036130816
1223241996204032000
1223241374339936263
1223241738963128320
1223233191558860800
1223235193068122112
1223238021312417793
1223232977758343168
1223235258906103809
1223240888219926528
1223242079272341505
1223236522297778177
1223230800759529472
1223229496448421888
1223244540900827137
1223231643390902274
1223236281565618176
1223241568540332032
1223241750728364033
1223243043307954176
1223230573390573569
1223243573522505728
1223242663941550080
1223232847063977985
1223242100667379712
1223235804379504640
1223239691824181252
1223233780493647873
1223241744034291718
1223229601025052673
1223233264795693057
1223235284806053889
1223229459060445184
1223236371470569473
1223235398182158336
1223244530297835521
1223235000297902080
1223231756418945025
1223241353381011456
1223232440963125248
1223232989670379521
1223235792191086592
1223230775438532620
1223236948426469383
1223236465846390790
1223229601456877568
1223235478218035201
1223241362532896768
1223242555095044096
1223241499472646144
1223235463374364672
1223232335568502784
1223241031694594048
1223235209589481472
1223242121005629442
1223243808495681537
1223236121892655104
1223230495636328448
1223239792139407366
1223240281882910722
1223235367358197762
1223238501724033025
1223229883058278405
1223231161167687682
1223234326080434176
1223235325717291008
1223241894068736000
1223235613245108225
1223237041778872320
1223241009468805125
1223230456159784960
1223230444478459904
1223241040469090305
1223231444048175105
