1221247596838080512
1221240620066295809
1221243637872201729
1221239605787123712
1221249383124979712
1221242735312670720
1221250035565744128
1221248743510441984
1221248702032961536
1221247169178546177
1221237294855872512
1221241122011275264
1221249347939074048
1221237443397066758
1221245532338712576
1221249908839272449
1221240239739375616
1221238945704378369
1221250367427616769
1221250527280926725
1221249417006551040
1221244934574891008
1221240752635817986
1221239591367168001
1221245398783791104
1221236935546458112
1221247471113965568
1221251061735837696
1221238758105698305
1221248237161472002
1221238667399720961
1221242879684726784
1221237438363779073
1221245748475334656
1221239987057897472
1221250598676254720
1221241104378605568
1221236612673216512
1221243722987462656
1221250809293201408
1221245239605768192
1221246645171642373
1221239796762390534
1221251302929227776
1221238226582523905
1221250676941979649
1221249279261458432
1221244116870131713
1221242837791985664
1221241559313633281
1221251209098452992
1221248456691343360
