1221720831404851200
1221720750958112768
1221734170885611521
1221732697636098049
1221719714965151744
1221722884122402816
1221727949373595650
1221720563573391360
1221730786077892609
1221729548795957248
1221733064457347073
1221720884655857665
1221725555550089217
1221733933785604098
1221723496117522432
1221719610124390400
1221732160966680576
1221729435809873920
1221733489646751744
1221720519772258304
1221728006105776129
1221721422394880000
1221734123150237697
1221724165851488256
1221728309249101824
1221731905256611840
1221727749712351232
1221731934742728704
1221732593076330496
1221724828236840961
1221722883681972226
1221725213865451520
1221732344752746496
