1223210362943803392
1223199907655254017
1223205220232126465
1223211858846351361
1223213980132315136
1223205316671627266
1223206760133033984
1223208635154751488
1223202743038500864
1223207098378526720
1223201010396618755
1223201206815735808
1223199757574733825
1223212917606076417
1223205840364167169
1223203119309430785
1223206022669574145
1223211930346647552
1223213226302689283
1223206326257340417
1223199856015106048
1223200676962086912
1223212459667927042
1223212105416896512
1223199920460451840
1223208025382584321
1223213281445208065
1223200207258570753
1223203273466880000
1223200571760332800
1223202432429088768
1223200482677665793
1223212869266878465
1223209004006039552
1223212673858297856
1223203853681729537
1223212138707275777
1223200867215642624
1223209180464435200
1223213178764611587
1223213230224478210
1223207307091365888
1223211653820485632
1223207722515976192
1223201215758000129
1223208730717671428
1223211078454214657
1223211571330969601
1223206091669925888
1223214126702432257
1223211191188615169
1223200902108065794
1223199676490489856
1223212790111928321
1223211788780687360
1223207207937794048
1223208003115061249
1223203863706120192
1223199758413631488
1223200562776137728
1223200401698148353
1223202805021839360
1223202719575552000
1223201049302855680
1223212748114292736
1223213108354633728
1223204276584972290
1223206375444008966
1223206550623285251
1223210566551867392
1223204934050623490
1223207519851405312
1223205429993517057
1223213592784384000
1223199988324286464
1223208712841523201
1223199838747201536
1223209162286477314
1223207262208122881
1223208263937875969
1223200204343496704
1223207799729065985
1223212442936700928
1223205845342785536
1223200369205022720
1223212861465325569
1223212519218651136
1223206697772240897
1223211169080463361
1223210077617676290
1223199922607902720
1223213182535241728
1223202121526456320
1223211810037194752
1223211804089712641
1223206050263904256
