1222601831974567942
1222607043644854275
1222607509539696643
1222606581566709761
1222608145744351234
1222596242397466624
1222601425089417216
1222598576854855681
1222598277490728961
1222598860930863104
1222606114610655234
1222596615434719232
1222608515832995844
1222607866508398593
1222600425238487042
1222597815790178305
1222601721270005762
1222605431392145409
1222606532396765184
1222608930511183874
1222600251913252864
1222600410457870336
1222606674814537733
1222598072758226944
1222600577840041985
1222600076473667584
1222610361100140551
1222600271005659136
1222607007376715776
1222601482178113542
1222603131428708354
1222606681005273088
1222607274662821888
1222598809911513089
1222608773325389830
1222606424951402501
1222601111661694976
1222607439356399618
1222602583241416704
1222598263771021313
1222604365279531008
1222598804375048193
1222608379945914370
1222598832384593921
1222609695271051264
1222602534256283651
1222608409574461442
1222598677962817537
1222606787154673666
1222605933991333888
1222607926860419074
1222606057744355328
1222598083550285827
1222609489435811841
1222600253494452226
1222599210689794048
1222606858160164865
1222602163500670976
1222607606616920065
1222602389070450690
1222607448374042624
1222597378651381761
1222601699086557190
1222609111696592896
1222603916120068096
1222605090051067904
1222603503421546496
1222599108453597191
1222608543574036482
1222602463108354048
1222599842259664903
1222606406521507840
1222598307622637570
1222606195829112834
1222608206985355267
1222607220329893889
1222603419053121536
1222598654197932033
1222601867106168837
1222599990415020034
1222597593404002311
1222597962636963841
1222599840133197824
1222601598100299776
