1223340432156848128
1223349293479755777
1223339236679569408
1223342209564471296
1223342112072175618
1223343382707105792
1223348205447872512
1223341654079180805
1223338710374240258
1223344318586458112
1223346257134931968
1223340636700598276
1223345996945453056
1223342821710626819
1223349502452609026
1223347525186457603
1223340509042806784
1223349040517173249
1223348216755822592
1223341640565297153
1223338195393400835
1223339699986546688
1223349151741763587
1223348884098994179
1223341699474382851
1223348070043324417
1223349187586281475
1223347218532319232
1223348232316706817
1223345948568342528
1223337972680024067
1223340288850243587
1223336697502429185
1223341713915367430
1223349296008794112
1223340007739609089
1223343515125649408
1223342211955417088
1223340400376799232
1223349533024968704
1223341700564668416
1223349372974510083
1223335870507470848
1223346542666485760
1223349066899181568
1223346983777243137
1223348188800790528
1223349063153856515
1223346724078530561
1223347288124411905
1223341926818160642
1223350066783629312
1223345567704719361
1223337076487311366
1223340147766431747
1223346662992531456
1223347508409180160
1223337139942891521
1223337368758996995
1223340172583944192
1223349507687141378
1223341195033792512
1223338494380167169
1223335166904541186
1223341443500007425
1223344876030316544
1223347746209398784
1223348203552169984
1223340600415547393
1223341979221839878
1223347665984901120
1223339954568187906
1223340728337739778
1223338812094304256
1223338172702056448
1223342450141384704
1223342124344795139
1223347024528936960
1223349301465751552
1223344381073096704
1223348180655464453
1223340715310104577
1223337147593306121
