1222058467675885568
1222060104197070848
1222062627091697665
1222053670985977856
1222053953166143491
1222053882819276801
1222057256931545088
1222058750749462528
1222062573950029824
1222064202107342848
1222061937887977472
1222055441368145920
1222065939962834944
1222055980885630976
1222055686466670593
1222058132551229440
1222061518423875584
1222062231636062208
1222052691477557248
1222051936062464000
1222062364889112577
1222061772930072576
1222058037357219840
1222056503877783552
1222063666847080448
1222053822891089920
1222065261899124736
1222058415746359302
1222055573102919680
1222063315225939968
1222055846349131776
1222056584089653249
