1221978937124773889
1221990781054898177
1221979039625334786
1221988863414923264
1221983147832889346
1221977007065485313
1221986974770368513
1221984731153125376
1221980121508106240
1221981762496024578
1221983128828424192
1221977991795765249
1221987054608769024
1221982990877650945
1221990169932443649
1221979435810709504
1221989332854169600
1221985737228288000
1221991282098098178
1221990211359428611
1221983504713388032
1221990682832695296
1221980404908838912
1221990852131794945
1221982817938051072
1221980693246300162
1221984551368478721
1221985240660480001
1221977307079819264
1221991180575092736
1221982662656528384
1221980415554138119
1221984613448372225
1221990561009340416
1221990955483574272
1221984132533641217
1221983263087923200
1221984704334790656
1221980023277539328
1221982938503364608
