1222917821509881858
1222914289809281027
1222917766778441728
1222917635198898176
1222925779136208898
1222923843674804224
1222918948213198851
1222916651852738560
1222916750167150597
1222924614151671809
1222912885732470784
1222914813116014593
1222919249028665344
1222923846577115138
1222914729670131712
1222920244315987968
1222923994283855873
1222923627164852226
1222921195810504704
1222917075682955264
1222921865578020864
1222918754117378048
1222926186189209602
1222924943735656448
1222923559602991104
1222917462502461441
1222922627636846592
1222919406528999430
1222919778861486084
1222924975889215488
1222917654077411328
1222922580702760960
1222917904901005313
1222919862760153088
1222924904644792320
1222917211309985793
1222913758177050624
1222914377206108160
1222913667995275266
1222927301131886592
1222919409875943425
1222926732673605637
1222923534193717248
1222923943117500417
1222916713785839616
1222922647807254528
1222923375456030720
1222922653696172032
1222920309554151424
1222913167178661888
1222914879788482560
1222916483577274371
1222915501497520130
1222917269426143232
1222916281126531072
1222914022191837185
1222917462385029120
1222918600916262912
1222924586980741120
1222916642583089153
1222925513137836042
1222923685427847168
1222921855171993600
1222913654661709827
1222913556770959365
1222919291990958082
1222922638324043776
1222917560615698433
1222917076001738753
1222913431860400128
1222916752771895297
1222916878940758017
1222917049174892545
1222914841364459520
1222922370723147776
1222915486729420800
1222917374178775041
1222916983844290561
1222916986809786370
1222922519776129025
1222921278753050629
1222923136070369280
1222926465878020096
1222924411470303234
1222923708869668865
1222913720419897345
1222913890926727168
1222923416145137664
1222921706525921280
1222925809217830916
1222926677585604608
1222921515177476096
1222923529160708096
1222916684727504897
1222919872419483649
1222924528554102785
1222916900012748800
