1222191379859890178
1222200430857347073
1222196120811642882
1222188297507655680
1222193195280367619
1222188708495024128
1222193146676813825
1222197464477749248
1222188745199366145
1222192736343941121
1222199440812851200
1222195144780214273
1222195507658813441
1222189898838368256
1222190507524349956
1222193182848385025
1222189020236730369
1222191292224098304
1222191288746835970
1222198070370136065
1222199619670695936
1222191303385133056
1222199889897099275
1222189268954763264
1222192629070192640
1222194096661356544
1222194079863332864
1222194309346156545
1222194173161414656
1222189627320107009
1222197201004265472
1222196346444120064
1222190226006781954
1222201542201225217
1222188372908789760
1222194558336929792
1222200354235916289
1222197939809980416
1222200046554238978
1222192938127507457
1222200235524534272
