1221298938830966784
1221304692384264192
1221301286286458881
1221302533961838593
1221303018513031168
1221309850526765056
1221308959375556608
1221298386827186176
1221303325213069312
1221297408577015808
1221296761848897542
1221299732569640960
1221303453806235648
1221300456216915968
1221303047260966912
1221302637066256385
1221310636426006528
1221305716599742464
1221302571777896449
1221301287054192640
1221307080281247744
1221300259499831296
1221308599047057414
1221303439508082688
1221305796874498048
1221309189018062850
1221299861191966720
1221299242888761344
1221297226279944194
1221300144659890176
1221297219568984066
1221301365151920128
1221309486817611777
1221304136466980865
1221299825280307202
1221300477901582336
1221297273994465280
1221301590314889217
1221303335849906178
1221299813209141248
1221309129379078147
1221303100880777216
1221304877407588354
1221307452559220736
1221307183112941568
1221305675499950080
1221308057583374337
1221304967082004480
1221305035654492161
1221305179284197378
1221307706402697217
1221308279663411200
1221299882515890176
1221298399493779456
1221309984136261634
1221305151798956032
