1222658241269768192
1222659076020146176
1222657089580879872
1222669482281381888
1222656752497430535
1222660445506539520
1222669868220051457
1222668813923233793
1222668441460461569
1222658325881421824
1222667411201183744
1222669781540724737
1222657850104782850
1222665838647369729
1222662104798433283
1222666415997513728
1222657083297976322
1222670650969600001
1222667911988277248
1222667190286946304
1222668112438280192
1222658481108504576
1222659120844681218
1222661426290077700
1222665062030155776
1222667142832644096
1222668212828958722
1222663309867933696
1222657346083676162
1222665625304211456
1222660378355732480
1222663949381971969
1222658433398321152
1222666249831899136
1222659055363162112
1222661565708668928
1222666475829329921
1222658505372590080
1222666890939490309
1222665573282144256
1222657556025241600
1222665591799996416
1222660602746687488
1222658548934553600
1222669256216711168
1222663599598002181
1222667225817133056
1222666848077877248
1222666802578239488
1222663776740077568
1222656562772078592
1222658217047666688
1222665098621120512
1222667307974922240
1222655709302517760
1222656572360400896
1222666971789000711
1222669861500833794
1222659323785908224
1222666275719204867
1222657628746047488
1222656624273301504
1222666512588267524
1222661330210971648
1222655868828815361
1222657146040524800
1222666431399186434
1222665771312013314
1222655806006386689
1222657636262457346
1222666201559494661
1222666810291576833
1222661747271749637
1222658178099249152
1222667259044339718
1222657581803544576
1222657621762674688
1222668887780511744
1222658757575884800
1222666699104612352
1222656839449546754
1222658052505075721
