1221899630536871936
1221898512356515840
1221895311150452738
1221900048721539072
1221888453496819712
1221897211488825344
1221891245469065217
1221887942496407552
1221887547460055041
1221893108683722752
1221886418747887618
1221891664555343872
1221886971150245892
1221892100007985153
1221892621729054720
1221889746001190912
1221891432820150272
1221887193834123264
1221889324091871234
1221886775066529797
1221894709435457538
1221896686190190592
1221895455245832193
1221897720178364417
1221893365869969408
1221888279806717952
1221894111667470337
1221893498187800578
1221895549881896962
1221898369783590918
1221889237940723713
1221888227780517896
1221885767317966848
