1221041390366294016
1221055091337322496
1221053456246628352
1221044356737458176
1221048103555473408
1221053830743326721
1221054620132208640
1221054077389418496
1221048668360531968
1221050546666143744
1221051346788474880
1221048639591632897
1221050504337186817
1221048373072912386
1221044085101940737
1221047779709112324
1221049614821777409
1221054100411805697
1221050967497617409
1221048659279843330
1221043382325301248
1221040367539310593
1221044312558858241
1221042126730907648
1221041943192403968
1221047272898691072
1221049908355952640
1221048975576457217
1221045886274297857
1221049985208213505
1221049625689427970
1221047943156776962
1221048093396701184
1221052038210965504
1221052696058368000
1221041864066789376
1221052160416174081
1221045121765953537
1221043242994716672
1221041363451437056
1221042689434701825
1221052492865081344
1221050670809145345
1221040588570710016
1221045062378967040
1221044298403274753
