1221821876260962305
1221814691455893504
1221820701855952900
1221823051462926339
1221816478187409408
1221815875868811266
1221811497501974528
1221816990630735873
1221810774512939009
1221811579802521604
1221823196137164804
1221816460152123395
1221815507952852992
1221812660091617280
1221821878542589952
1221812539584962560
1221823805812695040
1221811766503456769
1221820301744463874
1221815321650053120
1221825150255091712
1221814274508505090
1221810743537995778
1221818529739087872
1221819140031168512
1221821917847408640
1221817062881808384
1221824726328397825
1221822214275657736
1221810893140516868
1221822367195746305
1221821068249268225
1221810994516840451
1221817095777742848
1221810186936913920
1221816400156811264
1221820971465629698
1221819825053454338
1221822637304795137
1221812640680464386
1221820111029522432
1221813497949851648
1221811289527242753
1221819561789386752
1221825036643979268
1221817652877778944
1221819074444812290
1221813808643158016
1221814138999070722
1221816653618376705
1221825101689245698
1221811357546438657
