1222165463494537216
1222171879294873605
1222163743339139073
1222169798215376898
1222166065209233409
1222170862020898816
1222158420205195264
1222171946609082368
1222162682880675841
1222160555881857025
1222166386941681667
1222164002165231619
1222169821011267584
1222163717762297857
1222159128363225088
1222158510340722690
1222169414822498304
1222165186393427974
1222162083095236608
1222169972937379840
1222157675082981377
1222171345276063744
1222163044437880837
1222159023652462593
1222172168793939968
1222163795709177857
1222159558803644417
1222160250159034368
1222167231263576064
1222167780155371520
1222157381007761408
1222159645973733376
1222158283903062016
1222160318127689730
1222160122895405056
1222171728933199873
1222158582310981639
1222157573270323200
1222166609634254848
1222170814038073344
1222157496317427714
