1223139569681387524
1223144672484179969
1223146498080178176
1223145296739405824
1223153089064116226
1223138880578256896
1223145262060834816
1223144004600180736
1223150713750069248
1223142362710532096
1223143692455694336
1223148378340589568
1223144772652560384
1223147694513741824
1223139379704524803
1223141688950120448
1223148983415005184
1223140308076105729
1223141410385252352
1223144337183129600
1223146395386990594
1223146211927977984
1223142932514951168
1223150218658500608
1223146630091870208
1223153271696691200
1223153618888675328
1223145439555391489
1223153002665496576
1223152494043205632
1223144190680403969
1223152660720701441
1223148579382013952
1223152763028135937
1223153870999900163
1223145802484342786
1223144049550352384
1223144699969622025
1223150176279265281
1223143514734780416
1223139741232582656
1223146628082614272
1223144889652662273
1223144161047695360
1223150053549838338
1223149744928829446
1223140511218917377
1223153638589304836
1223153188284428293
1223145552478642177
1223153367716900864
1223140379454836737
1223145365584527360
1223147974672318464
1223151339254906881
1223145228615311361
1223149776281096193
1223150817026486274
1223149874046103552
1223146869074714624
1223144687327940609
1223150120151072768
1223149934347681793
1223150155781767168
1223146114787893248
1223153047754375168
1223153113881665537
