1221493962168578048
1221501045064359937
1221495520503353344
1221507742604713984
1221498485796737025
1221501597026541572
1221506885205053441
1221494537144586240
1221504083808473090
1221503619910053890
1221506818456743936
1221497492719554561
1221503607713009666
1221505244212924416
1221501716211863553
1221506332747915264
1221503263096430593
1221498707410993153
1221505140030693379
1221505462320812033
1221507416216547329
1221493091330183168
1221497041458733056
1221504696461905920
1221498052571271169
1221493474060619776
1221500775404167169
1221505945211232256
1221495289703469056
1221499026232750081
1221499281590194176
1221496978875518977
1221493269944655872
1221502200129753088
1221506644816941058
1221501214279467008
1221507217796534272
1221499264104325121
1221507074326245381
1221504235944189955
1221495801383456768
1221502338306719745
1221493459388858368
1221497306454745089
1221500119822077952
1221503228031823872
1221502362012938241
1221503555330174976
1221506850169946113
1221500115157954560
1221493734229139456
1221501523269758977
