1222126428122230786
1222112474725539842
1222125243575095296
1222126265777512453
1222120285521862656
1222120052146757633
1222116381660831744
1222114414045720579
1222113863186944000
1222121189843308545
1222121054505586689
1222123807739002881
1222116395472826368
1222122462365831169
1222122965799706624
1222112155282993153
1222116801993232386
1222124217250066438
1222118466078928896
1222114994487095301
1222112765013151744
1222120794974646273
1222114157610315776
1222116556790030336
1222113748858523649
1222116308046663680
1222119609479774210
1222113426312294400
1222126587237109760
1222124006423384064
1222114721429688320
1222125057884819456
1222115133368913920
1222112980394901505
1222115405633937408
1222123347200200704
1222121734054105089
