1221550261489012744
1221551927345012737
1221543027531034624
1221553395019939840
1221545841011363842
1221543898729926660
1221552395236204544
1221543664725327872
1221543130463449089
1221542301576704001
1221541811598086147
1221552449841819648
1221544817253134337
1221550861308112896
1221544016736669703
1221542553687691264
1221547599305609218
1221549855526375424
1221543254639939584
1221542206441283584
1221546775888244738
1221540211420815360
1221552801223852033
1221545419823599617
1221550991591370752
1221543698292518912
1221542105333555202
1221549005773164550
1221551811175309313
1221551347691970560
1221549423894900737
1221547541587623936
1221544447051214849
1221543387305779209
1221552965288263680
1221546678999830528
1221548358780604416
1221547424528777218
1221538577139429376
1221553304326545408
1221545924037697536
1221547626727968774
1221550811093721088
1221548335619878912
1221547447027027968
1221542318668382212
1221547523791257600
1221548402258980870
1221552416086204417
1221544116099612678
