1222206305898782720
1222215493702115331
1222210774946414592
1222202708117065730
1222217653877559297
1222210194492534791
1222216523550543872
1222209325281751048
1222211108548669441
1222206597507747840
1222211665342627842
1222203129560805378
1222205154566393856
1222216705432342529
1222210027332800512
1222209596942684160
1222203447463895045
1222205999836270594
1222204584287821824
1222213095805812736
1222207521416343552
1222207489351004160
1222206175317389312
1222212871695691776
1222209505460510721
1222204005914435584
1222210199471185920
1222209828367540227
1222208289275924482
1222211964472119296
1222214095098851329
1222214842922045440
1222203721964277760
1222204974781865985
1222209906490691585
1222203244325363714
1222212542652723200
1222208355483123713
1222204973880160257
