1221357594889027584
1221359364717441024
1221366957628256256
1221362715438014464
1221358766324625408
1221367887706767360
1221370258088325120
1221371942373969921
1221371585199628289
1221357845666385920
1221357198439149568
1221357985856811009
1221365747567300611
1221364081501720576
1221370931962138624
1221366313580404737
1221371822215696384
1221367983097823232
1221361238845739008
1221368708947267584
1221365705850777600
1221367414266454016
1221370660607234048
1221371347227402240
1221371090259206144
1221365438967353344
1221358327592034304
1221360125866209280
1221370740869484545
1221357689374158848
1221367275720019969
1221359984438431744
1221366522787987456
1221363761342140417
1221367206006513664
1221369251610624001
1221358821756456960
1221357169414561793
1221361812249051137
1221364245285064706
1221364480308736006
1221359448632856576
1221359373844267008
1221370207198826497
1221361682590707712
1221357361203253248
1221366137973116929
1221364287744004096
1221369883646025732
1221358439294590977
1221358922503614464
1221370863615795201
1221367086900903936
