1221825323978772481
1221833430389968898
1221830760610631680
1221839371374145537
1221837033922027520
1221838344897716224
1221831743218442241
1221839674450358274
1221835323899932672
1221835115979894785
1221825288536915969
1221830089769271296
1221825267884347392
1221831807131250690
1221827940561956867
1221837837831757824
1221839290549796864
1221836677863243776
1221833619825659906
1221839522033364999
1221833183185911809
1221836571336306694
1221836748428210182
1221833939637108738
1221829859493593089
1221836844922478592
1221826450250260480
1221831740584390659
1221829942490435584
1221834523266224128
1221829306944409600
1221835801950113793
1221830081590390784
1221839544863150083
1221828839682166789
1221827283108806657
1221828691531124741
1221836363630305282
1221826978715721733
1221839801151823873
1221835287623417856
1221828167792496640
1221826976043929605
1221836879181385728
1221837655249432577
1221827233259708419
1221838967223525383
1221826854421716992
