1222615801087303681
1222623666204053504
1222624759063687171
1222618417771040768
1222623092100349953
1222621514807119872
1222615448954507264
1222623851336667138
1222615601119711233
1222611360820817920
1222623108399452161
1222622880829267970
1222616719879000065
1222624948180672514
1222613514352844807
1222615914300039169
1222624975011688450
1222614441545437185
1222625102392692736
1222623205116010498
1222616957004013568
1222623089499856896
1222623191673081857
1222621698605961222
1222611058646487041
1222615837221314569
1222624404804395014
1222623315728183297
1222612971412770817
1222623714832986112
1222624002839138308
1222613829013688321
1222617291113881600
1222620194893451269
1222615380843225093
1222621941762351109
1222623311802306568
1222618152741359616
1222614287463530496
1222624132824797184
1222616972178882563
1222615049585426434
1222624881067593729
1222615900299374592
1222617208607649792
1222616164477456384
1222611471416217600
1222625388385447937
1222615460727967746
1222613588998836225
1222624635847630850
1222624772720398336
1222625060466438149
1222614962935418880
1222620646452101127
1222616755756888064
1222623285537538053
1222616598428766214
1222624278241140736
1222625047917027328
1222611543189225473
1222624079846498304
1222615720229588993
1222617913674194944
1222623147779858433
1222614691685507072
1222620908898091011
1222623018305949696
1222622916375871488
1222615679989374976
1222616310259077123
1222613774332518400
1222624142572257281
1222625300728700928
1222620039020457984
1222624860872105984
1222624310201921545
1222615034993442819
1222617197836742658
1222621098036154372
1222624630256463872
1222617938387263494
