1220688125640560641
1220683337297207296
1220682462495305730
1220685668667408386
1220679411847974912
1220686657621385219
1220681531116572672
1220683477386919937
1220686969962934273
1220689792733564928
1220679463710724096
1220691551363297281
1220690206187089921
1220688473717444614
1220682449463758849
1220685169981448192
1220679923481763840
1220680841510170625
1220684787741945857
1220691121778524165
1220680122669445125
1220691917115133954
1220685292077830146
1220686306298040320
1220687667274420227
1220679569058889730
1220688264140595200
1220688621759541248
1220679344659496960
1220684054036611077
1220682874053066757
1220692097113571328
