1221531271450517504
1221526410260467713
1221531293046976519
1221534414175232000
1221536535486615557
1221530534653976576
1221532577451970563
1221529122599366656
1221526006239883267
1221526164545536002
1221537957993013248
1221531265968431104
1221530004749615104
1221532011095117824
1221534837212766208
1221532684117143555
1221530307007934466
1221524394683424770
1221526934489722880
1221535247721996293
1221523293959860224
1221526730659094529
1221536316573343745
1221530474486599682
1221536981336952842
1221529549701173249
1221534192435126273
1221527241445777409
1221535622738980867
1221533273085685761
1221529852601303042
1221533088016105472
1221525028581199872
1221525628127608832
1221531238894391298
1221533198447935490
1221534052357935105
1221533645703245825
1221534359737507841
1221525819991846912
1221536604512145409
1221531473792000000
1221531312541929472
1221529356356337664
1221537462515728384
1221535805283471360
1221528520754515970
1221526989942558721
1221527728781840387
1221529401180839941
1221531410558869505
1221527296835608577
